ID,Cluster,#1,#2,#3,#4,#5,#6,#7,#8,#9
Q9MAM3,1,0.0371563857925106,0.0343410226029615,0.037231555427052,0.0380607451250043,0.0240028559976136,0.0381187850070497,0.470482784096215,0.174869659147501,0.145736206804092
Q9MAL7,1,0.0383921020659086,0.033662289313056,0.0445357455611619,0.0421780241715233,0.0225693294824589,0.0446556248065822,0.377706751641225,0.310747771254559,0.0855523617035256
Q84JH9,1,0.0626407530130172,0.0545804029641723,0.0672543142273007,0.0678888726629106,0.0358171204799897,0.06929491802655,0.257685510546517,0.225875074335474,0.158963033744069
Q06402,1,0.0357289497134684,0.0320831888626624,0.0427825952757598,0.0391644996984876,0.0234312648401061,0.0421674448983587,0.389536467601862,0.235262506049104,0.159843083060191
Q8GUH2,1,0.040381815276051,0.0379370451341033,0.0393994001488221,0.0409838599417131,0.0288252538450106,0.0404908840505088,0.432302534058674,0.142301456790447,0.19737775075467
Q9LMM0,1,0.0234896609150614,0.0222580644614894,0.0237421982044176,0.0239082802321114,0.0170939877628922,0.0240793517571005,0.549847078797453,0.104156531579982,0.211424846289492
Q9LPC1,1,0.0255820658409408,0.0225051048446943,0.0307638237002935,0.0283556860745144,0.015313521903226,0.0305336473677119,0.478136025340282,0.289557506133533,0.0792526187948035
Q9FZ21,1,0.0237261700072931,0.0223154427670921,0.0247286365376609,0.0245081773054211,0.0172590542272784,0.0249594707450712,0.573605987665747,0.10920751094701,0.179689549797427
Q1PFZ3,1,0.0443620893494474,0.0436806565335422,0.0425461387762008,0.0438497051389471,0.0373482129214408,0.0432568853759266,0.334768148093636,0.118123291403311,0.292064872407548
Q9SRY3,1,0.0287592275738254,0.0253327994970973,0.0347503874137583,0.0318334930322614,0.0172813730943168,0.0343730624420013,0.415571573643172,0.333843431435315,0.0782546518682525
Q9ZVS4,1,0.0342859753194915,0.0312764221158128,0.0365033552242688,0.0361155963499547,0.022438423389931,0.0369555900815052,0.515933305560594,0.173563034250513,0.112928297707929
Q43383,1,0.0380109109029651,0.0341970170360948,0.0443121847426385,0.0415037247984594,0.0253354927290158,0.0441381287387041,0.347644564893215,0.198830498010519,0.226027478148389
F4I2G0,1,0.0261370048351713,0.0250056435402555,0.0264704823582415,0.0265821702290814,0.0202265859607833,0.026783101024495,0.473265519302895,0.100727493880034,0.274801998869044
Q5XEP9,1,0.0265671186846026,0.0256213431266474,0.0252493455382486,0.0263780700949536,0.0200609870973644,0.0259123676697861,0.390622536531852,0.0907373450666491,0.368850886189897
Q8RY24,1,0.0549103291787744,0.0504711954623498,0.0592960883093405,0.0576967285861024,0.0362428446821613,0.0596651092712104,0.275299819036421,0.207159038534159,0.199258846939481
O23035,1,0.0268207054300364,0.0260021036591833,0.0254193402837197,0.0265820080617523,0.020907671869021,0.0260674162209384,0.419298812966138,0.0853925237127921,0.343509417796419
Q9LNE7,1,0.045048349824999,0.0438165112686196,0.0445410546763929,0.0452768413386667,0.0374776703078504,0.0451487504611145,0.308895736507102,0.1223571733859,0.307437912229355
Q9LNE6,1,0.0322510219374662,0.029191783048271,0.0366490729789746,0.0347605187995234,0.0210759981670277,0.0365921398538349,0.480276891757963,0.198868919977554,0.130333653479385
AT1G04513,1,0.0641517403671256,0.0583936190833003,0.0657502524850856,0.0676007584085228,0.0427034876758739,0.0677381568323528,0.251051560702711,0.164239670057921,0.218370754387108
Q9SGD6,1,0.0360325860570015,0.0325231317702018,0.039985773128555,0.0384362851346658,0.0225040058073222,0.0401141515326454,0.436486663137346,0.251672622555992,0.10224478087627
A0A178W456,1,0.0195351324345157,0.0181780796043642,0.0201959291784023,0.0202005579362355,0.0134356899196638,0.0204834694644965,0.679776159454185,0.0998880651057133,0.108306916902424
Q9FRR8,1,0.0222455847831206,0.0209742290204197,0.023133310214065,0.0229293070613974,0.016233292215237,0.0233506887984003,0.560585014083041,0.1033068456971,0.20724172812722
Q9XFR5,1,0.0339092679300429,0.0306438333653193,0.0388979668972332,0.0367070912176938,0.0221512143424797,0.038848139791299,0.390505020767079,0.210570552825353,0.197766912863501
O80494,1,0.0266021573470502,0.0235299817741747,0.032571473693119,0.0296227022518983,0.0167839204332568,0.0321400604912791,0.475539263796377,0.260816151227617,0.102394288985228
Q8LC45,1,0.0361286008046367,0.0343584091214637,0.0379924675721113,0.0373147932003236,0.0283595207389782,0.0381473731312017,0.356645335945391,0.12787620142827,0.303177298057625
O04089,1,0.0373347828779237,0.0345226474336825,0.0395667693935833,0.0392497809060754,0.0264245653961627,0.0400802198423759,0.436965599449308,0.152349199464085,0.193506435236803
Q9SXA5,1,0.0485335536759178,0.0445853801309006,0.0487515711363412,0.050021706770347,0.031043878754448,0.0500589694677066,0.334072025249622,0.181855804751393,0.211077110063324
O65788,1,0.0160815511770008,0.015223852171383,0.016220615919836,0.016387179165341,0.0117435379936799,0.0164762222920752,0.651225890853654,0.0714921534802415,0.185148996946789
Q96514,1,0.0279523894995047,0.0267595488238978,0.0277703427044922,0.028245480799168,0.0215262502736607,0.0282194092235062,0.495209320041184,0.103418808777537,0.240898449857049
Q9FX55,1,0.0312540945221997,0.0292984093475674,0.0331851863357546,0.0325385450587828,0.0226865280885404,0.0333901672300466,0.46254624910371,0.139036166258956,0.216064654054443
AT1G13448,1,0.0653713639403545,0.0602458375643887,0.0647250078213871,0.0671585212243743,0.0423780764666671,0.0668031206389415,0.248975114976789,0.190464210091683,0.193878747275414
Q8VZN5,1,0.0453418935261236,0.0401668520013987,0.0557302968374801,0.050653096732038,0.0295657821437669,0.0548856273524856,0.343871423784821,0.253360006997029,0.126425020624857
Q9XI72,1,0.0221094935996735,0.0208553762083874,0.0229149402946224,0.0227426289932692,0.0161601593155341,0.0231303826386742,0.56381457913047,0.102552486525529,0.205719953293841
Q8RWX7,1,0.024434761632408,0.0216404427024744,0.0289107516215831,0.0269053319091127,0.0151947905747795,0.0287611397345833,0.537720881028428,0.222426814901948,0.0940050858946829
Q9LMR5,1,0.0232116859624122,0.0211722756239702,0.0246451647681051,0.0244361243737039,0.0151357152359568,0.0250143982484821,0.576521704440601,0.134114019282733,0.155748912064036
Q8GXQ3,1,0.0471475669228865,0.0434953417910604,0.0465453007025485,0.048546491575923,0.031640858335197,0.048060540132734,0.363974873442929,0.159532526223643,0.211056500873079
Q9SA36,1,0.0303079910093025,0.0279949978608261,0.0314498135411977,0.031483574741123,0.0200924557253625,0.0319503615934657,0.549308157218599,0.148481552957961,0.128931095352162
Q9SHI3,1,0.0491269152155864,0.0471320609704141,0.0452786025769236,0.0487113957071041,0.0372360685394118,0.0470167705114234,0.318355435990079,0.126729182960543,0.280413567528515
Q9LMS3,1,0.0419344349507461,0.0382512607219516,0.0456747749550793,0.0443625397844808,0.026744345779063,0.0459356829328669,0.414884004615258,0.21357935999461,0.128633596265945
Q9M9U5,1,0.0452562024776264,0.0401486076420861,0.0494839668419252,0.0486268863475573,0.0266290971384596,0.0502302155084379,0.383012037317602,0.251522460421388,0.105090526304917
Q9LMC9,1,0.0410575729735161,0.0394564091540903,0.0408014229316271,0.0413892130380217,0.0318818638190817,0.0413938354505597,0.398595680610623,0.140588474560026,0.224835527462455
Q9LN60,1,0.0373615704537109,0.0354586851376526,0.0364933708763629,0.0378034773782317,0.0277139686016818,0.0374250886625068,0.367340998487851,0.117561100696799,0.302841739705203
Q93WK6,1,0.0517461888229037,0.0464323938853768,0.0583786895743208,0.0562426896305482,0.0337350511767023,0.0588604773643326,0.281148232609216,0.1988424530973,0.214613823839299
Q9FXH5,1,0.0291916319297711,0.0275678980906959,0.0282521405159354,0.0293511862579924,0.0203572516413113,0.0289961608299828,0.539438067242032,0.115062102890339,0.18178356060194
Q9FXI2,1,0.0400646507782692,0.0362602236239442,0.0444002490716433,0.0430652736446913,0.0266367551631845,0.0447176963352874,0.425064109694797,0.191743332773983,0.1480477089142
Q7XJ58,1,0.046753221985929,0.0413849449790306,0.0516147115640943,0.0503487630391419,0.0274767268113504,0.0522764651021541,0.330283395966916,0.287216214747625,0.112645555803758
Q8VY80,1,0.0266203104928363,0.0245504335204011,0.0292271505746751,0.0281246939046708,0.0181721279053455,0.0292786621812984,0.482288723271042,0.149860240702048,0.211877657447682
Q9SK92,1,0.0350512794841374,0.0309216016289861,0.0408038164715648,0.0384505044609343,0.021308526090715,0.0407745468086342,0.416556930785177,0.282728818667803,0.0934039756020485
Q7DLS5,1,0.0259153432732932,0.0226038596338396,0.0313546186720594,0.0288816531542312,0.0151566547985629,0.0311447890894607,0.449933313462626,0.323600344693736,0.0714094232221912
F4I4K7,1,0.0272243964943566,0.024173206462629,0.0334678053509295,0.0302671789899458,0.0174099923366531,0.032912799204605,0.464357794959751,0.264284622554795,0.105902203646335
O23120,1,0.0231835413332924,0.0207872248426778,0.0272201173219205,0.0252958232753943,0.0148394238420085,0.0270076122869801,0.554744437282403,0.214467149412912,0.0924546704024114
Q9ZUC4,1,0.0418627014128424,0.0362644025933461,0.0481427091795496,0.0461613961637349,0.0234895326378807,0.0486349308919552,0.345626005012757,0.319627429003128,0.0901908931048059
Q9FZ93,1,0.0384496101459273,0.0341060179619865,0.0446783096996418,0.0421725267824449,0.0237563680963252,0.0447874236650982,0.34616994154098,0.248297418717159,0.177582383390437
Q9SGN6,1,0.0313124157767618,0.0275567699892122,0.0375420418278487,0.0347431793589389,0.0192157410226139,0.037318424143599,0.434231094790864,0.279188032056513,0.0988923010336486
Q9SA87,1,0.0510555600740572,0.0446231900817245,0.0656950593944531,0.058174610586616,0.0324710330959079,0.0642091882817691,0.28624698258933,0.277571040864237,0.119953335031905
Q949S2,1,0.0261732553398869,0.0243077301618893,0.0274767587494299,0.027213861846071,0.0181537154928681,0.0277526350276995,0.593499268506736,0.127724703204963,0.127698071670456
Q9C858,1,0.032691554424869,0.0285427366956589,0.0418629604100075,0.0371126565456847,0.0202946168849343,0.04097846329436,0.365463244145889,0.332211140409324,0.100842627189273
AT1G31935,1,0.0353956875016993,0.0341404754579328,0.032546583194596,0.0348040273913908,0.0262433548634102,0.0336855663210099,0.381249420750456,0.10739406009419,0.314540824425315
Q9C615,1,0.0382984105920218,0.0349283415880749,0.0412181417568707,0.0402889135242732,0.0244782236279732,0.0415635758305055,0.409011826721415,0.215263459064878,0.154949107293988
Q6NNH5,1,0.0201215998138261,0.0176341114734345,0.0240059493668785,0.0223111955391054,0.0119857534944042,0.0239351525464587,0.54546483248818,0.262619816599373,0.0719215886783399
Q9C876,1,0.0347036036362967,0.0330814828465084,0.0347422063757091,0.0350894605657482,0.025152896707509,0.0352327159978772,0.461177671975987,0.138270416239323,0.202549545655042
A0A384KC76,1,0.0303126648139465,0.0282611514180132,0.0313245292195074,0.0313494960989627,0.0210642007794703,0.0317605990977935,0.546454606228463,0.133426642902091,0.146046109441752
Q9FEC1,1,0.0565614408150665,0.0502746529550732,0.0601785812820468,0.0604235934948972,0.0345226096753508,0.0616397924142027,0.281836527920352,0.213468684181216,0.181094117261795
Q93Z38,1,0.0326796602425173,0.0317472063339326,0.0310969573994617,0.0323742438248527,0.0258303292304792,0.0318246299468128,0.395054941764362,0.103742462648329,0.315649568609252
Q9C7I1,1,0.0164492415218449,0.0154777026811716,0.01650173558669,0.0167527295506952,0.0115302344892077,0.016803836240939,0.702786983498615,0.0782567881995141,0.125440748231322
Q6R8G2,1,0.0291799699280324,0.0268302735529009,0.0313807138329337,0.0307898103809196,0.0203053932190278,0.0316872917563323,0.437942150881123,0.137281871204972,0.254602525243758
Q9C8F3,1,0.0500793857704196,0.048731401338776,0.0469856766584227,0.0495580261472695,0.0390215070556164,0.0483639988283578,0.312004603065419,0.129634786130661,0.275620615005059
P0CH31,1,0.0504249219113531,0.0473883382840577,0.0497663056687538,0.0515325450282966,0.0358363144765448,0.0511424490451475,0.309596561115055,0.149846101586436,0.254466462884355
Q7G1L2,1,0.0278030125311028,0.0246799811633247,0.0320159980534913,0.0303041837170889,0.0171425140697903,0.0320222729223328,0.517331945158839,0.223100738654985,0.0955993537290454
Q94LA9,1,0.0415474873131579,0.0395097102429001,0.0419189959242231,0.0422789128904237,0.031135565766051,0.0424806271031099,0.352183386529051,0.13242073118863,0.276524583042454
Q8LC30,1,0.0256940854242555,0.0225445098840487,0.0307170467337204,0.0285048344696358,0.0155196453509914,0.0306038642925139,0.472978590224286,0.273983128438902,0.0994542951816459
AT1G48698,1,0.0406846099064657,0.0364675336743598,0.0434315375980773,0.0433826400067732,0.0252574459587027,0.0443744647457656,0.380184285280691,0.200931592480067,0.185285890349097
Q1G3E1,1,0.0310351948009761,0.0287869615710781,0.0335020779763898,0.0326107002376483,0.0218685380589158,0.0336541168667492,0.500380858413761,0.151737577203341,0.166423974871141
Q9XIB6,1,0.0258389121379344,0.0239824897217271,0.0274664039874978,0.0270488362394819,0.0180082239387618,0.0277428764531412,0.524276147214261,0.128680910516072,0.196955199791123
Q39102,1,0.0610241956428621,0.0549304472162147,0.0636855536091384,0.0644321321712624,0.0387525511372602,0.0652422023867808,0.269031370401726,0.195424250664054,0.187477296770701
Q944R3,1,0.0254753048886122,0.0220608411662237,0.032085959059627,0.0289184425250139,0.0151499711469361,0.0317025018213806,0.396570592762849,0.357083674327652,0.0909527123017057
Q9C8K0,1,0.0443552135072448,0.0390887858446652,0.05335091025125,0.0493621670088936,0.0278577484696682,0.0529660826820104,0.361999013491962,0.255023813828498,0.115996264915808
Q9C8H6,1,0.0380983522118984,0.0339895762717807,0.0440931259426362,0.0413801590645337,0.0236321771659021,0.043921464538881,0.374806828091366,0.294057990875259,0.106020325837743
Q9LPH1,1,0.0241504991246953,0.022067452127251,0.0263954798561079,0.025550801316866,0.0158276872070733,0.0265388425785415,0.550178484403874,0.164177908521318,0.145112844864273
F4HRK6,1,0.0359232623234184,0.0349095080169846,0.0343931654324566,0.0356320745175013,0.0282697035350417,0.0351076586019996,0.445455679261068,0.114701370504102,0.235607577807428
Q9C8M2,1,0.0380631780611487,0.03322849716927,0.0451643768584797,0.0421234498619491,0.0221402670182923,0.0451079584341871,0.337536553562956,0.322408584061926,0.114227134971791
Q9SYF3,1,0.0576223299078621,0.0533532271139801,0.0562878823224719,0.0590331508026204,0.0376995548919682,0.0582065204572533,0.310558589580152,0.164131833228607,0.203106911695085
Q9SYH0,1,0.0303410624463642,0.0273887318224198,0.0354704193026832,0.0330391585424328,0.0201357025503418,0.0352137050705514,0.455724230115532,0.214012139395098,0.148674850754577
A0A178W0W8,1,0.0284411006540173,0.0258113740219018,0.0313089010706424,0.0302188019589464,0.0181268533396388,0.0314438175475108,0.530299370717964,0.206649180531604,0.097700600157774
A0A1P8AVS4,1,0.0548195991678726,0.0482446602355655,0.0635243513867713,0.0604852831518519,0.0334934006263244,0.0639588691533217,0.265893069835981,0.229633285764002,0.17994748067831
Q9C7K7,1,0.0366850427413632,0.0329881266790138,0.0403186341303614,0.0390898793147789,0.0222627660400256,0.040620814382727,0.425486127314088,0.260536252903035,0.102012356494606
A0A1P8AQI7,1,0.0383128980376466,0.0353293709879876,0.0408786835095695,0.0402673943202543,0.0271559046347432,0.0412339563362548,0.447821295378036,0.15958756928454,0.169412927510969
AT1G08173,1,0.0504894940386571,0.0454567307178351,0.0541223282364685,0.0538025194217927,0.0314423695967742,0.0550812783341992,0.342788977614546,0.203999814919585,0.162816487120142
Q9C508,1,0.0200982243500435,0.0185094966389681,0.0214403036479644,0.0210967882736057,0.0137948839043486,0.0216488379008207,0.626043067179795,0.108456155983855,0.148912242120599
AT1G08217,1,0.0599305386505552,0.0547320516561223,0.0634339984217851,0.063543330558937,0.0412420355397231,0.0646706890075258,0.244167071948713,0.166654380710383,0.241625903506256
Q9XIF8,1,0.0302646231287101,0.0283871490999203,0.0307765507729463,0.0311487426529318,0.0220602281518285,0.031360806867457,0.384742351781812,0.119500776591571,0.321758770952823
Q8LE59,1,0.0309969597359483,0.0289085013898547,0.0325618564135909,0.0322710378075611,0.0220343047847305,0.0329236949833492,0.505742985616645,0.137330990220408,0.177229669047912
O22721,1,0.0410670169654242,0.0385406276045748,0.0418535534343275,0.0423244093997303,0.0293985064865976,0.0426270624320406,0.385057319514415,0.150468081587434,0.228663422575456
Q9SY91,1,0.0235869369857961,0.0223761519640266,0.023720540290914,0.0239937719238871,0.017425763902335,0.0240948337857519,0.535471754485451,0.0980429572441218,0.231287289417717
Q1G3Y0,1,0.0205776955664372,0.0183398868796706,0.0235025256964299,0.0223489136940176,0.0128507931453153,0.0235590635818893,0.596400397010232,0.189446571735928,0.0929741526900803
O80690,1,0.0384507474668655,0.0363797916316062,0.0362330798234453,0.0384439145864402,0.0269627562817459,0.0375012936208219,0.403124298370705,0.126347352103069,0.256556766115302
O80698,1,0.0358397664310456,0.0324259816506602,0.0403864532609407,0.0385537868740727,0.0234055894521251,0.0404077306555,0.461939647370849,0.20907838588781,0.117962658416997
A8MRV9,1,0.0386067450621582,0.0339894599712316,0.0474834313096668,0.0431925270364517,0.0246345223415572,0.0468569105889995,0.365280162854412,0.258251986998721,0.141704253836802
O48801,1,0.0366672270026123,0.0352877389700331,0.0358205267029012,0.0367955479508796,0.028194537160805,0.036495870359362,0.449141443035746,0.118881042759659,0.222716066058002
P0CAN7,1,0.0308348644984797,0.0270497521793222,0.0377450984600268,0.0343977689382495,0.018197077190264,0.0373715171172384,0.368753661649282,0.345123377027087,0.10052688294005
Q8H191,1,0.0376037575014751,0.0331197085167518,0.0465061674900252,0.0420454383626523,0.0233150923843114,0.0457534798986743,0.370896516137619,0.30699021926197,0.0937696204465208
Q9C710,1,0.0429926137361126,0.0382389248969603,0.0475710554438083,0.0461998037402018,0.0253268633733746,0.0481314334643698,0.350326235433072,0.274650997883398,0.126562072028702
AT1G67328,1,0.0394952268384672,0.0344041332038323,0.0448345811986353,0.043391283072045,0.022587373093882,0.0454431500485057,0.374977704029252,0.282348352803995,0.112518195711385
Q84WF7,1,0.0434988361758007,0.0381142077434492,0.0515108116389529,0.0484024348940713,0.0263762751704726,0.0516134087106284,0.334157667820826,0.278754156717126,0.127572201128673
Q9S713,1,0.0667180581160476,0.0614423501350405,0.0629391181809262,0.0678368254044879,0.0443510836408076,0.0658052549423032,0.239273292534175,0.154391138888911,0.237242878157302
Q9LQB4,1,0.0511741085861072,0.046267078717665,0.0568905412420904,0.0549448875177666,0.0331116390704893,0.0572824144980145,0.295711977216692,0.220781901845172,0.183835451306002
Q94A41,1,0.0405844767569064,0.0367644599734338,0.0469398442158476,0.0439608948391558,0.0267956525126382,0.0467182029856677,0.3278231836091,0.217835984655889,0.212577300451361
F4I5D4,1,0.0365124623678374,0.0329271823906307,0.0408857593059916,0.0393985216630193,0.0241978420219938,0.0411773366145548,0.355053414093519,0.185644834591512,0.244202646950942
Q8GUJ2,1,0.0332533428106445,0.0299949627384157,0.0381411522785679,0.0359672790395641,0.0216629251667987,0.0379772814231823,0.480811605566807,0.213638087541428,0.108553363434592
Q9SSJ7,1,0.0302413117278516,0.0269262181004517,0.0357211332327065,0.0332447470063524,0.0190416767322966,0.0355150102580327,0.475705361744712,0.238457083391568,0.105147457806029
Q9M9H2,1,0.0282013354249295,0.0256689640290977,0.0309089361282917,0.0299927399587672,0.0184603097939759,0.0310929281308067,0.561086735498871,0.166293857095467,0.108294193939794
Q9C8X0,1,0.0540721114360152,0.0479959926228466,0.0602669025980304,0.0586999450883349,0.0339290181955089,0.0610471460458384,0.304134841587804,0.232708876237179,0.147145166188443
Q84W40,1,0.030921834205645,0.0273379366754555,0.0376680508175102,0.0343073450749287,0.0193283118492473,0.037135661701419,0.427161963030393,0.292165486162301,0.0939734104831001
A0A178W4J6,1,0.0290361560085659,0.0263956236549576,0.0303381698860433,0.0304186828736683,0.018271644715496,0.0309394633861529,0.524604864085581,0.173580067153475,0.13641532823606
Q8H0T5,1,0.0423370903710824,0.0382469966244051,0.0459762653433493,0.0452049253099356,0.0268026298835022,0.0466060350793335,0.406110302757245,0.203569181037829,0.145146573593318
Q9C9E1,1,0.036095708448598,0.0337943606503191,0.0360629028047159,0.0369290679638278,0.0251185563518428,0.036910063168028,0.408487412529412,0.132437554102936,0.25416437398032
Q9CAU3,1,0.0467001932612977,0.0446629725467654,0.0451922375864161,0.0469881508225118,0.034843253960738,0.0463446789584484,0.317787867569188,0.130346273948641,0.287134371345993
A0A178WHC7,1,0.0280453084437657,0.026746480107697,0.0281191316125638,0.0284506558663984,0.0207626352846995,0.0285504044051686,0.492395998083517,0.108098350404122,0.238831035792067
Q9C9U3,1,0.0378914638606653,0.036495993825454,0.0365022809588734,0.0378387688155425,0.0295402841374433,0.0372939932192347,0.418484172876087,0.115446425880655,0.250506616426044
Q8W568,1,0.019057000303186,0.0178425185716709,0.0195711942471294,0.0196165058269935,0.0134579454426547,0.0198543438224645,0.616894568276849,0.0900473649976918,0.18365855851136
P94111,1,0.0228630758360248,0.020832931062349,0.02498353611625,0.0242114981095054,0.0147621472548679,0.025112621047819,0.617211812008891,0.161236234032581,0.0887861445317116
Q9CA57,1,0.0393215598533144,0.0374634008103902,0.0389695519347621,0.0397864475515276,0.0293143042064503,0.0396841669640161,0.431633826365775,0.137461114863601,0.206365627450163
Q9CA52,1,0.040829155150463,0.0380960852539675,0.0422156510065616,0.0421220932914228,0.028948623329051,0.0427342165227828,0.402376551906083,0.169106704381213,0.193570919158455
Q9S7H8,1,0.0237644038874506,0.0208613643762236,0.0292787588021979,0.0265549682750644,0.014375612151452,0.0289271190869856,0.430803458309158,0.33228273136444,0.0931515837470275
Q9SGS5,1,0.0182328060774273,0.0170563422728592,0.0186335251069277,0.0187559485489207,0.0127059530237485,0.0189372229862925,0.677130193100171,0.0877597756168959,0.130788233266757
A4FVS9,1,0.0142606979110093,0.0130590778424907,0.0157478613337111,0.015150602475376,0.00971148964356573,0.0157786717436771,0.723697471184719,0.0949258073469089,0.0976683205185421
Q9C9R4,1,0.0502199740584586,0.0444066279894337,0.0568605852878914,0.0547326399224815,0.0308806892549054,0.0573680265232881,0.292202764401678,0.242491330395398,0.170837362166465
Q8RX60,1,0.0466679738127247,0.0422206827048743,0.0535444603389923,0.0506361975085626,0.0315783585685614,0.0534764893030422,0.310220782111599,0.203753240251702,0.207901815399942
Q9SSC1,1,0.0308468439042834,0.0278676963257386,0.0334841511950266,0.0328193253319869,0.0194816205593524,0.033922417498404,0.45159819286041,0.192795238631002,0.177184513693797
Q9LFB1,1,0.0287393950608455,0.026331478808669,0.031159012192805,0.0303173361869887,0.0191279312193798,0.0313140499807316,0.558395487166151,0.162434111167372,0.112181198217057
Q9M040,1,0.0437583638153618,0.0394165072147044,0.0461991736654193,0.0464723982347433,0.0281068591004866,0.0472892765226321,0.356853951871784,0.190494857378571,0.201408612196297
Q9LZW4,1,0.0264519633837451,0.023960847227043,0.028153156233713,0.0279370112528342,0.0167890923349918,0.0285896241270794,0.585099018611289,0.152338633762966,0.11068065306634
Q8GYS4,1,0.070578145483655,0.0617435468754162,0.0786980180241231,0.0775865628831734,0.0413028348090256,0.0804534855976421,0.220416649506238,0.212156383824868,0.157064372995859
A0A1P8BF18,1,0.0237153852047071,0.0225121074482246,0.0244831126021814,0.0243438364350521,0.0179087329121535,0.0247147619780934,0.439575654486387,0.0957101481816397,0.327036260751561
Q9LZ46,1,0.0326392791331425,0.0290977631958324,0.037110367942467,0.0352642074041956,0.0195666126559174,0.0371699050360287,0.427834018733372,0.28837911256221,0.0929387333368348
A0A178UH50,1,0.0369300017996326,0.033597124019713,0.0418720974954311,0.0396274562043714,0.0243966368050056,0.0416901011720475,0.445759295088683,0.208458114843772,0.127669172571344
AT5G03285,1,0.0302815651992876,0.028066991906021,0.0325278501972934,0.0317244669085459,0.0205677003425805,0.0327345398079602,0.486569706723125,0.161278808004077,0.176248370911109
Q9LZF4,1,0.0269175078624686,0.0243262306220446,0.0299949937971698,0.0289076067322851,0.0178051831518588,0.0301275210083796,0.55990654634179,0.158955684214626,0.123058726269377
O22533,1,0.0400317499080389,0.0360850754031506,0.04218411209133,0.042141972825768,0.024528617877007,0.0430012341550015,0.416191335987907,0.220017502895469,0.135818398856328
Q9FF65,1,0.0323206702133543,0.0295333505733775,0.0335123979897398,0.033738073693939,0.0209465188745069,0.0341998798247788,0.462588095340073,0.164976334029315,0.188184679460916
Q9FLB1,1,0.0193035878582784,0.0178342520885416,0.020261360008642,0.0201141553553863,0.013141097569555,0.0205223092418285,0.633692720105356,0.105875831467344,0.149254686305068
Q9LHS8,1,0.0580840475076869,0.054169626606494,0.0583963888429032,0.0596705996162858,0.0405317005789976,0.0596951633795357,0.260731029643077,0.156409246099909,0.252312197725111
Q9FFZ7,1,0.0280321723523777,0.0263012972117036,0.0288327505419075,0.0289015076480658,0.0203022717497308,0.0292289743253256,0.51650924014681,0.113887626289816,0.208004159734263
A0A178URN4,1,0.0285261618355657,0.0264648379669618,0.0291560425950008,0.0294084487248916,0.0192811641833763,0.0296871796613491,0.543698943691226,0.144380459070482,0.149396762271146
Q4PSG2,1,0.0560917713921461,0.0496983296238482,0.0610673392606766,0.0607933295552459,0.0347778862599152,0.0624767017396524,0.270809150263399,0.197449591858021,0.206835900047095
P0C1T5,1,0.0315194731067919,0.028677818700478,0.0355775421735827,0.0338187546467648,0.0209214555003829,0.0355106645304357,0.494141754078232,0.188266192275676,0.131566344987656
Q9SBF3,1,0.0231981284008648,0.0204460063422498,0.0277616284681301,0.0256086277463409,0.0138918328098497,0.0275606172734978,0.476428859412274,0.305100738346724,0.0800035612000687
Q8VZB2,1,0.0273580037846115,0.0239368966670889,0.0316218473647023,0.0300951570744365,0.0159196647437592,0.0318240914254626,0.46504698775571,0.284163168018174,0.0900341831660549
Q8RXY3,1,0.0373195776846885,0.032689473710946,0.0447768655944157,0.0414397644775933,0.0218358022595995,0.044615909783802,0.343491629770283,0.315135319390784,0.118695657327889
A0A178UED2,1,0.0402777519633296,0.0373973352489387,0.0409612764171918,0.0416983349616091,0.0288185193761605,0.0418673299558996,0.325732320388088,0.137680670310144,0.305566461378639
Q9LFP0,1,0.0771009518228626,0.0702112886081053,0.0768414707882328,0.0805289805111937,0.0496171709075437,0.0797778100665758,0.211339336924781,0.166477369108986,0.188105621261719
Q9LYD5,1,0.0422374709489441,0.038022927344929,0.046963509177389,0.0454802588194467,0.0273352760705904,0.0473151266425301,0.385712539695571,0.2133203350049,0.1536125562957
Q84WM9,1,0.0404828727628555,0.0382843178788272,0.0419743013342335,0.0416744384148821,0.0295740884079702,0.0424261789366732,0.312545093841744,0.14474834057771,0.308290367845104
A0A1P8BET2,1,0.0443513244011229,0.0414505374266894,0.0427817500512532,0.0447205975054322,0.0293828573098794,0.0440601257223273,0.418709389878692,0.167535577722211,0.167007839982392
Q9LXV0,1,0.01476889689478,0.013449529265479,0.0161385148481079,0.0156887903083076,0.00979087654278408,0.016257510291378,0.724795403844645,0.102544129717223,0.0865663482872956
Q9LYV6,1,0.0433721837639574,0.0386152369661854,0.0516122740398858,0.047641559778745,0.0270488971226206,0.0511176175054583,0.336834397585682,0.294774004375438,0.108983828862027
AT5G02095,1,0.0439388258495772,0.0390291203565787,0.0524579208991114,0.0485462533546069,0.0278000986632261,0.0520721519756452,0.331984416835562,0.270611518937916,0.133559693127777
Q9FNB5,1,0.0359985507476407,0.0343140500679181,0.03594441024323,0.0363583634541652,0.0264755825950983,0.0364570659125429,0.426749383769552,0.137654101912266,0.230048491297587
Q9XIW1,1,0.0514813894092686,0.0457541828864341,0.0557384083503928,0.0555053069763391,0.0310129339261574,0.0569804680056437,0.323975516598657,0.213454583256537,0.16609721059057
Q9FFY3,1,0.0313026179249278,0.0294820332213299,0.0305672396655729,0.0316118425079806,0.0217062223082953,0.0313445428306257,0.497723196155786,0.129315209979919,0.196947095405562
Q9LF22,1,0.0363917851624274,0.033551594321475,0.0393783371688785,0.038367406769063,0.0249306321595608,0.0395849588878923,0.464605568334106,0.166118558801559,0.157071158395039
Q9FFE6,1,0.0561943679800185,0.0522767015313902,0.053313713042433,0.0568682477516502,0.0383679789882331,0.0554286617513992,0.28747532056976,0.153806367154765,0.246268641230351
Q9LF64,1,0.0457465548916982,0.0403290764255046,0.0530059639645504,0.0500651218970687,0.0272507550210928,0.0531399627478914,0.296403421832638,0.291185286724058,0.142873856495498
Q700D5,1,0.0286010579882172,0.0260025422862961,0.0308570246876409,0.030384845566271,0.0185491886420018,0.0312742303161334,0.521217191678174,0.155864218078839,0.157249700756427
Q940K1,1,0.035866545323045,0.0326874535460787,0.0371939835499957,0.0374588262319839,0.0228674269958995,0.0379148790849584,0.507464785277734,0.175053340398299,0.113492759592006
Q84VZ5,1,0.0351232678507241,0.0343097880141549,0.0332059110675644,0.0346849672942589,0.028082963445673,0.0339942918731813,0.411170730176862,0.104469210599914,0.284958869677667
A0A178UP49,1,0.0255783583506985,0.0227820792298129,0.0311558974622025,0.0283378507691518,0.0164772437073654,0.0307237045077373,0.473459902015111,0.242581272493615,0.128903691464305
P48007,1,0.0532872439610338,0.049146288952566,0.0557014518222142,0.0559072935690008,0.0368078724663112,0.0567229073100241,0.327209782982203,0.183141273807351,0.182075885129296
Q93ZH9,1,0.0429236241382122,0.0398805942166186,0.0437415664518064,0.0442224062602168,0.0295562394588469,0.0445778975540514,0.333625352696316,0.162470849461104,0.259001469762829
A0A384L1G6,1,0.0267579545659804,0.023425302691019,0.033664523170083,0.0301347146474509,0.016162479513494,0.0330931533804332,0.394041525238755,0.346037548749031,0.0966827980437535
Q9FMY1,1,0.0311177650536656,0.0292719847406033,0.0319035030162668,0.0318399898858227,0.0217937549471985,0.0322597093331972,0.516198028273488,0.146662282709137,0.15895298204062
Q9FMX8,1,0.0342461586194203,0.0311889172131291,0.0383924635591718,0.0365563693411621,0.0220256355615067,0.0383613965434955,0.452090768019636,0.221638749674243,0.125499541468235
Q9FMW7,1,0.0252534046090591,0.0226435414046465,0.0278238535805195,0.0270443471279296,0.0156354293338329,0.0280769727050201,0.582207041122883,0.180851844685489,0.0904635654306209
A0A178UT10,1,0.0360430561657197,0.0345696849904724,0.0356373770489085,0.036385959864774,0.0273996002415273,0.0362677265226321,0.404931065357325,0.11728172632417,0.271483803484471
A0A178U9Q7,1,0.0204621358428136,0.0193170892625829,0.0212041283327858,0.0210588914589506,0.015094781376671,0.0214216946006447,0.464255113147584,0.0924599678230452,0.324726198154922
Q9FLV8,1,0.038157945640713,0.0361859298655827,0.0391383114901316,0.0391584502882092,0.0290282842840293,0.0395704477383405,0.438186737627474,0.136868025696757,0.203705867368764
Q9FNF2,1,0.0533400462006041,0.0479844819152868,0.0555096921578971,0.056401022384625,0.0331469951360477,0.0570731499313828,0.281062120396919,0.187762396815563,0.227720095061675
Q6R3K9,1,0.0375168859484572,0.0323391137449743,0.0471496086765922,0.0426783429702364,0.0216469892138247,0.0466459322063323,0.344847458260808,0.337556733387392,0.0896189355913826
P58049,1,0.0406591392538917,0.0372533514228754,0.0437817533263478,0.0429932430457256,0.0282095753976462,0.0442484054590789,0.334731209829679,0.167134018943989,0.260989303320766
P58050,1,0.0308953905329937,0.0268842690973974,0.0391564003830083,0.0350469868814152,0.0187992102313135,0.0385458359727387,0.365005267021092,0.338220867092811,0.10744577278723
F4JWS8,1,0.0455621665352399,0.0415147770296412,0.0511443063634331,0.0486837038521921,0.0294281039783615,0.0511581169711086,0.332886569536836,0.244554069179311,0.155068186553876
A0A1P8BG76,1,0.0757554444668792,0.0663906136893649,0.0788851317603716,0.0814390000314991,0.0436053711302005,0.0819701791319725,0.21532083303351,0.203930608039885,0.152702818716318
Q6NPN5,1,0.0430193459630244,0.0381641335420463,0.047299956928457,0.0463501311601818,0.0259426122941889,0.048022977603645,0.351268594638102,0.236783864376428,0.163148383493927
Q94CI7,1,0.0193472014449786,0.0172049080931238,0.0224487926025576,0.0211266357569818,0.0120291855431223,0.0224253122637349,0.604380925513502,0.195511907529735,0.0855251312522644
Q0WRB2,1,0.0341905752606937,0.0300847212171609,0.0420087450339207,0.0381603747792409,0.0210649098228756,0.0414243552340256,0.390410766239632,0.312719197503262,0.0899363549091886
Q9FG44,1,0.0523651010051031,0.0465405200697591,0.0603453354195242,0.0574277221694054,0.0335082787407627,0.0606366268378317,0.292413454004092,0.235540728049045,0.161222233704477
Q9FHQ3,1,0.0644231068560604,0.0597688331462162,0.0631601296950968,0.0657554264898941,0.0419815878923369,0.0652025220468088,0.254544189966989,0.182668996344544,0.202495207562053
Q8W036,1,0.0276467390039058,0.0248534708168184,0.0314871304883929,0.029808597176032,0.0175117136986455,0.0314222751746733,0.519499779956001,0.222578210746686,0.0951920829388453
Q9FID6,1,0.0380064178974246,0.0357678921193226,0.0391632434234569,0.0392153339735683,0.028137557026184,0.0396716313637387,0.442326767446464,0.141739230501373,0.195971926248468
F4KFX2,1,0.0306583796194116,0.0280252138291318,0.0332104265351852,0.0324294213342346,0.0202703898210159,0.0334577284074857,0.540806550473639,0.166332888814256,0.11480900116564
Q94CD1,1,0.0235304002307665,0.0222851562755398,0.0240321356398897,0.0240419604810742,0.0173251187546982,0.02430968504735,0.550171673328526,0.103788063187941,0.210515807054214
Q9FFS3,1,0.0428047543395034,0.0380872394734138,0.0488708878534143,0.0462204483815785,0.0253896598141345,0.048834400717891,0.332163125505603,0.312336458597716,0.105293025316745
Q9FJ33,1,0.0194305370394999,0.0178941702596061,0.0211618469893114,0.0205241006498751,0.0134223898765953,0.0212533031299906,0.633856024274006,0.114689214669186,0.13776841311193
Q43872,1,0.0301453532067046,0.0279739114302069,0.0313923822604995,0.0312525210651675,0.0205118014292953,0.0317674265393806,0.559267606479894,0.144247346830416,0.123441650758435
A0A178UJJ3,1,0.0310326059962764,0.0273985255183122,0.0362952361323919,0.0341076584737117,0.0186468575275033,0.0362844842361909,0.433325477872714,0.281275504237057,0.101633650005843
Q9FH66,1,0.0460591496826168,0.0438103896690103,0.0465950136677224,0.0468700293649344,0.0336466039562891,0.0471733964205161,0.364651589296064,0.152729408331324,0.218464419611523
Q96242,1,0.0454200421029372,0.0410978706120314,0.0493586202654257,0.0484484575525044,0.0297574366690825,0.0500195439120272,0.323864630868267,0.195836541405291,0.216196856612434
Q9FIY6,1,0.029641875862792,0.0277173250762847,0.0303445420216904,0.0305252354056516,0.0208730206690312,0.0308146394572376,0.531232298252697,0.124973623976788,0.173877439277828
Q8H185,1,0.0628571493632844,0.0576286720756648,0.0611120011310125,0.0644308482483569,0.0407211636440745,0.0634176737972676,0.257058582706681,0.167870051819269,0.224903857214389
A8MS31,1,0.0322938630155735,0.0289487075080272,0.0354906907684596,0.0345905345605445,0.0200246021949423,0.0358641617931297,0.480586368915849,0.226386663171982,0.105814408071493
Q9LU05,1,0.0329694902479734,0.0322214247531981,0.0311500508547209,0.0325413992452209,0.0263367749975901,0.0318912575126992,0.395215482681924,0.0971485975325206,0.320525522174153
Q9FK76,1,0.0295752484489244,0.0280228529509007,0.030498222650938,0.0304159737531777,0.0224530825013433,0.0308278750141875,0.373645287326734,0.106998813509782,0.347562643844012
Q9FK63,1,0.0253923371344946,0.0224308932094387,0.0296213543017855,0.0277774351145075,0.0150709043210252,0.0295665664372207,0.481950238800218,0.291033512954087,0.0771567577272221
Q9FJ55,1,0.0264975859724301,0.0259218695326655,0.0250191952524969,0.0261129952594337,0.0213197044154268,0.0256017354747596,0.407010539815742,0.0828108826027188,0.359705491674327
Q8LET2,1,0.0288135045016641,0.0270729294048219,0.0286200063668117,0.0293536678624582,0.0201818039323131,0.0293002110648706,0.41706373847484,0.116769578959022,0.302824559433199
Q9FNL6,1,0.0346768575688602,0.033670714804699,0.0335071567040441,0.0345500263854246,0.027772824103602,0.034148139991623,0.419242752154825,0.107976223300368,0.274455304986554
Q9FGL2,1,0.0310845342245641,0.0276473137353274,0.0374587181368726,0.0342867859587932,0.0194823981938053,0.0370360043494518,0.395821519481307,0.271771888715843,0.145410837204035
Q9FGK4,1,0.0269589017739831,0.0264784394884518,0.0249249278370854,0.0263261987287733,0.021486495726147,0.0256045282291298,0.403054665485126,0.0815070821827719,0.363658760548532
Q84JS4,1,0.0176941914891269,0.0160097227085904,0.0202383673790481,0.0190786114039858,0.0115229133009776,0.0201752987908222,0.642289714494291,0.152944525058321,0.100046655374837
Q1ECG7,1,0.0305798541916894,0.0267945498044937,0.0375058573026503,0.0341717424089385,0.0181554106767918,0.0371380089066668,0.374361725155375,0.341072309958579,0.100220541594816
Q9LV60,1,0.0285203836509565,0.0269842003684137,0.0293890921312119,0.0293611363855967,0.0214286276618954,0.0297498746058327,0.385451172819906,0.106999553468612,0.342115958907575
Q9FKB9,1,0.0381568760636467,0.0358206963420052,0.0392350434956785,0.0393854808700339,0.0282654909850831,0.0397652274549296,0.43769792714598,0.135582175254943,0.2060910823877
Q570C8,1,0.0399985088401887,0.0357420127880295,0.0446414630355196,0.0432694270452822,0.0248204717909878,0.045061556731406,0.42216136147285,0.221965237331366,0.122339960964371
Q0WQJ1,1,0.0542920869408434,0.0499897757992259,0.0561355244797222,0.0565508021691771,0.03756450878796,0.0572071776734056,0.275078216647248,0.174157687387725,0.239024220114693
Q64J17,1,0.0369562011722904,0.0336115927225559,0.0413822076182251,0.0395355230872755,0.0247324858150884,0.0414348127108513,0.371813873430723,0.205055541048376,0.205477762394614
Q9FK27,1,0.0379839681652152,0.0330527748650936,0.0467428632545974,0.0427035439695595,0.0228245116080877,0.0463899158575808,0.321002376995336,0.31364613309391,0.135653912190621
Q9LU58,1,0.0218266816300002,0.0198256564022803,0.0238991944116154,0.0232086902639786,0.0142967501515051,0.0240634565797902,0.622098657594299,0.147408457678654,0.103372455287877
Q9FLJ1,1,0.0357800260470615,0.0314543045415342,0.0443822363660444,0.0399932559057371,0.0216098038409544,0.0436280445429786,0.369109728976542,0.318881166148657,0.0951614336304917
Q9FLI1,1,0.037935501902592,0.0328642630674574,0.043453735709151,0.041821603976239,0.0211068923098413,0.0439867703923374,0.359673994534302,0.326322761284973,0.0928344768231068
Q9FGM5,1,0.0185896569117308,0.0171200211603414,0.0199729799610912,0.0195418020752555,0.0125949329274139,0.0201287961785687,0.671705574082841,0.111373821415818,0.108972415286939
Q9FI03,1,0.0476907709616135,0.0437227892546725,0.0510423514166343,0.050192965861693,0.0320583470539414,0.0516329672244856,0.310000300601079,0.201715739762078,0.211943767863803
Q9FK25,1,0.0252637887077385,0.0219728766936812,0.030636783090663,0.0282210179426094,0.0146519426454383,0.0304573885114461,0.439269491376653,0.341490196794334,0.0680365142374371
Q9FFT6,1,0.0401272943033071,0.0357061816371941,0.0448997076996635,0.0434071035694237,0.0243480330094178,0.0453859586747565,0.350940895450911,0.248866912056466,0.16631791359886
Q9FLN8,1,0.043061254552378,0.0414504084334113,0.0433151246558581,0.0434709989114707,0.0325904072634187,0.0437531211616788,0.375528290532382,0.145329354297384,0.231501040192019
Q9SCV8,1,0.0324090965892183,0.0303704950292872,0.0326413833914617,0.0331560349912546,0.0226669780123032,0.0332515670770821,0.482365490981123,0.131598806827125,0.201540147101145
F4K956,1,0.0271651776987331,0.0252673112554233,0.028109252608554,0.0281179101860291,0.0187752004596789,0.0284999001153812,0.584091114457021,0.12696694569839,0.13300718752079
