ID,Cluster,#1,#2,#3,#4,#5,#6,#7,#8,#9
O03982,1,0.0469882584279412,0.0675073853093138,0.0559175300756277,0.54822746804554,0.0204850087775431,0.110537308617983,0.03451275662443,0.0460625374490462,0.069761746672575
Q9LMM6,1,0.034545557840805,0.0514302591671455,0.041371567420164,0.641782861469588,0.01617279189442,0.0993279339569357,0.025780354347077,0.0346409330737611,0.0549477408301035
Q08733,1,0.0549586373851318,0.0932877250742484,0.0685879669160379,0.464412360717509,0.0245740609252167,0.102249497731115,0.0397617704399428,0.0482934318790763,0.103874548931722
Q1ECF5,1,0.0300208175371336,0.0419311714129023,0.0350075853544538,0.636503237323398,0.0150068727433521,0.132235517916885,0.0232196890898453,0.0420195618798534,0.0440555467421765
Q9SRX9,1,0.0438206389268518,0.0514632281990779,0.0476073851847041,0.33450285222692,0.0249860522370451,0.317506828502173,0.0367159200411877,0.0915036232908414,0.0518934713911985
Q8GUL1,1,0.0228462480697451,0.0329450219472147,0.0270077207440439,0.745705995436228,0.0108202557898348,0.0823255898837839,0.0172666857089965,0.0261904349773221,0.0348920474428311
A0A178WFU6,1,0.0590808966383605,0.0907596856342774,0.0718539656070187,0.443370333128479,0.0254713492173928,0.116843917376034,0.0428577430556699,0.0537455276470218,0.0960165816957461
AT1G04247,1,0.0530231830697274,0.0667593039715274,0.0593250213801162,0.388310467000799,0.0282085979457395,0.196977486086881,0.0426691009055052,0.0969906820203502,0.0677361576193538
P93830,1,0.0316049903039393,0.0394577090362595,0.0352107236161865,0.466533088247465,0.017544859019188,0.279797397511724,0.025826989343332,0.0635750677485264,0.0404491751733796
Q8VZ31,1,0.0443772756544413,0.0566690734206865,0.0502169208122029,0.431959821982172,0.0231397648720717,0.211555064403898,0.0350098403140087,0.089669160675877,0.0574030778646424
Q8L730,1,0.0452958629246266,0.0557186816848454,0.0503086273256567,0.410950477277745,0.024207946160844,0.248802754940945,0.0367836222107685,0.0711932219766939,0.0567388054978749
Q9MAU5,1,0.0258954127035882,0.0315861573801573,0.0285830444933057,0.486346944031023,0.0143961580411183,0.301590248427726,0.021261736035861,0.0581678092612122,0.0321724896260089
Q9SYK4,1,0.0431413992520855,0.0547355440299818,0.0484894708826499,0.384652045662254,0.0242906693099492,0.273441479570292,0.0350011102779938,0.0799564727043625,0.0562918083104316
Q9C5D6,1,0.0490926115447951,0.0872389521989231,0.0624548271973971,0.521957141179379,0.021147567862087,0.086378220419772,0.0347459504110751,0.0386959157248728,0.0982888134616989
Q96288,1,0.0405919386357943,0.0557703417462871,0.0467261568037356,0.532465597321113,0.0207283579461426,0.149296195445293,0.0319694447511692,0.0638839658564954,0.0585680014939706
P93836,1,0.0381387910959626,0.0466238398352134,0.0421924300577947,0.370544836014132,0.021548301556139,0.288891582396032,0.0312402041785701,0.113672603396887,0.0471474114692695
Q8H1S4,1,0.0545877371418412,0.0823348242714457,0.0655982082466885,0.444737520142986,0.0271482814631308,0.134931352089124,0.0410083092216344,0.0612816729502614,0.088372094472888
Q941F1,1,0.0177468808859141,0.022929437352393,0.0200612552851458,0.705228501822957,0.00941919979625224,0.151361766250159,0.0141678717365586,0.0354625455083781,0.0236225413622419
Q9LMJ2,1,0.0642992393912736,0.0840643167576963,0.0735747903075629,0.358985551319866,0.0309385419968106,0.168170897204953,0.0498865641667006,0.0851139110202318,0.0849661878349054
Q9LML6,1,0.0206565910955974,0.0285079740365667,0.0238857683758319,0.738250658748679,0.010515808214167,0.0980965442512659,0.0161412630671899,0.0340372223268959,0.029908169883806
C0LGE0,1,0.02639019702879,0.0362920455406982,0.0305398829683554,0.653070423578871,0.0136652693041307,0.135128376289803,0.020667342185252,0.0462646285178466,0.0379818345862524
Q9C5C5,1,0.03489482339567,0.0446837607730892,0.0391726645348021,0.487679494462545,0.0194107061273169,0.217887409633825,0.0283175575215246,0.0819444307408938,0.0460091528103332
Q05431,1,0.0388871888802894,0.0633697857183352,0.0479777479265782,0.615445812823443,0.0172727911698045,0.0848448683451297,0.0282733971190496,0.0344135734926317,0.0695148345247389
A0A1P8APT0,1,0.0591297006276146,0.0983189175970971,0.0736328509414775,0.431082337255323,0.0267955936799138,0.110707603675475,0.0427849318813365,0.0494481807473312,0.108099883594432
AT1G04647,1,0.0484937149700394,0.079091012957389,0.0599563292014714,0.528878185190494,0.0214744774906606,0.0994121676497934,0.0351896470358157,0.0411558174203842,0.0863486480839519
Q9SJE2,1,0.0600677289664741,0.108416171199054,0.0765144060990595,0.421646562782454,0.0262586473073201,0.0949752772175483,0.0427229449722031,0.0455726234804737,0.123825637975413
Q9SPK4,1,0.0331469186436559,0.0497893656885833,0.0397416150212388,0.636294401168797,0.0157171327728989,0.106629814779951,0.02483496330442,0.0407871871447711,0.0530586014756841
Q9FRR1,1,0.0424088046120147,0.0622087420438497,0.0503977079096017,0.565453166610413,0.0200599778256539,0.11825733090466,0.0320485888297206,0.0429925632573089,0.0661731180067767
F4HXQ7,1,0.0292950995582934,0.0391473727328431,0.0335964055223432,0.603037794438402,0.015313652970841,0.169765581953763,0.023067105411359,0.0460009656334901,0.040776021778665
O04023,1,0.0443347197956244,0.056306020896555,0.0498324794990949,0.428072355748266,0.0237099544022091,0.214298701402981,0.0355173392082576,0.0905727991894499,0.0573556298575625
F4I111,1,0.0431092712364504,0.0648675659589121,0.0518684492442867,0.531160592166493,0.0206123996735141,0.132077510172904,0.0322048076146997,0.0553170819054074,0.0687823220273319
O04496,1,0.0628402235065167,0.0750596350377368,0.0694699443844922,0.268557379371174,0.034736861045193,0.237042508154762,0.0508487737251506,0.126591379874691,0.0748532949002845
Q8L7A5,1,0.0328720102771243,0.0484041107867042,0.0393531958012195,0.666747608071833,0.0147170059297208,0.0908839877229452,0.0242541131105733,0.0316163330935652,0.0511516352063145
Q8GWG7,1,0.0448625211958261,0.0558319563219863,0.0503586057879397,0.362984531606537,0.024247471802086,0.277710499721513,0.035977169324581,0.0916955725894233,0.0563316716501074
O80593,1,0.0603859762056818,0.0821480092398446,0.070283109979254,0.384652076273881,0.0290792154547701,0.168297188314995,0.0458905436781815,0.0749875713030337,0.0842763095503584
Q84JF9,1,0.0598381634295506,0.105223730230253,0.0755443489010584,0.428424889058275,0.0263423966544233,0.0961534737921673,0.0428524478229146,0.0466540432840016,0.118966506827356
A0A1P8AM22,1,0.021208776385969,0.028655806425819,0.0245058118460394,0.736543060400037,0.0103184583363879,0.101734214370386,0.016371674922042,0.0310950975300219,0.0295670997832981
Q7X7A9,1,0.054294389644456,0.0806472020029524,0.065236773606067,0.464679209258012,0.0245033631255139,0.12802886542205,0.0401339687865033,0.0581857947399399,0.0842904334145061
Q9LPZ0,1,0.032108983680552,0.0492155295227637,0.0386476376541587,0.656533446939696,0.0153896510271917,0.0932624627657486,0.0241354279955688,0.0374863753797217,0.0532204850345993
P60839,1,0.0315944696245046,0.0408498492099519,0.0357616116362388,0.543263260610878,0.0171171654306044,0.209002912032961,0.0252816265183763,0.0549446311936932,0.0421844737427918
F4IDV8,1,0.0440027637535865,0.0604714990497708,0.0512392076402964,0.518030291746199,0.02102718083919,0.146451224232793,0.0334700157756909,0.0629519836848317,0.0623558332776425
Q9LN71,1,0.021232698063692,0.0318095718381324,0.0254021173087137,0.761480466883677,0.0102566904847693,0.0741903185154782,0.0160099275049315,0.0255118353063744,0.0341063740942313
Q9SAE3,1,0.0225189419251699,0.0272599108526585,0.0247821663377379,0.466239311420706,0.0125898208305176,0.340693408085953,0.018557528193574,0.0597139097105436,0.0276450026431394
Q9FX58,1,0.0447972538276002,0.0656813074846537,0.0533586491347467,0.525015271507355,0.0219120449267661,0.136488508600472,0.0338996165596872,0.0491336814670333,0.0697136664916858
Q9LMG9,1,0.016070053887674,0.0250172715632584,0.0195699168877968,0.829265275640966,0.00726069411058345,0.0471099772223242,0.0117738734194429,0.0170548009755765,0.0268781362923775
Q94B71,1,0.0509760215462554,0.0906963537177282,0.0648418533388652,0.505071291655228,0.0218827270621289,0.0886723361818787,0.0360995087852176,0.0394032715610508,0.102356636151648
Q8L731,1,0.0571172364639324,0.102340024800974,0.0728600463083667,0.441330528195653,0.0253145303497219,0.0986768020425116,0.0405605892027928,0.0460934699743691,0.115706772661678
Q9XI29,1,0.0439757455602984,0.0736064401709,0.0546553675829249,0.56684861403942,0.0195928100151606,0.0898040714098967,0.0318720169585805,0.0377783239081421,0.0818666103546771
Q9XI28,1,0.0475121623654291,0.0740277260237333,0.0576872081433834,0.503650002740329,0.0227548860439757,0.12359588891501,0.0353797139803952,0.0556825222768052,0.0797098895109387
Q9M9E0,1,0.0432065962985923,0.0702715657913343,0.0533415628316115,0.57386369083706,0.0195454902375684,0.0926666080459108,0.0314539912889602,0.0385938237296453,0.0770566709393175
Q39103,1,0.0424090414728327,0.0523575145346352,0.0469805400438194,0.400835421889748,0.0230565407476907,0.243005009538612,0.034682818372697,0.10360589931492,0.0530672140850458
Q9S9L9,1,0.0264685258852454,0.0371942433636898,0.0310078772065448,0.701455729981203,0.0126447218136861,0.101006401035518,0.0201516287043703,0.0309996943004449,0.0390711777092982
Q9SA48,1,0.0316883184546771,0.0388467600600249,0.035130402114368,0.526479630525418,0.0168918039024067,0.227740819398362,0.0256935349681576,0.0581239478039513,0.0394047827726347
Q93YN1,1,0.0297738528167493,0.0357207482525387,0.0326367517023093,0.38658117925567,0.0170896312406372,0.366069972837378,0.0247749175568035,0.0710720848728972,0.0362808614650169
A0A1P8AVT6,1,0.0436886258510015,0.0678669734944628,0.052989849970639,0.554245363541469,0.0202258207508216,0.107729193507678,0.0322559577024615,0.0478864887515183,0.0731117264299479
Q9LMU2,1,0.0417323603635493,0.0508490102708793,0.045944818552336,0.382001849638449,0.0245905854067527,0.283411892987693,0.0347872349644483,0.0845707181776371,0.0521115296382556
A0A178W9I4,1,0.0278270499243782,0.0435325065801647,0.0339728325200624,0.717255637439279,0.012333528486449,0.0712059387831191,0.0203115187367769,0.0268246152068365,0.0467363723229337
P0C5E2,1,0.0352878759115861,0.0459388632472321,0.0399320519275034,0.564311757150651,0.0183510727087584,0.169753802340788,0.0281551279470964,0.0505266481326234,0.0477428006337614
A0A178WLV3,1,0.037093528667454,0.0532133953994692,0.0437125972255229,0.594644187026344,0.0180875138118581,0.126413806097636,0.0283054915847767,0.0420580221274469,0.0564714580594922
F4ICA1,1,0.0635673087891464,0.11189716020969,0.0807531474249477,0.384030572096753,0.0287875809863819,0.106956126953199,0.045313395730365,0.0529948408997184,0.125699866909798
O49782,1,0.0573788255877854,0.0947306423188088,0.0713529848909061,0.459810517179126,0.0244403878736912,0.0999269723309237,0.0409593714925305,0.0487157346111036,0.102684563715125
A0A178W7J9,1,0.0589139822941023,0.0968650099149125,0.0734159276603007,0.451130921250058,0.0248087977170604,0.10022217265052,0.041710374166718,0.0484684856551243,0.104464328691204
Q3ED94,1,0.0582593826388969,0.0764573418363629,0.0669263065815249,0.420859901513511,0.0271142998820474,0.155525457673661,0.0444367513082067,0.0732953497258554,0.0771252088399336
Q93YP9,1,0.0356652839940323,0.0485189607098766,0.0411443735133071,0.523389487368063,0.0192220266763687,0.192518540179287,0.028144491616555,0.0606067404922301,0.0507900954502809
Q9FXG8,1,0.0290298697283637,0.0417491808620872,0.034245695991125,0.680148478251161,0.014016515848167,0.0994461885010331,0.0220240142845057,0.03510455911687,0.0442354974166866
Q9LNU5,1,0.0260213357939379,0.0323783239444743,0.0289377979167726,0.521614174861372,0.0144791734218283,0.265552609623782,0.0212646677682444,0.0566027033109844,0.0331492133586042
Q84P25,1,0.0602951368167523,0.0905074532893606,0.0726865964232697,0.412270695198028,0.0274931962278361,0.133473608007824,0.0445544525979907,0.0637524818884851,0.0949663795504533
Q93V70,1,0.0588824505579764,0.0851689058515828,0.0706950800133889,0.452815736450116,0.0251258249641125,0.122524148241883,0.0425000307296199,0.0550036823286529,0.0872841408626678
Q9XI00,1,0.0283400525903317,0.0420716514050704,0.0338236285934645,0.701774042931413,0.0130421899262962,0.0845670166015633,0.021207725823049,0.0302967124543605,0.0448769796744518
Q9LM59,1,0.050391025536538,0.0885943737833933,0.0637336730825868,0.507368473777213,0.022120553097986,0.0908750672646857,0.0359437354639834,0.0409449430319657,0.100028154961648
O23119,1,0.0346558972143116,0.0512506814568484,0.0412578465857189,0.604390522471082,0.0173708624196315,0.124484622260813,0.0264035849851953,0.0454681324660243,0.054717850140375
Q8GY67,1,0.0675263674244038,0.100449175507622,0.0812582068159537,0.385216966640568,0.0293307246053764,0.120060348612573,0.0493386448600348,0.062444544975842,0.104375020557626
Q8S528,1,0.0531395996339106,0.0845671166890224,0.064793438532519,0.496054370385601,0.0235958300219577,0.101564864791681,0.0390641740518165,0.0446729713690437,0.0925476345244487
Q8GW38,1,0.0296098851206957,0.0415591770994738,0.034654852467385,0.657187665949556,0.014548461390563,0.119302182655579,0.0227125532685748,0.0366961393698196,0.0437290826783528
A0A1P8ATM4,1,0.0359127031976532,0.0433359657944404,0.0396029668201078,0.427924061661424,0.01943545722087,0.291025516294818,0.0292637741377453,0.0696740181798416,0.0438255366930999
Q8LFI6,1,0.0194672925596885,0.024419114464324,0.0217212274158667,0.618167330353253,0.0106261872433868,0.219668590861063,0.0158167922033762,0.0451267373005558,0.0249867275984859
Q9C6M1,1,0.052799497995083,0.0932156120193205,0.0669147858655126,0.485895835647071,0.0233365332031113,0.0925938513837784,0.0376697368762137,0.0424072406870742,0.105166906322835
Q67YG7,1,0.0493299882739208,0.0605786067854164,0.0545856439277691,0.349638550890519,0.0282115992677209,0.237307039270419,0.0406370808772695,0.118293745156132,0.0614177455508325
Q93Z75,1,0.0165898223974941,0.0249539827143223,0.0199476885516933,0.813854555389958,0.00780412703953767,0.0577379646460354,0.0123661097714113,0.0201679896812197,0.0265777598083287
Q9LQY3,1,0.026333359633421,0.0384136428348006,0.0312401192977279,0.708985671632484,0.0125999849396455,0.0914662404056298,0.0199377085919552,0.0302213708504476,0.0408019018138884
Q9LDR9,1,0.0617728081210236,0.0712452901049477,0.0672706170576138,0.267608556867531,0.0346920705981682,0.240829623868275,0.0506719098299776,0.135654487500382,0.0702546360520802
Q93ZH1,1,0.0389129648865958,0.052026221487484,0.044690284161665,0.505797085175727,0.0204687825982775,0.195401145405191,0.030680272720852,0.0579095074906725,0.0541137360735353
Q94F23,1,0.046209625847617,0.0574397129826857,0.0518616666950621,0.440945817445291,0.0235483487403418,0.2111983447054,0.0364126828679017,0.074485962939349,0.0578978377763512
Q9C5U1,1,0.048760563010665,0.0826220492589694,0.060865827041394,0.52056834079686,0.0219827604010489,0.0945575795253257,0.0352628507430957,0.0433410778547883,0.0920389513678525
Q9FZJ7,1,0.0588935382610504,0.075621490815075,0.0669176379220367,0.387667461610767,0.0289165345713516,0.176400798497044,0.0456873989142937,0.0833872722560636,0.0765078671523176
Q9S709,1,0.0598971655837302,0.110966854547459,0.0774488931469302,0.42473423746621,0.0250742582779218,0.0906421481742754,0.0416820458780401,0.0440286417739493,0.125525755151484
Q9SFZ2,1,0.0232581266065224,0.0337193751885257,0.0274173975034488,0.729510014423461,0.0114410993966612,0.0889122900325912,0.017815183433189,0.0320037989100364,0.0359227145055649
Q8GYB1,1,0.0459317442193904,0.0723289255936461,0.0564402432864005,0.561876303732173,0.0192670658506125,0.0937892674067141,0.0328725596062051,0.0407920887812336,0.0767018015236249
Q9XF57,1,0.0245466058462935,0.0363064438705838,0.0292578417813948,0.724053170134579,0.0116340779682875,0.0852769973742706,0.0184804090026635,0.0319997239911801,0.0384447300307473
F4I340,1,0.0170896715888484,0.0238415341261348,0.0199279609302813,0.776875595244957,0.0086535125930709,0.0891490556829609,0.0132031987710202,0.0262440333152514,0.0250154377474755
Q9C6Z0,1,0.028875499379935,0.0413467597799638,0.0341999918053187,0.686134483829615,0.0133800273404527,0.0989361819146857,0.0215877655423509,0.0322656519456833,0.0432736384619946
A0A178WBW1,1,0.049916872800145,0.0636994402048319,0.0566157306414021,0.384939394554946,0.0268341352295707,0.221290986362526,0.0394891171562888,0.0926956022134322,0.0645187208368565
Q84JP1,1,0.0317314438603919,0.0415002687398801,0.0360487536730685,0.605970561978184,0.0160615912368697,0.15027686462114,0.0249970312213131,0.0507292324650153,0.042684252204138
Q8GY89,1,0.0416323511897617,0.0519335932527411,0.0466387279330083,0.408705292559207,0.0222866127281177,0.243833198893683,0.0333489738225499,0.0993375151910087,0.0522837344299233
Q9SA13,1,0.0518717759035794,0.0886020341654101,0.0651387742926462,0.485753655681689,0.0234133247125258,0.101833386574615,0.0373044025844027,0.0481468253060541,0.0979358207790778
Q9C6S2,1,0.0541673270460649,0.0840431272315579,0.0660420065817611,0.474698649744449,0.0241255896848191,0.113864830526261,0.0394425704390314,0.0540782506645856,0.0895376480814703
Q7X9V3,1,0.0578546453484682,0.0968260042498265,0.0730099040022502,0.459002908437078,0.023856086278976,0.0987265505308697,0.0402886809002149,0.0467780886482963,0.10365713160402
Q8H960,1,0.0578272759994383,0.0968089393660379,0.0723480795310557,0.456348394868636,0.0242840031809472,0.0988841789699086,0.041122550424473,0.0470505802030509,0.105325997456452
Q9C5W7,1,0.020444409210452,0.0309894255575431,0.0246714236502371,0.779167314014927,0.00935594314978625,0.0644745190552039,0.0150888837583266,0.0227997593190806,0.0330083222844435
Q39204,1,0.01741460708411,0.023511758982155,0.0199723661839726,0.761270423827159,0.0089344849382819,0.100293390596485,0.0137265961408883,0.0303671327092991,0.0245092395376491
Q8LCK5,1,0.049455643060133,0.068109140617997,0.0572160515629855,0.4155094829581,0.0264383612705089,0.186004102762421,0.038922049006327,0.087233259577818,0.0711119091837096
Q9LPI5,1,0.0466692868821047,0.079043040499716,0.058316756645715,0.540171260566336,0.021043839653317,0.0933560230920931,0.0337424164096864,0.0392989678781056,0.0883584083729261
F4HYA5,1,0.0355579265882596,0.0542463273529505,0.0431497655328703,0.649290424022171,0.0156276867368146,0.0857123975115208,0.0259181930806163,0.0328759015348579,0.0576213776399387
Q9C8P6,1,0.0662313891122079,0.0948611046422381,0.0793133742002475,0.376695620946956,0.0291510294965171,0.139905848381969,0.0482104554379979,0.0686390011514623,0.0969921766304045
Q38970,1,0.0203745881026747,0.0269724021570153,0.0232268802705212,0.696431457707096,0.0107416402993094,0.141833984885593,0.0161742786747472,0.036180168995103,0.0280645989079404
Q84WV0,1,0.0217911156221622,0.0318903825419215,0.0259244225427814,0.758404172390561,0.010118445937656,0.0754582998041389,0.0163017516166751,0.0264232149061051,0.0336881946379984
F4I1M5,1,0.0346846299974897,0.0546989252586924,0.0424645132133135,0.648835113856073,0.0155293335904178,0.0843389163593736,0.0252823657894038,0.0355058715397623,0.0586603303954744
Q9LP85,1,0.0297896773042866,0.042371278722208,0.0348387926977995,0.64023414910528,0.0150643558529658,0.122241055687818,0.0230913550476287,0.0476645853926862,0.0447047501893277
Q949Z8,1,0.042602842413772,0.0686394327434999,0.0522881628584074,0.57959041112909,0.0190878719603829,0.0932923096545527,0.0312011196941197,0.0381849375408358,0.0751129120053393
Q8GUM3,1,0.0457419825900593,0.0757964987946032,0.0567112041864029,0.549208368700705,0.0206200080810474,0.0948394049531038,0.0332850253734348,0.0398341420062739,0.0839633653143701
Q8VYX0,1,0.0209239313552529,0.0280800191654062,0.0239602450454116,0.669749649579365,0.0112390244866826,0.155608494211657,0.0166297861965203,0.0445802575459091,0.0292285924137953
Q9LPE8,1,0.0515453056224958,0.0779528756393437,0.0619213925243098,0.497042949482307,0.0231738270854823,0.11718300338318,0.0382205731899003,0.0497264113374616,0.0832336617355195
AT1G46554,1,0.0328796344101623,0.0438093090431452,0.037906644345453,0.621816318556991,0.0157704694737543,0.134567193827103,0.0252694180533631,0.0430563245744502,0.0449246877155773
Q9C626,1,0.0357938333387381,0.0547678138938298,0.0430795340689267,0.625082889823502,0.0166834114040902,0.0976616863413959,0.0267324656094839,0.0412721671610404,0.0589261983589934
Q9SX97,1,0.0408912439433314,0.0565820779819525,0.0472677881151197,0.536762422337513,0.0205788795292973,0.145012398202319,0.0319971270629785,0.0616378711864429,0.0592701916410453
Q9SX65,1,0.0321897420678123,0.0472241251262858,0.0386674427602388,0.672504700469576,0.0140644471644592,0.089213205757577,0.0234756719021209,0.0335893140239152,0.0490713507280142
Q9LP80,1,0.0685847740922865,0.0857048399061437,0.0775734215331718,0.335055923450228,0.0321324959641058,0.17356403979649,0.0526888470771208,0.0897714226306022,0.0849242355498511
A0A178WJ73,1,0.0372420985385309,0.0557414960041363,0.0445179624111754,0.602081483289317,0.0174993895567549,0.110943830139515,0.027993664011005,0.0445545430448092,0.0594255330047566
Q9XI99,1,0.0394526396005113,0.0472888977955644,0.0435105466022214,0.372728683273623,0.0215927252670923,0.291597936244158,0.0320931783965597,0.104527826207203,0.0472075666130672
Q9FX94,1,0.0415081510374204,0.0491372007168099,0.0454143951620989,0.424176666236972,0.0216731301671407,0.265790368269713,0.0338911394264019,0.0690288382182112,0.0493801107652322
A0A178WA70,1,0.05433225315156,0.0703581890824249,0.061526986949857,0.414750896606243,0.0271559705399749,0.173636395838069,0.0429505987855496,0.0835729568578978,0.071715752188423
Q9FXA4,1,0.0611530143149166,0.0693653386951992,0.0655575012868156,0.268436122367996,0.0348739708403469,0.24182092625916,0.0515869418694693,0.138402243181115,0.0688039411849812
Q9SX38,1,0.0561785166638583,0.073885424483132,0.0642952203412792,0.398345691806139,0.0280456849142971,0.177535805162768,0.0436986430619475,0.0823300530067246,0.0756849605598544
Q9LPR8,1,0.0257288096615452,0.0337842455380956,0.029251619769781,0.61144569845834,0.0136994404587778,0.180524090939931,0.0204971749899372,0.0501793571201329,0.0348895630634593
O80339,1,0.0318087141303096,0.0508315274247651,0.0392883301132251,0.689555641341916,0.0134228135414042,0.0704505609129903,0.0226907501563942,0.0274029175029809,0.0545487448760146
Q8H0X0,1,0.0573483929402016,0.100831493078149,0.0723908048599063,0.448703306393946,0.0252816654215025,0.0949817193681955,0.0410803748624792,0.0453654866314594,0.11401675644416
Q9SYD8,1,0.0462810774327201,0.0566960140938184,0.0514235261715596,0.428592188310439,0.023440897315867,0.230358456292947,0.0370214213306995,0.0687927103015175,0.0573937087504316
Q42524,1,0.0183159852150207,0.0246904169648006,0.0210353379733813,0.749165036411876,0.00950392284078432,0.107195040451266,0.0144093228961688,0.0299195536118725,0.0257653836348291
Q8GY87,1,0.0440990512069443,0.0699104529080208,0.0542118914356039,0.57190065525185,0.0190865118746506,0.0950146100584517,0.0318814930358891,0.0389016263561019,0.0749937078724875
Q9LNN1,1,0.0583514122995648,0.0860613220991305,0.0701924250860524,0.421686829517542,0.0274420818794314,0.138290841703379,0.0431090663587291,0.0648885032396928,0.0899775178164774
Q8VZN4,1,0.0425020811189478,0.0521626815905749,0.0471898725483435,0.454697909190452,0.0218163865814007,0.219308719039645,0.0341418121117575,0.0756504615603083,0.0525300762585697
C0Z357,1,0.0502097806477805,0.0863522264104465,0.0630069058205336,0.512850520376692,0.0219886512212441,0.0918984990687628,0.0359903936480916,0.0407653316226317,0.096937691183817
Q9C8L2,1,0.0708932923046826,0.0950362557972552,0.0825696180399171,0.338817752751229,0.0318347539612047,0.152611323732226,0.0529431823817568,0.0801301474393315,0.0951636735923963
Q9C8M9,1,0.0372904051419756,0.0587086268033207,0.0455227964855198,0.623446918459912,0.0168066025650814,0.0924574615068642,0.0273652807080595,0.0347339466495008,0.0636679616797666
Q9SLK2,1,0.0449923487360189,0.0727781629692589,0.0553995725846243,0.551304309769295,0.020643381868531,0.101868232859977,0.0329381605491181,0.0399201306944619,0.0801556999687144
A0A178W7W9,1,0.0582651283515685,0.0795022556995184,0.0679988405113404,0.40475060666942,0.0283516110574218,0.160415606094724,0.0441356391134024,0.0752432875158608,0.0813370249867439
Q9C889,1,0.0514775779425041,0.0903150646519812,0.0652507358844095,0.500177279740496,0.0221978950785025,0.0922717259615572,0.0365176783800753,0.0407839846272229,0.101008057733251
Q93W93,1,0.0432536746100577,0.0732600980138359,0.0542089025697241,0.577119070787485,0.0189463405499559,0.0849876130612325,0.0309596133653537,0.0361286901648988,0.0811359968774563
Q0V7V0,1,0.0429274855106854,0.0646066629888591,0.0516177671245824,0.578842424028022,0.0191701381774432,0.100540651221628,0.0315816013928128,0.04201987135673,0.0686933981992371
Q9SEU4,1,0.055188265204918,0.0687268039115078,0.0617240243045831,0.374095947641102,0.0280943621244367,0.20535829481261,0.0441617324627908,0.0935598681472099,0.069090701390841
P28148,1,0.0416872593555791,0.0659191070384924,0.0512247963467806,0.577807138573083,0.0184790939862902,0.101464165204862,0.0302384137465839,0.0428546992364827,0.0703253265118466
Q94EG9,1,0.0593057276156711,0.0710470916554174,0.0654501612097479,0.335349068145717,0.0308724545149194,0.223668501832362,0.0478019560003631,0.0956773872292752,0.0708276517965272
Q42588,1,0.0361042919715301,0.0468024650532263,0.0408327800955696,0.539549418291897,0.0192232823750064,0.182769042607885,0.0289095014435447,0.057448896383701,0.04836032177764
A0A178WAJ6,1,0.0326820448137443,0.0513038716316812,0.0398045202874289,0.673116992774416,0.0145340331570591,0.0779943912216604,0.0239529161865416,0.0312271445804161,0.0553840853470521
A0A384L4H7,1,0.0114275358103112,0.0161326164200702,0.013413469039027,0.865813733758298,0.00539857380100342,0.0473699707034703,0.00867327275672438,0.0148967350060791,0.0168740927050162
Q9ASS7,1,0.0314025114968752,0.0455895774101311,0.0372032035392531,0.664366966137041,0.0148480157877465,0.10032333465946,0.0236696945601517,0.0341094346502104,0.0484872617591306
A0A178W2T9,1,0.0529128573700091,0.0654258643381477,0.0591310430585473,0.320389421097799,0.0291206023237741,0.241917465101325,0.0425469590660635,0.1228744125404,0.0656813751039341
Q93ZS4,1,0.0598725061661667,0.0879078035559533,0.0719042998245469,0.438337799443752,0.0256843806646805,0.122309125684835,0.0435279581822291,0.0597224871785116,0.0907336392993241
Q9C958,1,0.0399631533264093,0.0667597874566244,0.0496622499389954,0.60337911898365,0.0177396171657282,0.083964767682416,0.0289136449444923,0.0356520838268695,0.073965576674815
Q8GYU5,1,0.0436281895705129,0.0659328793101935,0.0529450038175027,0.566629589454595,0.019361300590636,0.108979062849068,0.031831991785098,0.0413788435658752,0.0693131390565191
O64785,1,0.062383240872735,0.105614428684852,0.0784837952972166,0.404184946259777,0.027726375152075,0.10987647974771,0.0445869307013303,0.0515375765668743,0.11560622671743
Q94JL3,1,0.0408235271934719,0.0613726521729272,0.0490334430614436,0.588990356920431,0.0183807498849384,0.101730858293029,0.0302096507244879,0.044592947882952,0.0648658138663191
O80689,1,0.062224123389379,0.0810318153001256,0.0718387460178787,0.36287802912867,0.0300646424563065,0.182517333267899,0.0472602216173737,0.0810734194232312,0.0811116693991355
O80695,1,0.0310020569124409,0.0428922686705796,0.0361035091142958,0.635001225462143,0.0152109904682536,0.129945210839357,0.0238590680713191,0.0412118220851667,0.0447738483764447
P42749,1,0.0230727155935502,0.0299564169969284,0.0260782229164515,0.61927052215555,0.0124212024898296,0.190529299173622,0.0185629465743355,0.0491942196650434,0.0309144544346886
Q9SH64,1,0.0497029450557778,0.0828134204218814,0.06161623582448,0.514914495055121,0.0225316552376018,0.0976368872762913,0.0362605750299328,0.0421678405195414,0.0923559455793725
Q8VZK1,1,0.0256487673991864,0.0312650920943017,0.0283245700340428,0.505002279453441,0.0139597244854332,0.288321993414683,0.0209816134052425,0.0547198975440713,0.0317760621695981
Q9XIR1,1,0.0590699481377267,0.0996858305527491,0.0736923056300489,0.435588052938665,0.0263265832682563,0.102196563617098,0.0427015978475683,0.0507429917596908,0.109996126248196
Q8GZA4,1,0.0395689409518939,0.0583481246174046,0.0472745607921015,0.57023109054491,0.0190267219965821,0.125222172187063,0.0297513025571242,0.0487598398908459,0.0618172464620745
Q6DBB8,1,0.0206934443666033,0.0285736418562247,0.0239671932762931,0.72806987143492,0.0106098048381101,0.109554921282264,0.0161735471224049,0.0322991930932834,0.0300583827298969
O04469,1,0.0365125197065359,0.0476963389512448,0.0413551366977277,0.537439971957673,0.0196665803252547,0.179343287702716,0.0292721789383427,0.059161081809159,0.0495529039113465
Q8L7S6,1,0.0276467900308233,0.0373952352464681,0.0317575051044911,0.641451179494427,0.0140746746897932,0.137764975194569,0.0216953901772251,0.0493856059526699,0.0388286441095323
Q9SHY3,1,0.0110606053119776,0.0154499613534487,0.0129085016693446,0.864439964736647,0.00534402029200997,0.0509468150141258,0.00846996355818602,0.0152089267396921,0.0161712413245686
Q9SHX3,1,0.0497888530804824,0.0677530471995418,0.0573386245004631,0.437009321907849,0.0270825249887373,0.179973864697968,0.0395383481990325,0.0703358016817364,0.0711796137441899
Q9XEX2,1,0.0426846633273533,0.0701808077060414,0.0527822337248317,0.56947858441082,0.0194052053806222,0.0952724341140335,0.0311392084294349,0.0421588346335354,0.0768980282733281
F4HQ07,1,0.0426896466299891,0.0546819604550044,0.0479813281028905,0.426989213550305,0.0231648706529267,0.236491003716256,0.0345456819120711,0.076928376816502,0.0565279181640549
Q9FYG2,1,0.0307331181765793,0.0491578280617642,0.0377437006336399,0.686124390895311,0.0137453821885831,0.0769236473322474,0.0224254353393486,0.0297240025398744,0.0534224948326525
Q8GZ43,1,0.0339796897117634,0.0512319574029488,0.0407108154081596,0.62629274162358,0.0164255574880294,0.105829699610129,0.0256220304077279,0.045197421781368,0.0547100865662933
Q8L9C4,1,0.0238529265786472,0.0295057301289954,0.0264722345093601,0.563858979601632,0.0129547283464148,0.243382561954277,0.0194303031987934,0.0504159407511091,0.0301265949307716
Q9C9V7,1,0.0696262976575835,0.0754731991523176,0.07375368120232,0.233771149618655,0.0381870423896964,0.227684381559866,0.058487097828311,0.149716433015893,0.0733007175753569
Q9C9V8,1,0.0470311711269973,0.0642231445966527,0.0545871919225318,0.505964273873967,0.0220902078800538,0.148261885426655,0.0360450097569386,0.0556594761238796,0.0661376392923249
Q0WVJ6,1,0.0627531047260798,0.0758930851725501,0.0697244341927278,0.311862376909529,0.0326450942419316,0.208904630158807,0.0499327958374891,0.11290453942553,0.0753799393353564
Q94C15,1,0.0322838531101651,0.0481030661157734,0.0386580344604636,0.663482190077548,0.0148383061710992,0.0928896529278307,0.0240443211848139,0.0347653388598281,0.050935237092478
O04532,1,0.0283406132004163,0.0341236770939986,0.0310855844848723,0.387104251851666,0.0163034760925547,0.372660472552723,0.023565439249045,0.0721136722069945,0.0347028132677291
AT1G70518,1,0.0462623872741667,0.0762008550410327,0.0572141557817396,0.536228881721618,0.0214633789754467,0.0999204808940995,0.0338675673726557,0.0447245958387629,0.0841176971004778
Q9S7J9,1,0.0334764156669823,0.0406598386977257,0.0368787657178225,0.50674904941196,0.0178290210872153,0.230278677337102,0.0273788066249734,0.0655390471025725,0.0412103783536458
Q9SSL1,1,0.0399840181530918,0.0496654176458156,0.0445771622146357,0.465240895914687,0.0214284631964835,0.224634706311837,0.0323779557856003,0.0716033048968397,0.0504880758810096
Q9SSK1,1,0.047827560033139,0.0843877183972579,0.0609774298170352,0.536600680567507,0.0201916975877942,0.0854849950447366,0.0335926308872122,0.0371153093758948,0.0938219782894233
Q9C999,1,0.0367555689760217,0.0546627649730368,0.044075737748817,0.607594253788556,0.0174946425145559,0.11395771823034,0.0274204044896939,0.0397539500150206,0.0582849592639584
Q9C989,1,0.0465045460148175,0.0766937661497965,0.0575334731349596,0.542645218822273,0.0210660827558847,0.0968270855903738,0.03389776708818,0.0396265406396839,0.0852055198040312
A0A178W3Z5,1,0.0606923364244786,0.103492824004536,0.0758989166020325,0.414388124514522,0.0281629030043278,0.10576423285873,0.0441444822553026,0.0515273930424196,0.115928787293651
A0A178WGE0,1,0.0611693767308636,0.0724955282620066,0.0669918951014339,0.322488235290338,0.0322256270065596,0.210846646805503,0.0496872188834667,0.111698518169635,0.0723969537501926
Q8VZE2,1,0.0437837873588953,0.0654026220581701,0.052142121700499,0.556085544272106,0.0209424842200781,0.111959131251554,0.0332105271997013,0.0460248477997222,0.0704489341392739
Q8RX67,1,0.0369444621086996,0.0599498714467821,0.0454947296638563,0.625246677130421,0.0169078731590599,0.0871720722441066,0.0269928413008366,0.0353335180623412,0.0659579548838971
Q8LFY8,1,0.0349845556662109,0.0420463873913404,0.0383242837322497,0.388039472625995,0.0200780036680041,0.324285736894003,0.0292282118923278,0.0802657994106401,0.0427475487192292
Q9XF63,1,0.0365220640474749,0.0588049976401659,0.0448570611417364,0.635934098282581,0.0163257600301458,0.0836747800334606,0.0266562407746274,0.0327665280557929,0.0644584699940153
Q94BS8,1,0.0253713265263889,0.0334202373701626,0.0288692704374256,0.666893672074278,0.012851654768589,0.134885752839397,0.0200477012074239,0.0432124404361305,0.0344479443402044
AT1G72855,1,0.0342016384374811,0.0493908655270573,0.0405152463413588,0.622004195784162,0.0164442768259905,0.119670512294778,0.0259211306000694,0.0397703469624137,0.0520817872266887
Q9SSN1,1,0.0638099328510402,0.0886603304500932,0.0753355094166769,0.388374952253007,0.0292077906294373,0.149651037153601,0.0476548464355772,0.0669636145230912,0.0903419862874767
F4HQ47,1,0.0595283916896786,0.0922709369114346,0.0730036611142621,0.447355149831955,0.0248115814381403,0.110710192000449,0.042466128522863,0.0532219943069053,0.0966319641843122
Q9C9U5,1,0.0358646458249166,0.0461106976924332,0.0405614694514277,0.533275460573312,0.0182815290706957,0.181461125309528,0.0283757369487989,0.0691287647527743,0.046940570376113
Q8L475,1,0.0405690830665275,0.0622478361455558,0.0489305470652196,0.568305187267981,0.0197172817696563,0.114789996184819,0.0303880571592679,0.0476549147082048,0.0673970966327675
Q9CA51,1,0.0713264334725473,0.121209252388048,0.0889596226773297,0.348070630381689,0.0311180322280114,0.100783822040055,0.0514517410893458,0.0523201646196158,0.134760301103358
Q8GRN0,1,0.0400490371423412,0.046638784478808,0.0436104783758854,0.381043788313418,0.0213715907616054,0.30760261048217,0.0328467018842122,0.0803421907110385,0.0464948178505208
Q9FRK4,1,0.0382480664781433,0.0640341711689438,0.0476467775202694,0.61673680097939,0.0170539142905535,0.0837159637606676,0.0276190362780878,0.034015883689961,0.0709293858339839
Q8GXC6,1,0.0381923666124018,0.0632435698054333,0.0475148178050799,0.625519806575623,0.0164514256119692,0.0790652234177312,0.0273243691493919,0.0334590690169411,0.0692293520054283
P46689,1,0.0339491584758672,0.0440063271839069,0.0383870348604254,0.519235867718124,0.0180302349078145,0.196939036249302,0.0271182000815517,0.0771997142539921,0.0451344262690167
Q84TL5,1,0.020064819668169,0.0295266017983526,0.0238069334465907,0.775714550134718,0.00956601503402272,0.0695849042679925,0.0152138252629966,0.0250698953547266,0.0314524550324316
A0A178W8G3,1,0.0599805775916437,0.0703484602215396,0.0657082924783144,0.257254385889618,0.0346231888146374,0.246139952419612,0.0492433821243696,0.146858820145173,0.0698429403150918
A0A178WKW6,1,0.0303756852273931,0.0391006480674346,0.0344456433124395,0.579498459402792,0.0155178764056527,0.188367682108487,0.0239610383942034,0.0487623135031894,0.0399706535784081
Q9SFW8,1,0.0565113357009827,0.0995918683055684,0.0714715783679958,0.450735354458266,0.0252047047457313,0.0970020065277956,0.0404806821634623,0.0467118416361184,0.11229062809408
P14891,1,0.0327861742877962,0.0522774799388363,0.040148295677445,0.660940951563562,0.0149293013222023,0.0849939626887134,0.0240558141894812,0.0328717122525508,0.0569963080794123
O49279,1,0.0393827580596892,0.0663436967140429,0.0491384696849844,0.603658602151351,0.0176959883774246,0.0859151818660304,0.0284650484457168,0.0357295003210556,0.0736707543797055
Q9SH08,1,0.0701013111156104,0.0935331621896748,0.0817975990558762,0.348811229599476,0.0316822001923376,0.151765243097683,0.0520169807602457,0.0766876600204432,0.093604613968653
Q94JT6,1,0.0524773056942987,0.0858493799584957,0.0646204375142003,0.487779567907138,0.0239706716434112,0.104069483737096,0.0385084671168399,0.0479212722644683,0.0948034141640517
Q8H1E4,1,0.065348642924942,0.0990817894153596,0.0786851760725581,0.401599991402689,0.0290539697755537,0.114576128813213,0.0481484955293418,0.058515415484483,0.10499039058186
Q9C9S2,1,0.0209369816509962,0.0291097521178906,0.024350940505362,0.732747764344584,0.0104192455246111,0.102548105768163,0.0162087883415335,0.0332446502234052,0.0304337715234546
Q9M9F0,1,0.0384358043261651,0.0488222520835384,0.0434435065520169,0.529177490811356,0.0188853276748024,0.188362361214629,0.0300610055552103,0.053173104390999,0.0496391473912825
A0A1P8ASK4,1,0.0419734786927695,0.0691834654149786,0.052103419143679,0.584466587803798,0.0186591327256181,0.0909331136594626,0.0303591611606808,0.0362633319485405,0.0760583094504726
Q9SYM5,1,0.0294128550717486,0.0369466929120122,0.0328445110946977,0.465093912861453,0.0164118933432542,0.289247214969981,0.024005888860268,0.068162437749681,0.0378745931369045
Q9ZV85,1,0.0315910671190272,0.0465768034198778,0.037667704193919,0.669585610246697,0.0148182901767198,0.0928029712836138,0.0236998474541479,0.0337116002723992,0.0495461058335982
O65355,1,0.0297572787758914,0.0455839278429061,0.0358874672796969,0.689583930882553,0.0138768595410209,0.0829810981607251,0.0221801310408081,0.0308776793595926,0.0492716271168056
Q84JL6,1,0.0292285676232607,0.0392520609400336,0.0334786777653781,0.599797699284691,0.0154020854540475,0.160735218703365,0.0231759226586151,0.0582145164584145,0.0407152511121943
Q94KK7,1,0.0380648847212494,0.0585796315954695,0.0459866950654609,0.600985873849423,0.0181912520779472,0.106823393063298,0.0284759537194308,0.0393299662673469,0.063562349640374
Q8RY17,1,0.0347933290862731,0.0507003145502636,0.0412999088414621,0.61964185121471,0.0168725978085612,0.117100594387673,0.0263323265259467,0.0392356677428575,0.0540234098422523
Q9S793,1,0.0280297312544872,0.0415016711505823,0.0335047926159613,0.695466308087774,0.0132146212503782,0.091799842045586,0.0209989859205546,0.0313629589904621,0.0441210886842145
Q9SAI2,1,0.060175514612868,0.10673529471743,0.0768994710845732,0.434131405524718,0.02488163007005,0.0919372428570312,0.0419268178383403,0.0454619816323138,0.117850641662675
Q9SAG4,1,0.0361187786186111,0.0503669669817635,0.0419727012134138,0.575743301795118,0.0182037034713708,0.144548962054627,0.0280655923625513,0.0517966006528713,0.0531833928496724
A0A178UHM4,1,0.0459406480710013,0.07153788398124,0.0555295557635043,0.542467994268365,0.0213784166782455,0.106636337885523,0.0343121621403557,0.04399657026249,0.0782004309492755
Q9M005,1,0.0500111797343204,0.0871020651691166,0.0630546689792081,0.512443631085623,0.0220057119579567,0.0911256602346686,0.0358247938761566,0.0403405241299508,0.0980917648329988
Q8RWU5,1,0.0292352969227082,0.0381735211145421,0.0331609455790699,0.579587209897206,0.0155416594305299,0.183832555638551,0.0233804141382481,0.0577086774777133,0.0393797198014315
Q9LZX2,1,0.0541049911603678,0.0746505856311337,0.0629392898134701,0.422352757147788,0.0264753868880994,0.162947239254887,0.0416823157355465,0.0778640437644996,0.076983390604208
Q9LZW3,1,0.0223620654103591,0.0279039545187245,0.0249224220566127,0.573299568747254,0.0121637694684957,0.244788736987384,0.0181526718747594,0.0478644329759966,0.0285423779604143
Q9LZN2,1,0.0199502773335432,0.0261820853688019,0.0226522928932919,0.708975248518677,0.0102614716747918,0.132379272508803,0.0158414480292809,0.0366951008255366,0.0270628028472735
Q8LPF4,1,0.0504064561737486,0.0629095753785118,0.0562658271865605,0.341714535333759,0.0280925302728412,0.241192547031105,0.0410472835301213,0.11437018856899,0.0640010565243621
