ID,Cluster,#1,#2,#3,#4,#5,#6,#7,#8,#9
Q9LNI5,1,0.289467326752574,0.0246246212978737,0.0275098900748767,0.0245744403807937,0.0190262933138651,0.0966299479998475,0.286469726099849,0.160084341883398,0.0716134121969228
A0A178WAP9,1,0.246480417018014,0.0568079626292245,0.056564556320481,0.0568762959411763,0.0444178439597166,0.110914741454225,0.189922505930851,0.144472998140952,0.0935426786053601
Q9LQ89,1,0.397130462505671,0.0401205110665727,0.0363244351871854,0.0399616699066803,0.038075157018138,0.0760842621931176,0.200244908893552,0.112695079432851,0.0593635137962321
O81914,1,0.294581993024684,0.0569672984124314,0.0525618491824926,0.0569200108675623,0.0496915889105607,0.0989929986226694,0.176874917233929,0.130668643465688,0.0827407002799817
Q9ZWA4,1,0.521587184213066,0.025905969413966,0.0261218474653533,0.0258781081846965,0.0221776186247477,0.0656974661288075,0.164121246541024,0.0962736643358024,0.0522368950925356
AT1G04273,1,0.258233078246547,0.0741816659880902,0.0605736301114826,0.0740888681142755,0.0770887567509147,0.0937304047430977,0.16276484364577,0.119990795594204,0.0793479568056182
F4I8Q8,1,0.355667610406261,0.0348236191865917,0.0339859368711211,0.0347346010373118,0.0293117426994692,0.0901825065782074,0.216387149990376,0.136700811707555,0.068206021523106
Q9SYL5,1,0.2436190042386,0.0814970151934652,0.0674322323094403,0.081386142375941,0.0892357365327564,0.0920539190061505,0.150656560063552,0.113311183938323,0.0808082063417718
Q9LMI4,1,0.335644483195815,0.0252336854819615,0.0263786994987856,0.0251985831292408,0.0201368257118011,0.0853356049711222,0.27791633612722,0.141691149072403,0.0624646328116499
Q9SHJ3,1,0.388057599589471,0.0309704689253235,0.0291481063855669,0.0308772184328872,0.0266099545005554,0.0693839644331975,0.259473080395772,0.113439840176757,0.0520397671604689
Q9LMJ1,1,0.296032839388088,0.0594133130725669,0.0539426647170935,0.0594149247552713,0.0555474829554328,0.099806203493941,0.164822058275299,0.126481302683272,0.084539210659036
Q9LNW3,1,0.304426655026255,0.0615999654853252,0.0529856367149901,0.0613895054622649,0.0616736932463608,0.0929793935338562,0.165817448083354,0.122191660929396,0.0769360415181979
Q3EDG6,1,0.392098020627408,0.0386218871240332,0.0376669940842063,0.038553908880987,0.0333285022702832,0.0844139006399097,0.187275145604788,0.119896786496352,0.0681448542720325
O04510,1,0.437734520615716,0.0295719316122129,0.0285388043453161,0.0295181426579736,0.0256393787304406,0.0720777292216244,0.210353686810088,0.111495434013012,0.0550703719936166
Q8VZQ5,1,0.246474020865354,0.0580873115957635,0.0536125690094756,0.0581399532660883,0.0470307513066068,0.109503383897024,0.192154882706716,0.146107428312314,0.0888896990406574
Q9SGY1,1,0.347672684677114,0.0465245710764549,0.0426985535150445,0.0464831889698013,0.040960095161387,0.0848318401953145,0.201829416359703,0.120902663197195,0.0680969868479856
Q45GQ7,1,0.24568074841377,0.0761568098907287,0.0640447418974244,0.0760602569352348,0.0793083105036354,0.0981297071516284,0.154432347051935,0.121263409430489,0.084923668725155
O65378,1,0.269584980923684,0.0325975378846258,0.0336859835862364,0.0325937879453113,0.0247487770604268,0.101555894616692,0.268313910782714,0.16156338757572,0.0753557396245893
Q9XI76,1,0.456820664073481,0.036440887086705,0.0339543695810928,0.0363479978038279,0.0336643525500409,0.0697819663004366,0.176205879483315,0.100849604139636,0.0559342789814654
Q3EDC6,1,0.568221303519009,0.0225569597323382,0.0219118357340251,0.0225014561965313,0.019894170295179,0.0534829501059109,0.167038516516129,0.0829864850554952,0.0414063228453825
A0A1P8AQK1,1,0.522366121936158,0.024756329097268,0.0239430391239696,0.0247050394029757,0.0213808917119742,0.0600381611182427,0.183153703921068,0.0938330433538011,0.0458236703345429
Q9SA51,1,0.477102651090221,0.0350771969953793,0.0332756996795252,0.0350343084253639,0.0317927044473494,0.070642762203117,0.160575443818866,0.099196738184526,0.0573024951556522
Q8LFM6,1,0.226946588987739,0.0785389251339912,0.0676324580226671,0.0784806922936667,0.081956935484491,0.100262325892583,0.156041261394328,0.122100687997854,0.0880401247926791
Q39224,1,0.397454395668396,0.0351791546278332,0.033896362508399,0.0351074545099223,0.0291547890846401,0.0787001997170702,0.210468310338849,0.119347012958105,0.0606923205867855
A0A178WBQ2,1,0.479754954009076,0.0305015434329552,0.0294502902923678,0.0304604175880913,0.0257317839555844,0.0679447495536757,0.181260578947519,0.101716391209774,0.0531792910109572
Q9SHH6,1,0.296001970678784,0.061779126478974,0.0547453020418987,0.0617175424058358,0.0540086084888908,0.0935806985751714,0.175632768234012,0.124610778252474,0.077923204843959
Q9SHH7,1,0.321200871096224,0.0673627461445872,0.0555362680883745,0.0672848561226144,0.0693229391631277,0.0851174576089726,0.152330559245441,0.10949398260574,0.0723503199249185
Q2NND9,1,0.421742328213234,0.0177026810988627,0.0183661299960821,0.0176603622217539,0.0143568450994543,0.0603483780423633,0.297248553997795,0.109314673470293,0.043260047860162
F4ICD9,1,0.313839150222,0.0562848596896754,0.0500191966745627,0.0562312647256418,0.0517993540186532,0.0902441164317646,0.184491735270109,0.122450627042495,0.0746396959250988
Q9LN65,1,0.337066296381797,0.0285643384346056,0.0278369585499346,0.0284570545626621,0.0238634473098376,0.0726709703170695,0.304184452390718,0.124103918766222,0.0532525632871546
F4HQX6,1,0.247379248399701,0.065306449705079,0.0564226802984171,0.0651820304106769,0.0592228955985353,0.103335498364962,0.181400460534769,0.137320218350354,0.0844305183375052
O49298,1,0.6130487835584,0.021820125520623,0.020989864072692,0.0217806623167239,0.0196092972392728,0.0501111295934332,0.138245485250003,0.0750532872725034,0.0393413651763486
A2RVM1,1,0.444914087134742,0.0249677399587271,0.0253922181948098,0.0249039479554767,0.0205576105361731,0.0696362929430484,0.225025838503586,0.112220353439696,0.0523819113337411
Q8LAL6,1,0.339427087180292,0.052294484591576,0.046379291587306,0.0521051093766961,0.0516031451690404,0.0892534111686878,0.1752768415048,0.121305883189202,0.0723547462324003
Q9C659,1,0.247374406835017,0.076479124132036,0.0640704935629615,0.0763420094608055,0.0845546405160735,0.0934719996062864,0.159961509034756,0.116988333408483,0.0807574834435814
AT1G26233,1,0.340520941467076,0.0603326196297631,0.0519035316190493,0.0602477915205639,0.0618352139462996,0.0864859459830016,0.154175619524076,0.111306306826599,0.0731920294835718
Q9C668,1,0.390219335913597,0.0421065824075597,0.0403996416875552,0.0420566565571241,0.0376846079520179,0.0842426203784126,0.178333751730581,0.116050336509359,0.0689064668637936
O04551,1,0.300330965126964,0.0636489797338505,0.0539960892345822,0.0636628748808605,0.0540381074932105,0.0913430416156602,0.174877892769665,0.123211050223067,0.0748909989221399
AT1G06113,1,0.328917115096592,0.0535555072576005,0.0495385645128798,0.05345329588475,0.0489933685444925,0.0894535905578505,0.18140846196232,0.120472522731708,0.0742075734518069
Q9SGP1,1,0.201688677959982,0.0538465699561625,0.0581819489972887,0.0538801788763202,0.0438034771938538,0.131916942293751,0.183726445218766,0.157976088762535,0.11497967074134
Q8RXT9,1,0.433704087784188,0.0414194162473023,0.037946097543971,0.0413499886870819,0.0375280904072679,0.0742322649468528,0.169283048641204,0.104405534788167,0.0601314709539648
F4I352,1,0.289656259879745,0.0639266528813057,0.0553074363318724,0.0638098082557798,0.0604597983760076,0.0967680048619902,0.164127519877406,0.1253321297924,0.0806123897434926
A0A178WJZ2,1,0.440980359051117,0.0337980505870927,0.0316507718331062,0.0337338115353547,0.0302175847575249,0.0749930610034856,0.184940987349823,0.111173317517934,0.0585120563645618
Q9SHE9,1,0.438654533330825,0.0262432979659145,0.0256311277353645,0.0261776279905107,0.0215903263586318,0.0642763951362284,0.243241395675888,0.106071825195629,0.0481134706110077
Q9LQM1,1,0.295611203823211,0.0702824849090083,0.0593795493999738,0.0703212895154372,0.0682991395161661,0.0901648425703483,0.154329094643829,0.114065081046597,0.0775473145754303
A0A178WL27,1,0.264039409800577,0.0762427208490622,0.0626358630940727,0.0762594120452041,0.0781865056991203,0.0942897356127309,0.150125607418411,0.116791929882686,0.0814288155981357
Q9MAP5,1,0.323428063272982,0.0634798221921493,0.053208962071023,0.0633168847725441,0.0643205289632754,0.0864844349091672,0.160109639546294,0.113467978803615,0.0721836854689503
F4HPH2,1,0.28212517981477,0.0716579019522867,0.0593410978745304,0.0716185898148211,0.0717572408130264,0.0897814514837057,0.161595527226481,0.115489792613236,0.0766332184071437
Q56XQ6,1,0.464400679567437,0.0375220928333123,0.0340748473746991,0.0374447042227151,0.0342644125212918,0.0707616089620383,0.163937327900087,0.101355345514369,0.0562389811040504
AT1G33615,1,0.257684676031809,0.0439626263068445,0.0421037537070573,0.0438081401098161,0.0376655850802639,0.104890119124048,0.233459234880226,0.156535431614883,0.079890433145052
Q4PT10,1,0.267551207414307,0.0558634927306568,0.0506181409547911,0.0557956877398123,0.0489495201374726,0.10047939211463,0.200631400470884,0.138836130996862,0.0812750274405848
A0A178W4Z1,1,0.315511630368406,0.0398124322879897,0.0381138638827585,0.0397308035415822,0.0317225526762896,0.0940345311448352,0.226650319086545,0.143446384213026,0.0709774827985679
Q4PT07,1,0.338932583735778,0.0592622306134286,0.0518010024227708,0.0592671698671945,0.0568163478647307,0.0888479280525786,0.155394124681621,0.114171350836921,0.075507261924977
Q8LCE4,1,0.403715860424376,0.0388766428210152,0.0370577750828167,0.0388463769450272,0.0329686744936418,0.0784152024852115,0.193173391656972,0.113772943955735,0.0631731321352048
Q9C7I9,1,0.468024560569996,0.031973877432658,0.0318446634497327,0.031939423714568,0.0279503341102315,0.0738405561738534,0.169865655122847,0.104605452008652,0.0599554774174611
A0A1P8APK5,1,0.27338323952365,0.0658099897840209,0.0555159416775829,0.0657192824641394,0.065515112488198,0.0954685610921651,0.173966338112545,0.125316615413846,0.0793049194438519
Q8L7S1,1,0.500388731392359,0.024026959690165,0.0238108663520906,0.0239685671095636,0.0201924993282254,0.0604402745979927,0.20440545038152,0.0967342214759393,0.046032429672144
Q6X7J9,1,0.551630853087258,0.0248134027909025,0.0246244555895382,0.024776902311659,0.0217176098016032,0.0602401688327491,0.155690843680926,0.0886798906438788,0.0478258732614849
Q1PFM9,1,0.200840724273007,0.0579074340390579,0.062368466231118,0.0578304823231706,0.0476162566217899,0.127251664976624,0.181133599270897,0.153805245244309,0.111246127020026
AT1G07393,1,0.252629705830821,0.0752729979923456,0.066024810832575,0.0751870578888281,0.0770756721195902,0.0967234819529553,0.153674157127978,0.118227636595267,0.0851844796596391
AT1G07407,1,0.332861161256991,0.0506176967985719,0.0441320168795509,0.050464076027259,0.0478026625360032,0.0813964843259413,0.209873063726254,0.118118683142089,0.0647341553073396
Q3E7G5,1,0.315709655073683,0.0335805521330019,0.0351297215505366,0.033512623825503,0.0272746050082384,0.0969538097266142,0.23694108635378,0.145430713346811,0.0754672329818317
AT1G07417,1,0.235753109272809,0.0750097715736358,0.0672035594949765,0.0750023643775381,0.0736269215788559,0.104731027090551,0.150882675407403,0.124824556358311,0.0929660148459189
Q9C748,1,0.479452042946854,0.0303424228586654,0.0303999586858414,0.0303042913763544,0.0266156279271321,0.0728360057307035,0.167564811869186,0.103535907744043,0.0589489308612198
Q9C749,1,0.42323765574584,0.0422983446218422,0.0392831598502218,0.0422357350946018,0.040874884684664,0.0778931671993629,0.163884912192699,0.105797525306902,0.0644946153038653
Q6NQG7,1,0.344333702240083,0.0218161074794183,0.0240121203026698,0.0217982455548307,0.0169324701801175,0.0873236280745415,0.273866721131938,0.145487700962245,0.0644293040741555
A0A1P8AUP3,1,0.280731158262999,0.0714819284216685,0.0581541270742524,0.0714108221912481,0.0749786240968421,0.0914709799220478,0.157458636770399,0.116902062950177,0.0774116603103668
Q9M7Q5,1,0.355039187923049,0.0357457412756379,0.0340759433665536,0.0357072034707581,0.0295099183864027,0.0871834263479778,0.222529477541718,0.133879094204313,0.0663300074835893
AT1G07823,1,0.370704709962807,0.0410579794685557,0.0385354227805722,0.040987808712847,0.036438513844519,0.0850670956932237,0.19709792214647,0.122533462720972,0.0675770846700343
A0A1P8AQT5,1,0.505921303615109,0.0327830017903492,0.0303602300404054,0.0327425102275057,0.0304738481030322,0.0642280580048241,0.159680458998508,0.0921924428757273,0.0516181463445395
F4IEM5,1,0.314316670255199,0.0551352777482812,0.0493486806187036,0.0551771539272148,0.047875060600364,0.0956768517047275,0.175968720545788,0.127893326700603,0.0786082578991182
F4HTB2,1,0.332831917072578,0.0559600003357763,0.0488836615733858,0.0558200267282348,0.0515977476596878,0.0882573085655464,0.174208866459091,0.120348740936571,0.072091730669129
F4HV65,1,0.235153815040391,0.0799387142003693,0.0680160308003229,0.0799136814080012,0.083173542848297,0.100153493574256,0.145625601974106,0.119578841528953,0.0884462786253037
AT1G07963,1,0.296496284608012,0.0573094892105917,0.0539349442687514,0.0573113444730012,0.0515957532975122,0.100070950502112,0.170266148607229,0.127507863991449,0.0855072210413414
Q9FXB2,1,0.329054529306408,0.0547169004756414,0.0495907554589951,0.0546422475260292,0.0522549985183791,0.0940835804765118,0.164907310404168,0.122281507737514,0.0784681700963534
AT1G08183,1,0.235753109272809,0.0750097715736358,0.0672035594949765,0.0750023643775381,0.0736269215788559,0.104731027090551,0.150882675407403,0.124824556358311,0.0929660148459189
Q9C6F6,1,0.360264972893171,0.0560104636021245,0.0486706378794207,0.055952728857633,0.0551224013502676,0.0840222688452449,0.159276335671999,0.110505958494936,0.0701742324052031
Q9XIF4,1,0.378141522094552,0.0277887016718924,0.0287434930900088,0.0277478464939678,0.0228966102806971,0.0806285107827036,0.245297628069816,0.126731341765394,0.0620243457509674
O22693,1,0.402267851594608,0.0487752398850502,0.0437858343470259,0.0487218797534816,0.0477961413400224,0.0809036121959334,0.153273605061177,0.106644262972627,0.0678315728500747
F4HPY8,1,0.279727167667848,0.0541107705045259,0.0503814342038547,0.0539333497129268,0.046609141479225,0.0983573303264035,0.200828307197849,0.136909213282765,0.0791432856246015
Q4PSY2,1,0.389256558464461,0.0384783207415229,0.0360167558544421,0.0384356478014214,0.0340881111032821,0.0825068009621743,0.196399659501114,0.11987972980245,0.0649384157691314
Q9SEV0,1,0.235753109272809,0.0750097715736358,0.0672035594949765,0.0750023643775381,0.0736269215788559,0.104731027090551,0.150882675407403,0.124824556358311,0.0929660148459189
Q9MAV4,1,0.288742636808963,0.0575152584153762,0.0541077081625798,0.0575255065184263,0.0520832742615744,0.0983579715332686,0.180057179311602,0.127715246488842,0.0838952184993675
Q94K43,1,0.387724657417464,0.04901437469956,0.0425131334944456,0.0488610275300236,0.0502258493820382,0.0771272078555498,0.174619842323806,0.107227971969388,0.0626859353277246
Q9SXE1,1,0.442582149241869,0.0315792796311622,0.0318044768728408,0.0315407474969654,0.0270313642223142,0.076166992021616,0.187573649282007,0.110447938302043,0.0612734029291831
AT1G08567,1,0.239694893421572,0.0683920801062259,0.062859912926313,0.0683181106695171,0.0677014705542501,0.104062539226957,0.169528405197905,0.12892976339861,0.0905128244986494
Q5XVH6,1,0.276538328647245,0.0670111062301053,0.0596489863472727,0.0669012272645008,0.0691180641523141,0.0968278011500033,0.160027442498993,0.120582337581955,0.0833447061276112
Q2V4F3,1,0.34829292225255,0.0510346109099787,0.0450390181403949,0.0508534975739082,0.0491522252261945,0.081292828632481,0.193675590893042,0.115089510782444,0.0655697955890066
Q42059,1,0.412935031938472,0.0251404775052014,0.0270224872601834,0.0251079721428998,0.0202439293646822,0.0805064235774008,0.222336793518696,0.124213718395281,0.0624931662971834
AT1G08723,1,0.2436190042386,0.0814970151934652,0.0674322323094403,0.081386142375941,0.0892357365327564,0.0920539190061505,0.150656560063552,0.113311183938323,0.0808082063417718
Q9XIQ2,1,0.49631006931822,0.0365823038028742,0.0328231640335753,0.0365160570839976,0.0342714831140129,0.0666554361309687,0.149185329938207,0.0940624488405364,0.0535937077376083
F4I9U8,1,0.306652689174388,0.0499865544986519,0.0450234907618454,0.0498645646952442,0.046206749624178,0.0948299621056378,0.199174084203167,0.133233621903237,0.0750282830336508
A0A1P8AR77,1,0.330531668772105,0.0316406445700527,0.0328051067900656,0.0315505523660395,0.0268287876459114,0.0940191707105244,0.237094632424955,0.143023243507503,0.0725061932128436
Q1PFG4,1,0.287189779754349,0.0649620936862847,0.0574008757204071,0.0648587429694889,0.066637858794389,0.0968095188193212,0.158281898869055,0.121084708780289,0.0827745226064153
Q9SHY6,1,0.286600436547283,0.0727660025935114,0.060182543180127,0.0726720811331812,0.078957658155462,0.0899902494779942,0.149070303208694,0.112251194752238,0.0775095309515089
Q9SS04,1,0.328813541428416,0.044709739218746,0.0431019937022573,0.0446185631194172,0.0383087651714231,0.0894363675967441,0.21098106492687,0.127910150272909,0.072119814563217
Q9C9N5,1,0.35338669625666,0.0421444865896888,0.0404507312198824,0.0420597283564005,0.0371363648544423,0.0944942819425982,0.183464308431612,0.131226106427112,0.0756372959216034
Q9FZI2,1,0.345864690772488,0.029602113979394,0.0318086168831764,0.0296039678903106,0.0231774701096902,0.0953326179682445,0.22816340766065,0.142218156453401,0.0742289582826455
Q5XVH2,1,0.201688677959982,0.0538465699561625,0.0581819489972887,0.0538801788763202,0.0438034771938538,0.131916942293751,0.183726445218766,0.157976088762535,0.11497967074134
Q9ZW95,1,0.424097736124145,0.030317331618423,0.0296850339185807,0.0302389774531803,0.0249996574910125,0.0744060045223753,0.213221606234916,0.116607883044185,0.056425769593182
Q9ZW91,1,0.347409150861553,0.0444006805538837,0.0433137025276415,0.0443958387568014,0.0391575372676086,0.0963648664876722,0.177289487728288,0.12782547503225,0.0798432607843015
Q9FXE2,1,0.38687399084982,0.0407565690097669,0.0374901214891874,0.0406076526454685,0.0381960168737206,0.0774262676372601,0.203560540911014,0.113910002338464,0.0611788382452982
Q9C9W8,1,0.300600387085788,0.0644285246398284,0.0545177082586555,0.0644455390431264,0.0630274293182671,0.0921288651518796,0.164294520127745,0.119195090705115,0.0773619356695954
A0A178WJH4,1,0.454214781774999,0.0377847205914486,0.0341441392482644,0.0376853009311506,0.0351141803971451,0.0681478480530181,0.179136343040394,0.0997173282060402,0.0540553577575397
A0A178WEM2,1,0.447401265516257,0.0184638931772155,0.019776309733249,0.0184431906856911,0.014447793377982,0.0653303570922799,0.255636699064413,0.11229337689589,0.0482071144570235
A0A1P8AS11,1,0.359836052013335,0.0544186281270707,0.0485126455894141,0.0543513949364512,0.0544332042851149,0.0865952751769126,0.156634669094784,0.112131265598374,0.0730868651785435
Q9LE54,1,0.423890969213609,0.0405404596402957,0.0376304015650185,0.0404976739706369,0.0377442135436916,0.0798436613424084,0.165115548282719,0.109743354485399,0.0649937179562224
AT1G69572,1,0.382970455352858,0.0442294083991612,0.0411247268127555,0.0442135955994252,0.0385510521690509,0.0843020955633609,0.178402576517403,0.117246512907907,0.0689595766780783
Q8RX77,1,0.382280919609693,0.0399950375275612,0.0374026656700263,0.0398892982741422,0.0343332979608195,0.0823765324072509,0.197814947230538,0.121724056682787,0.0641832446371827
Q9CAS2,1,0.527805714418883,0.0204436761323714,0.0200335501553482,0.0203853553609795,0.0176318398879359,0.0544551226576263,0.208212920866456,0.0905107502839759,0.0405210702364238
Q84UU9,1,0.31290342256524,0.0559563681583173,0.0495080149241558,0.0558260494409413,0.055720461716142,0.0942625675034033,0.173607419152164,0.124809640948624,0.0774060555910124
O64597,1,0.360021486387509,0.0438596876481343,0.0429565712723044,0.0437898748264832,0.0393461572492726,0.0909565866205759,0.180464663773564,0.123092639424511,0.0755123327976451
Q9S764,1,0.375451493661654,0.0259881238855861,0.0277104498935895,0.0259368631507156,0.0206988735076477,0.0822602604367887,0.247930730656457,0.131598108076561,0.0624250967310003
Q9C9A3,1,0.385194965196544,0.0398825041401944,0.0356012046440266,0.0397448677120944,0.0368284382392033,0.0736714079149687,0.219684257745992,0.112488786150973,0.0569035682560025
Q5XVG3,1,0.30966423623855,0.0530377408329295,0.0491956980643368,0.0530469884994292,0.0441475745618451,0.0946471033835764,0.188964629497715,0.129331705050218,0.0779643238714008
A0A1P8ATP2,1,0.373482095257236,0.0342085295358953,0.0321397547712615,0.0340762460733114,0.0301548048676435,0.0747631204024913,0.245887187779743,0.118823203629983,0.0564650576824355
Q9SYQ8,1,0.323552209843913,0.0409047280548159,0.0370786451038135,0.040773175195863,0.0353998543008808,0.0789234834533615,0.258888572876666,0.124582522511886,0.0598968086588003
Q94CH5,1,0.423907925508648,0.0303256631433549,0.0304070997359504,0.0302760060392178,0.0254515898062741,0.0748553187773366,0.212138728935498,0.113835803353427,0.058801864700293
Q9SQH6,1,0.319573134783826,0.0486297317666728,0.046219026930839,0.0484439270281163,0.0471794649267443,0.0957304265789688,0.187021686659186,0.129115850472575,0.0780867508530716
Q9FVW9,1,0.471183256596836,0.0229347790240614,0.0235994110387576,0.0229025296399239,0.0182398549446343,0.0671207029262836,0.21475629638566,0.108758400668397,0.0505047687754459
Q9CAQ4,1,0.382952291684161,0.0412633213303596,0.0401660061005166,0.0411873425351254,0.0372542194643269,0.0840770729847239,0.187148800614374,0.116838546929337,0.0691123983570752
A0A1P8AVT1,1,0.444420957099184,0.0395902312804092,0.0361009298153573,0.0395203842549451,0.0371411470340294,0.0706379077139208,0.17467231466861,0.100676858446865,0.0572392696866797
Q8L7C9,1,0.364612913022146,0.0199562203430957,0.0218036609373705,0.0199377745221269,0.0152681518729363,0.0750491483848828,0.297794126323435,0.130467077526295,0.0551109270677122
Q9SYN4,1,0.260212237551904,0.0625235259537014,0.0586759310695938,0.0624540535735826,0.0569798528744005,0.106081848060533,0.168683175172852,0.133277658763157,0.0911117169802754
Q9ZVA0,1,0.410439910208239,0.0299051242629216,0.0281577607361772,0.0298355804254004,0.0249350955616071,0.0667120565934385,0.250783739129581,0.10931011519123,0.049920617891405
B6EXY6,1,0.584647512238421,0.0208062747006886,0.020107372898541,0.0207627004288062,0.0178489887992749,0.0490730595602944,0.170924724079055,0.0782729549018188,0.0375564123931003
A0A384LEN5,1,0.250196242559881,0.0553401202656765,0.054080272353759,0.0552802498616967,0.0470627160632314,0.104897865744335,0.205570692805586,0.140398919356843,0.0871729209889922
A0A384LL40,1,0.408872280617,0.0249915625110066,0.0244112195467699,0.024939579934663,0.020453566158668,0.0639060847255612,0.276332588431632,0.108811131660028,0.0472819864146722
Q9LYV8,1,0.445298745988979,0.0307619945512262,0.0304988879183256,0.0307241056335582,0.0259000637624636,0.0739041514695824,0.194231118072947,0.110223485437006,0.0584574471659122
Q9LZE9,1,0.270104120574347,0.0638258125118652,0.0587259659490264,0.0637457541113295,0.063346181836067,0.102286922162556,0.163329134126368,0.126592595960756,0.0880435127676846
Q9LZS0,1,0.623346698030679,0.0190571759809962,0.0189356852800393,0.0190263468113641,0.0162316857244378,0.0494585935974193,0.13966512451802,0.0760050128299554,0.0382736772270886
P93003,1,0.453249964310499,0.0402459403251587,0.0355877049947371,0.0401774824128338,0.038285244480096,0.0679783273981331,0.172257622873712,0.097577774985362,0.0546399382194678
A0A1P8BH36,1,0.439071934262665,0.0364700712033104,0.0348216134006123,0.0363734930173324,0.0342004523027429,0.0768619995403683,0.172160862116828,0.108223249115642,0.0618163250404991
Q0WL44,1,0.507428647533027,0.027906575483267,0.0275528345291411,0.0278444408830017,0.024790467723646,0.0663014740852733,0.168344849896328,0.0972773312704612,0.0525533785958554
Q39112,1,0.259677848926575,0.058102683509107,0.0522165720798283,0.0580440342717275,0.0504281774945531,0.104256830721423,0.191440021739008,0.141342357785982,0.0844914734717953
Q9FY65,1,0.294342401016041,0.0543352233133201,0.0497897146542706,0.0543896387104476,0.04373316785573,0.0994616483484251,0.187981973782483,0.135598972961604,0.0803672593576799
Q9FIB2,1,0.348197248200323,0.0320216548098737,0.0318699997880132,0.0319296577495527,0.0273186006078819,0.0914773174878682,0.227174903129068,0.141307941671032,0.068702676556388
AT5G01775,1,0.328012658784616,0.0369350918351964,0.036976971488999,0.0368176295762588,0.0322506274674191,0.100038520124035,0.20682239811758,0.14462198093497,0.0775241216709251
A0A178UBW5,1,0.351240688491158,0.0420186662276499,0.0419623228247856,0.0420251758785931,0.0348353457461273,0.0955851802214543,0.183455120725873,0.129904214328205,0.0789732855561541
Q94CL4,1,0.487976407084765,0.029310601307996,0.0291728331899128,0.0292754076074607,0.0259465505409241,0.0708417078803512,0.168770535119223,0.101719453937866,0.0569865033315004
Q9LY80,1,0.270104120574347,0.0638258125118652,0.0587259659490264,0.0637457541113295,0.063346181836067,0.102286922162556,0.163329134126368,0.126592595960756,0.0880435127676846
Q39057,1,0.478692863256313,0.0325989718694956,0.0312161845421793,0.0325450335870231,0.0293412748306259,0.073123193175611,0.160139766052146,0.103847591631601,0.0584951210550048
Q2V371,1,0.284773086504626,0.0593487425821022,0.0542672448230108,0.0591575414690981,0.0593134178958378,0.0948449506077452,0.183488578307578,0.125058767088794,0.0797476707212077
AT5G02555,1,0.271787276250645,0.0696489697225458,0.0617164780442496,0.0695251780452253,0.0720940649350475,0.0949149143710703,0.15971781615822,0.118256861231175,0.0823384412418216
Q8LBI9,1,0.535738969666817,0.0314128087264014,0.0289283718763547,0.0313743463342803,0.0285094483440442,0.062336905095267,0.142890514086919,0.0889023744060587,0.0499062614638582
AT5G03005,1,0.357461538534075,0.0419306082506263,0.0423196267414136,0.0418932372364077,0.0375858627439592,0.0954203611404724,0.177282518561336,0.125972213990437,0.0801340328012731
Q9SCV5,1,0.325112040883252,0.0538815222839782,0.0487448282475338,0.053733929763563,0.0508078346901859,0.0911358751729022,0.178149302772909,0.123125972201404,0.0753086939842722
Q9C568,1,0.258743680984604,0.0647672133364738,0.0578295050031838,0.0645277580945705,0.0665936311644916,0.100153756749925,0.173855742591078,0.12889354563607,0.0846351664396041
Q39152,1,0.510186982983363,0.0235013628677271,0.0234383483662688,0.0234462975117059,0.0198845381935466,0.0622000159239087,0.191884743495326,0.0982403485303896,0.0472173621277639
AT5G22788,1,0.301303978084148,0.0478990228742147,0.0470353204336126,0.0478330977372928,0.0399397132653411,0.100511957521518,0.195052380561966,0.137960094406507,0.0824644351153998
Q9FG67,1,0.48927335445919,0.0174358679099393,0.0183117066333662,0.0174136861007701,0.0139076809988349,0.0582281136236476,0.242202108333894,0.100224418355353,0.0430030635850047
F4KEA4,1,0.300796885322911,0.0623703348318818,0.0521524851988342,0.0622418313325091,0.0630296438003457,0.0910081790313119,0.172254786845322,0.121344296196912,0.0748015574399725
Q6LA42,1,0.353815944354398,0.0483781613784816,0.0430938756403901,0.0483815123185919,0.0419526080239807,0.0872395326260483,0.18459078070396,0.122513820522727,0.0700337644314224
O49195,1,0.405082382089121,0.0353889376263167,0.0361505781555319,0.0353637081477129,0.0307272579174191,0.087711501239807,0.177297690377185,0.119999250837369,0.0722786936095373
Q4PSE8,1,0.202679701162799,0.0680447694032422,0.0693838625928293,0.0681705595809502,0.0558641762210992,0.11893850877948,0.169155370395581,0.141190232662138,0.106572819201881
F4JZS0,1,0.445492917431394,0.0317079242824469,0.0320461023210005,0.0316698937181572,0.0273295573993697,0.0785776911509302,0.177624709462866,0.111964511781009,0.0635866924528267
Q7X9H9,1,0.338166085974446,0.054526904162004,0.0493655391816845,0.0545205571880404,0.0509469748269427,0.0913271321560147,0.165670364235077,0.119045660195748,0.0764307820800429
Q7X9N2,1,0.357461538534075,0.0419306082506263,0.0423196267414136,0.0418932372364077,0.0375858627439592,0.0954203611404724,0.177282518561336,0.125972213990437,0.0801340328012731
A0A178U9T0,1,0.397554990475277,0.0399726102498551,0.0373071341825297,0.039879443144102,0.034971924428849,0.0811931064035209,0.187774313929596,0.117555204290524,0.0637912728957458
F4K5X6,1,0.37788237340283,0.0350307083267841,0.0364696107706764,0.0349940296384229,0.0301115613916798,0.0937488867542364,0.186254759970906,0.128666389055241,0.0768416806892235
Q9FKC8,1,0.455200931005048,0.0354573777640566,0.0330004849960596,0.0353887088865327,0.0318256307408588,0.0682728284595769,0.18586938130039,0.100629989702,0.054354667145478
A0A1P8BCV7,1,0.492323211614878,0.0314304610986162,0.030401124449335,0.0313714887890527,0.0284011166513856,0.0675410272012927,0.166909100013772,0.0972453504577415,0.054377119723926
Q9LS14,1,0.274206145327678,0.0457569765972393,0.0432487497772065,0.0456685158841001,0.0366636572039861,0.089138421439948,0.260000127690594,0.136283512414426,0.069033893664822
Q9FLZ0,1,0.371666911705968,0.0423968313562778,0.0388256529049303,0.0422700067969831,0.0392390278211252,0.0785245920329914,0.20932516485588,0.115480903205241,0.0622709093206035
Q9FIX2,1,0.324171714410395,0.0499550473630059,0.0453096900232743,0.0498816061494165,0.0465874935940494,0.0886347528833551,0.199918991258904,0.123772579165039,0.0717681251525607
F4KFX5,1,0.365754404214298,0.0513134185629163,0.0458327303715279,0.0512717932800021,0.0478498692916222,0.0874114144878476,0.162102555060628,0.116209552920957,0.0722542618102009
Q9FM36,1,0.310758399697909,0.0458238877810179,0.0425811916118473,0.045641054794845,0.0429221244680691,0.0932819917128577,0.212203928428237,0.133887828890894,0.0728995926143235
AT5G06115,1,0.258105457434461,0.0794426477381236,0.0655109536395218,0.0793254510522844,0.087594467669752,0.0910789896174385,0.147394847770109,0.111946649902138,0.0796005351761721
Q9FLM1,1,0.299684935095036,0.0619702068293344,0.051622331050154,0.0618763064023565,0.059972011066649,0.0915907499213366,0.175170970523604,0.123426310603733,0.0746861785077959
Q9FHY0,1,0.316572190265062,0.0647985795042766,0.0544759804074506,0.0647446498615397,0.0659625344881324,0.0851182856062394,0.165131738506598,0.11150807516785,0.0716879661928514
Q8L8T7,1,0.320654472892146,0.0406077006124141,0.0400553089141224,0.0404795010686445,0.0355017271366563,0.0907970054589706,0.226625464621498,0.133273296759863,0.0720055225356855
Q1PDN6,1,0.265051637839881,0.0658285459788552,0.061558434136304,0.0657322165110865,0.0642459825413332,0.100089665854666,0.165860975685175,0.124184792417008,0.0874477490356907
Q9FKU8,1,0.286159548722357,0.0703017918828401,0.0578002720951484,0.070220735978021,0.0748150966136969,0.0912113477165021,0.156094372484779,0.115981525056564,0.0774153094500912
A0A1P8B9C0,1,0.363367709189698,0.0282815275366435,0.0286842353616733,0.0282688614362439,0.0223426119000177,0.0842436729084225,0.246585653368807,0.13523970045622,0.0629860278422739
Q9FHE2,1,0.28632854142884,0.0644067650059596,0.0563739377977771,0.0643661885877779,0.0643311169932817,0.0940760088888192,0.169130533000171,0.121017121287473,0.0799697870099001
Q9FH44,1,0.336928917005743,0.0508105926244298,0.0480763313942732,0.050708515237429,0.0470402124845635,0.0916473443363309,0.176721681397637,0.121725278362066,0.0763411271575276
AT5G06825,1,0.297951489713343,0.0368207598255421,0.037259397881228,0.0366471830854353,0.0316070951074019,0.0984511295349996,0.237124826915206,0.149270721867369,0.0748673960694747
Q8L7D5,1,0.298151006026358,0.0401659083433032,0.0405530100495934,0.0401576464545854,0.0303857485521645,0.0969169607633487,0.232767654029555,0.144584814501876,0.0763172512792164
Q9FI37,1,0.30786116815395,0.055437088028195,0.050482226190586,0.0554619785239786,0.0460381397891806,0.0937370117756012,0.185928986999776,0.127668561435097,0.0773848391036351
Q9FI31,1,0.554914305534105,0.0244043807981344,0.0243950483907924,0.0243764174796917,0.0210830026943349,0.0610317515879669,0.151861756073156,0.0893935831054329,0.0485397543363853
Q9FGQ0,1,0.357461538534075,0.0419306082506263,0.0423196267414136,0.0418932372364077,0.0375858627439592,0.0954203611404724,0.177282518561336,0.125972213990437,0.0801340328012731
Q9FHN4,1,0.299444797650485,0.0512700437736343,0.0480706266421806,0.0512371144667317,0.0412489677280858,0.098156542783752,0.194698070982761,0.136684504591897,0.0791893313804723
A0A1P8BA64,1,0.265051637839881,0.0658285459788552,0.061558434136304,0.0657322165110865,0.0642459825413332,0.100089665854666,0.165860975685175,0.124184792417008,0.0874477490356907
Q9FJ90,1,0.291417843710281,0.0496106625092772,0.0486342665185373,0.0496535063280714,0.0394713202039146,0.10299474558209,0.193801507642387,0.139333142273101,0.0850830052323392
F4KG50,1,0.450875007001351,0.0349063037221446,0.0343531491477841,0.0348815098311199,0.0310072957247042,0.0785753036833939,0.16288685122147,0.108044349660642,0.0644702300073892
Q9FHC1,1,0.268232359614705,0.0737838375909838,0.0602868256089934,0.0737627726119873,0.0775149396642113,0.0928441030715785,0.157230290134974,0.117237905392805,0.0791069663097621
F4KJ46,1,0.309481675401151,0.068121827260477,0.0560637049068497,0.0681020558137246,0.0662396767135088,0.0884580352345925,0.154913766449946,0.11409981444887,0.0745194437708796
Q9FHZ4,1,0.477818058287693,0.0331681094088105,0.0323547095734178,0.0331303730279871,0.0299376675614926,0.0732996570635914,0.158582117179161,0.101916211349491,0.0597930965483556
Q9FHZ3,1,0.413421299971723,0.0214747785187803,0.0220742901115045,0.0214525529574302,0.016732803140982,0.0652815679525818,0.278705425628406,0.112975808653387,0.0478814730652055
AT5G58595,1,0.28881757192504,0.0463879584499692,0.0469331868189997,0.0462772058188727,0.0391533736135056,0.106285671457061,0.195181121556415,0.143905201733831,0.0870587086263054
A0A178UJA7,1,0.418183219874695,0.0336699910878493,0.0334120854646134,0.0335672815167024,0.0297532193551967,0.0803099523782299,0.190715573173604,0.116836545029009,0.0635521321201
Q9LST3,1,0.291086055620324,0.0466559466997226,0.0454802306415276,0.0465070032672256,0.0405455408114556,0.0942359871464855,0.224373051831861,0.135468117441555,0.0756480665398436
Q9FKJ9,1,0.295885325220033,0.0568567856404249,0.0522610665268724,0.0567582225232938,0.0540655946033537,0.0966799378413022,0.179750118304478,0.127025130563804,0.0807178187764383
Q8LRK8,1,0.239336975665071,0.0728177857877255,0.0633591670794533,0.0726824291788093,0.0738390680914888,0.100524197136708,0.164888071459517,0.125974753660192,0.0865775519410358
Q9FKH0,1,0.250349075349341,0.0545266768417868,0.0521946529779517,0.054574064646117,0.0409216965064759,0.103139263414971,0.21554297518549,0.145151002508552,0.083600592569314
A0A1P8BG95,1,0.243418215242742,0.0482531937924062,0.0448580581863572,0.0481168183189829,0.0403898819051597,0.103934878360976,0.23670594864704,0.155194024407877,0.0791289811384599
A0A178UAT9,1,0.343840132023488,0.0334738612929277,0.0313138546012922,0.0333494060751018,0.028953993267899,0.0751074860422856,0.274940270909002,0.123288705584244,0.0557322902037604
Q9FMK7,1,0.23983117495067,0.0497964010251371,0.0472770873931621,0.0495831650063174,0.0439129339955069,0.107976920525268,0.222814577941851,0.154941819865125,0.0838659192969616
Q9FFQ7,1,0.550672292522563,0.0201267505847598,0.019935060403889,0.0200830023480847,0.0167257399264568,0.0522682074101938,0.195026306011472,0.0858461326902848,0.0393165081022966
B2GVM7,1,0.415519316801786,0.0418039902054541,0.038945945788747,0.0417453551732976,0.0396514541407977,0.0811816272295037,0.164112303612144,0.110324838116869,0.0667151689314015
A0A1P8BEQ7,1,0.425780742639952,0.0348972692650355,0.0323143185669687,0.0347758368483124,0.0326838696616644,0.0719272888353253,0.203208636174563,0.108486161788088,0.0559258762200915
Q9FJQ2,1,0.201688677959982,0.0538465699561625,0.0581819489972887,0.0538801788763202,0.0438034771938538,0.131916942293751,0.183726445218766,0.157976088762535,0.11497967074134
Q9LSL6,1,0.263901641860781,0.0507939296741233,0.0487510385762357,0.0505472028159776,0.0476357366172823,0.109119614471041,0.194638277856374,0.147364191791268,0.0872483663369185
Q9FJZ3,1,0.368159130632509,0.0273042628515508,0.0279692451470202,0.0272750927846149,0.0212365176857194,0.0859608994005618,0.239222134925684,0.139579983447496,0.0632927331248433
AT3G01005,1,0.272819103453645,0.0642808032246967,0.0569291471768676,0.0642159497329825,0.0643946629371081,0.0979749575915689,0.17135821780572,0.125090652695746,0.0829365053816654
Q9SRU3,1,0.239694893421572,0.0683920801062259,0.062859912926313,0.0683181106695171,0.0677014705542501,0.104062539226957,0.169528405197905,0.12892976339861,0.0905128244986494
Q84J95,1,0.372020792624121,0.0456572702862767,0.0432389467570134,0.0456233336233337,0.041844392396026,0.0898852481160566,0.167926716205214,0.119328353342926,0.0744749466490323
AT3G01295,1,0.259289415087343,0.0766786226299449,0.0630586918642064,0.0767283575295493,0.0773846792614213,0.0935906973328143,0.155383277872569,0.117239841382663,0.0806464170394894
Q9S7A0,1,0.427083095145842,0.0422205147722752,0.0376362210549217,0.042159420917772,0.0399294962168738,0.0733288547283607,0.174737708611771,0.103932099367766,0.0589725891844177
AT3G01385,1,0.293185087148301,0.0596065153759214,0.0558128161409876,0.0595363318249449,0.0541956356659825,0.0985327794861625,0.168848284517819,0.12595511851024,0.0843274313296406
F4J3L8,1,0.359906118532659,0.0293878366926362,0.0304969320673707,0.0293163515063428,0.0237561343782504,0.084960278493574,0.243115727315819,0.134073555700995,0.0649870653123534
Q9SR04,1,0.291897982095716,0.0644322950676963,0.0556589076330197,0.064347663619403,0.0647917472006349,0.0929594050168617,0.167134117431471,0.12020022513089,0.0785776568043072
AT3G05152,1,0.247257842521752,0.0774035777112736,0.0638019492618784,0.0772993435850017,0.0845396772395721,0.0945919806075593,0.15584222581338,0.117782434595763,0.08148096866382
A0A1I9LT75,1,0.270664638668288,0.050964833814199,0.0489548605392865,0.0507962841480108,0.0453689162116905,0.103858440640059,0.202822413176931,0.142415776720832,0.0841538360807024
A0A1I9LNF2,1,0.324652340385625,0.0610841752058266,0.052594436410341,0.061026745725971,0.062364674048617,0.0893383157560907,0.158277488287329,0.114967195786286,0.0756946283939137
Q9SSE5,1,0.467693561950498,0.0290205526996386,0.0282638031106543,0.0290029738207078,0.0243713031853209,0.0714279264308157,0.186669281621209,0.107924088889137,0.0556265082920195
Q9SR86,1,0.264143186267337,0.066287181676557,0.0581489867295701,0.0662260894229693,0.0607535037013844,0.102425169379142,0.165414031236141,0.130636474608604,0.085965376978295
AT3G02115,1,0.253443665622062,0.078862012794974,0.0648645581501727,0.0787606308698939,0.0864693377285171,0.0910651787349256,0.153706156885135,0.113499674947223,0.079328784267097
O65719,1,0.301475836657696,0.0425416272178247,0.0391105454372382,0.042435565819663,0.0357359906152972,0.0837888521673634,0.260396107852742,0.130736272131613,0.0637792021005622
Q9CAY8,1,0.239694893421572,0.0683920801062259,0.062859912926313,0.0683181106695171,0.0677014705542501,0.104062539226957,0.169528405197905,0.12892976339861,0.0905128244986494
F4J7G2,1,0.287758725373755,0.0657475559002271,0.0553934978619195,0.0655846414022076,0.0688365154918344,0.0931832181137175,0.164709815146493,0.120781915792493,0.078004114917353
Q9C7D3,1,0.253274530691971,0.0739437681225519,0.0638146710654511,0.0738746698261491,0.0773186826311217,0.0992296511729023,0.151554579757841,0.120658676552785,0.0863307701792269
AT3G02495,1,0.421161948970434,0.0417690917749382,0.0391405130102195,0.0417460957553606,0.0383366782413103,0.0809829586122918,0.160739482878352,0.109230271741641,0.066892959015452
AT3G12502,1,0.473162789683845,0.0388577779822836,0.0351524696461243,0.038829531121576,0.035021117340011,0.0691452662921697,0.156602290686443,0.0971603815782302,0.0560683756693175
Q9LE86,1,0.290651172522226,0.0719102160741937,0.0600308587158978,0.0718438284202528,0.0756204510328535,0.0903336827628148,0.148783607660728,0.112665717763491,0.0781604650475423
AT3G02655,1,0.265051637839881,0.0658285459788552,0.061558434136304,0.0657322165110865,0.0642459825413332,0.100089665854666,0.165860975685175,0.124184792417008,0.0874477490356907
