ID,Cluster,#1,#2,#3,#4,#5,#6,#7,#8,#9
AT1G01120,1,0.377303700216118,0.0300643069810933,0.244554925096208,0.0328715498987585,0.0974558126764535,0.0213102084079491,0.132041797117066,0.0322024853291152,0.0321952142772384
AT1G01180,1,0.47665117975474,0.0259657693194925,0.138119748648083,0.0327903097991284,0.0498674378890714,0.0174431893620641,0.195772623403986,0.0300281168648217,0.0333616249586129
AT1G01430,1,0.271513244168298,0.0472533040079119,0.146409293031559,0.0578330879007982,0.156318406388434,0.0308871989909001,0.178951359469203,0.0544337983908161,0.0564003076520796
AT1G01480,1,0.330634090234471,0.0284665099421323,0.227243506091945,0.0355925894762374,0.106853706643171,0.0207333213720858,0.181107466358627,0.0322882158812976,0.0370805940000333
AT1G02000,1,0.56776180786763,0.0163984725536189,0.138745872351006,0.0210450470982279,0.0405040821325145,0.011156081090065,0.163660310892978,0.0189684966610091,0.0217598293529501
AT1G02860,1,0.374102298456937,0.0319082514977563,0.153230496509826,0.0412893263038844,0.0573880202990003,0.0211665269281429,0.241155754719004,0.0370928560065034,0.0426664692789459
AT1G02900,1,0.527498687645115,0.0190533831528363,0.131798420685699,0.0244103829483718,0.041882785566115,0.0130015514901929,0.194991203275767,0.0220013578099583,0.0253622274259449
AT1G03220,1,0.376603673645203,0.0274703459807061,0.286261170508767,0.0316970749820715,0.0661780180981706,0.0198425397853225,0.130118994488537,0.0302391061171639,0.0315890763940582
AT1G03410,1,0.275509035516533,0.0303463830477949,0.236196620807976,0.0374895701263548,0.168568836166244,0.0223191790897404,0.156872389185659,0.0342735540279548,0.0384244320317426
AT1G04250,1,0.436163598354061,0.0214515643531556,0.108973057493769,0.0297132607257386,0.0380533282610846,0.014126804722374,0.294197286905328,0.0257466339868396,0.0315744651976492
AT1G04770,1,0.355289837077461,0.0321432955710247,0.117382489142425,0.044184008825579,0.0467167631107281,0.0205515450688012,0.298643426946781,0.0386239426363217,0.0464646916208783
AT1G04920,1,0.244951920224827,0.0442875600487525,0.189306765546237,0.0507331546176352,0.171908053656123,0.0320316579864269,0.167523085526277,0.0481660898092409,0.0510917125844807
AT1G04970,1,0.56566745598183,0.0149274897820168,0.0827037515881621,0.0202164088335778,0.0300872644888677,0.00981727421215368,0.237551563247129,0.0177651728279882,0.0212636190382755
AT1G05630,1,0.351313827041321,0.030850344773193,0.133915884664982,0.0436562149243139,0.0520510179869735,0.0206490600685594,0.283480290136527,0.0374860449666424,0.0465973154374882
AT1G06000,1,0.368593427758587,0.0255536412953349,0.271055567626373,0.0308445145331192,0.0772033186117106,0.0185041355118616,0.148190065065201,0.0285839873311562,0.031471342266657
AT1G06570,1,0.387605778314663,0.0261386610838862,0.122615342109887,0.0356256493910579,0.0852352404845477,0.017419694017018,0.256959351595646,0.0312498377043856,0.0371504452989087
AT1G06800,1,0.430392243230957,0.0133055037515678,0.0586818984535236,0.0192472102647003,0.0257068815418334,0.00852871303200106,0.407113923774823,0.0163418237883384,0.020681802162256
AT1G04513,1,0.210496651210803,0.0519434273442916,0.20162869525112,0.059317947940809,0.187887994676566,0.0378252456282214,0.136252003784738,0.0571903132622606,0.0574577209011903
AT1G08250,1,0.450018123414738,0.0265884378469489,0.179316588196986,0.0315915263034615,0.0613311530672568,0.0185691042117921,0.170942132093689,0.029621603145598,0.0320213317195299
AT1G09140,1,0.325502079158084,0.0272980808178531,0.231128877188649,0.0331583494031043,0.136189243679048,0.0196978362788404,0.162637582553924,0.0305271758224492,0.0338607750980479
AT1G09155,1,0.463010470037583,0.019896134718707,0.189965481254483,0.0256954148667919,0.0595917079532393,0.0141101251306567,0.177953606783838,0.0229957627473158,0.026781296507384
AT1G09750,1,0.275007082392874,0.0461682722037839,0.137501459004536,0.0626618415154184,0.109594243897121,0.0303555003799794,0.219100110245193,0.0557538898004866,0.0638576005606072
AT1G09932,1,0.374166866687056,0.0307748346490928,0.127096650787747,0.0433875333232295,0.0619780827083122,0.0199576910415042,0.259920910966218,0.0376208362900822,0.0450965935467584
AT1G11180,1,0.281399463269428,0.0390505854995499,0.208919257801104,0.0430634374555451,0.173247376604602,0.0274062051612658,0.142875308325355,0.0420612017486355,0.0419771641345146
AT1G12290,1,0.37818961582155,0.0222482899267814,0.0873524795978468,0.0322019137365526,0.0368364787349984,0.0145182982477433,0.366636739740446,0.0273472179365986,0.0346689662574831
AT1G13090,1,0.684166021747151,0.0101083634073142,0.0647772735806704,0.0135790523207972,0.0242058085406465,0.00666524546706232,0.170320886094815,0.0119792717819167,0.0141980770596259
AT1G13448,1,0.233364115197228,0.0529498609160138,0.16707164990875,0.0577920301428326,0.18331077242329,0.0375063067227483,0.155368433900018,0.0567441109351901,0.0558927198539293
AT1G13510,1,0.316608023040087,0.0353059527133359,0.210814243111456,0.0457780398400199,0.0806652476246219,0.0257802825537024,0.196318054679086,0.040977309373594,0.047752847064097
AT1G14580,1,0.509013227384964,0.0182131112035593,0.187620375663586,0.0230258486482234,0.0547419407755717,0.0127466157315956,0.150039036796323,0.0209153818772688,0.0236844619189081
Q39103,1,0.327102481690804,0.0306362412106183,0.118747155772637,0.0419454587036775,0.0770835743265015,0.0197168097874426,0.304266747613367,0.0365490184693102,0.0439525124256411
Q9LMR5,1,0.392951006876207,0.0208061837599239,0.282545947168336,0.0239511430440325,0.107220500979771,0.0149294384464627,0.110967983149555,0.022826001363384,0.0238017952123282
Q8GXQ3,1,0.282683028737572,0.038392663456903,0.244780683573986,0.0421070714231309,0.1557370058937,0.0280760063987845,0.126186711764181,0.0414114404825009,0.0406253882692424
Q9SA48,1,0.443726287142971,0.0209804451254096,0.0827404299222167,0.0287678482093925,0.0366131248036909,0.0133824254002011,0.318472036579741,0.0251942894675939,0.0301231133487836
AT1G16670,1,0.529955998019985,0.0183962344113264,0.114972846414344,0.0243847136555093,0.0379614591552112,0.0123638397200501,0.214827102284224,0.0216381031044941,0.0254997032348561
Q9LMU2,1,0.371663727679788,0.0300695061947211,0.131018816515458,0.0402883745443433,0.0554918863958498,0.0206948346913716,0.272622116126169,0.0354770052481468,0.0426737326041524
Q9LMS3,1,0.338949209011606,0.0330050945820249,0.254657698742967,0.0383940957121591,0.0763950331815194,0.0232978356209324,0.160332654819902,0.0362748845193673,0.038693493809522
Q9M9U5,1,0.399648553975827,0.0333316196554063,0.182410738361855,0.040181740914237,0.0656997812006866,0.0222384481193579,0.178725143192972,0.0377239662654184,0.0400400083142401
AT1G19530,1,0.24298295093551,0.0413459341338561,0.202553602757204,0.0504190536051516,0.173639011667863,0.0297855102924878,0.161977223365001,0.0466096914853489,0.050687021757578
Q9FXI2,1,0.334148422750474,0.031574099215165,0.26268208423421,0.0378038897219404,0.0914520437403104,0.0232095241228311,0.145741250419747,0.0353750204465191,0.0380136653488034
AT1G20225,1,0.497726491093999,0.0166691356877679,0.086913610937026,0.0230156967469868,0.0326595443396311,0.0109976263479258,0.287610650206102,0.0199867790325982,0.0244204656079626
Q7XJ58,1,0.401544299779235,0.0338870919003991,0.140787327872232,0.0410938421498205,0.0790976921710745,0.0226319931911762,0.201356924067889,0.0384712594928312,0.0411295693753424
AT1G22500,1,0.486720348800642,0.0241736881731126,0.147853437230834,0.0304011298320414,0.0550175777719608,0.016670650186638,0.180261525594216,0.0278456031550181,0.0310560392555364
AT1G22750,1,0.618914068903404,0.0146647359313523,0.10815605158747,0.0190646723487849,0.0334780323515615,0.00982419896711482,0.159064647954536,0.0171306587492184,0.0197029332065582
AT1G23020,1,0.452277687308654,0.0205009350094124,0.190213606325938,0.0264038248464629,0.062737887649849,0.0147076085290607,0.181872829654288,0.0236334854834755,0.0276521351928602
O23120,1,0.507069851667982,0.0178059739954686,0.197841245648263,0.0220771090152723,0.0528382533299299,0.0127217849390396,0.146697727405132,0.0201673448191098,0.0227807091798023
Q9ZUC4,1,0.452812255877656,0.0283675247803957,0.131182877053776,0.0361307814154332,0.0563216492741353,0.0183675161320428,0.207324893070194,0.0330980118577148,0.0363944905386516
AT1G24440,1,0.460451818890095,0.023336143743561,0.104568328008869,0.0315310659389121,0.041676538104348,0.0150275367677323,0.262732606615451,0.0278798818889288,0.0327960800421026
AT1G25370,1,0.554693586544358,0.0118500552632824,0.0634512299375058,0.0165291690871145,0.0253688639235628,0.00770950613902313,0.288566481198326,0.0142773790382204,0.0175537288686074
Q67YG7,1,0.302468720608597,0.0360408505577278,0.123796829921717,0.0490487658923104,0.096213305044458,0.0242280866096424,0.273923312864523,0.0429273354619927,0.0513527930390323
AT1G26770,1,0.284341448737258,0.045176751242931,0.133352629616562,0.0589516043565304,0.122753605139454,0.0298616503725577,0.212974153660435,0.0535284872087165,0.0590596696655555
AT1G27290,1,0.349941320255604,0.0316390321939859,0.0914293737402114,0.0449358345559104,0.055623411936536,0.0196708881700067,0.321018307904937,0.0390431078330165,0.0466987234097915
Q9FZ93,1,0.340581983037794,0.029118499254685,0.176290770023409,0.0364266106491746,0.142455629077899,0.020203483331553,0.184599081252961,0.0332459687264477,0.0370779746460762
AT1G28380,1,0.483838478079187,0.0217575790246714,0.159168926555565,0.0279620068353374,0.058702483957755,0.0151379299032053,0.179357592096331,0.0252411534914157,0.0288338500565321
AT1G30260,1,0.319052964817592,0.0349954460631057,0.106697834656299,0.050837388125301,0.0724531715650803,0.022752940082557,0.296469262813357,0.0434685256990568,0.0532724661776504
Q9SA87,1,0.286911818615324,0.0399562478729362,0.18097822583556,0.0539424469369442,0.0812161062587983,0.0287003999936802,0.22400935942983,0.0472634825383865,0.0570219125185401
AT1G31170,1,0.360666181633972,0.0285269080724911,0.106733488644258,0.0401953072050709,0.0753427612753208,0.0183118152313766,0.293672751543078,0.0347973184538214,0.0417534679406111
AT1G31540,1,0.421452642010861,0.0236675422199075,0.154484185029821,0.0318450333125945,0.0633157939390531,0.0166940868631265,0.226929491979559,0.0279519556064847,0.0336592690385932
AT1G32270,1,0.370026980148387,0.0303046133018267,0.204320589085458,0.0349517978560801,0.109688702233304,0.0214299334791167,0.160951690064704,0.0332213200000847,0.0351043738310379
AT1G32690,1,0.721372592913634,0.00971082619183709,0.0893237098922627,0.0124767224480086,0.0286957316858321,0.00658293574733015,0.107752876968871,0.0112651963556579,0.012819407796567
AT1G34000,1,0.273795239564685,0.0428725582221024,0.160209854559742,0.0509588396366625,0.178877469809406,0.0294030313952796,0.165470671935478,0.0483622858099427,0.0500500490667027
Q7G1L2,1,0.500163545510858,0.0204572141416964,0.183910177946458,0.0253761603498155,0.05659526218146,0.0142067926428664,0.150077121592903,0.0233453838131345,0.0258683418208083
AT1G46768,1,0.560989712763903,0.0164966917452826,0.13345620235164,0.0212131773047142,0.0573135110163248,0.0113170163704339,0.158249774706368,0.0191449589616341,0.0218189547796993
AT1G48698,1,0.348009435739699,0.0314401077831527,0.193887095448978,0.0371184381526529,0.145194611602139,0.0217741738242104,0.150844869886874,0.0351525306349812,0.0365787369273129
AT1G49320,1,0.427195315738794,0.0258321607727256,0.111999868865571,0.0348803545517413,0.0731039864810056,0.0167760924824444,0.243608803505709,0.0309258444928529,0.0356775731091558
Q9FX94,1,0.413228554009765,0.0281123016222974,0.108306096479604,0.0372522207621155,0.0433008342814599,0.0175248263681172,0.280591944586123,0.0332879686212855,0.0383952532692335
Q9FXA4,1,0.27089888383303,0.0465307405496915,0.144937836752929,0.0582875127849938,0.117916180349872,0.0307176990401735,0.21842409720089,0.0534439005244245,0.0588431489639958
AT1G50250,1,0.24705149470316,0.0474953400338344,0.17233239792974,0.0550653195246629,0.181978393382463,0.0335240004941856,0.155765643346485,0.0528253662690191,0.0539620443164497
Q944R3,1,0.557214759731175,0.0156524001154516,0.109461415515072,0.0210684338048537,0.0508958748167021,0.010655617829953,0.19450862716346,0.0185535517713483,0.0219893192519852
Q9SYD8,1,0.349929277071515,0.0324970237436071,0.105768190542123,0.0449387791294781,0.0468879163258016,0.0199375124035971,0.313772098765779,0.0393672961727718,0.0469019058453273
Q9C8K0,1,0.344827387654396,0.0337736276624902,0.204553341909595,0.0435278394233739,0.0733410596019079,0.0239386702008671,0.191895853068121,0.0392586880786655,0.0448835324005835
Q9C8H6,1,0.425795000007306,0.0278951773572253,0.155979303220751,0.0343907139632055,0.0680612420864215,0.0194685731550035,0.201468252989973,0.0316460465097592,0.035295690710355
Q8VZN4,1,0.34839049754235,0.0297464266894762,0.0986242415680357,0.0410584184358262,0.0542282650717847,0.018391939167105,0.331026887447497,0.035889353116962,0.042643970960963
Q9LPH1,1,0.421344852264107,0.0204584483825597,0.247885327878526,0.0238265151974533,0.0982746044770507,0.0147700666331548,0.126920867130922,0.022467278251022,0.0240520397852052
Q9C8M2,1,0.414157147076104,0.0270173168696727,0.137051520417473,0.0346452831657784,0.0817229084117581,0.0179682327889139,0.220538773261647,0.0313733322363709,0.0355254857722823
Q9SYF3,1,0.245580196924393,0.0470276086268781,0.245501886071431,0.0509624856869863,0.145402575423665,0.033550861866381,0.132621671779532,0.0503252595385013,0.0490274540822327
AT1G54120,1,0.378889417178954,0.0242319113013175,0.237968172479197,0.0298305419568846,0.0931213186165497,0.017798477709839,0.160127947636324,0.0272967154742396,0.0307354976466946
AT1G54540,1,0.481881529049428,0.0218691709690418,0.204695353031423,0.0257329336229777,0.056927560068786,0.0154812755993237,0.143187454597782,0.0242031200513225,0.0260216030099152
A0A1P8AVS4,1,0.255766178550856,0.0428985379913004,0.171112217221906,0.0541421276935752,0.155496060938562,0.0294735404487927,0.187050204047478,0.0493779796654555,0.0546831534420744
Q94EG9,1,0.296290599800637,0.0431874395266509,0.120300925080329,0.0585171869448713,0.0742861978129323,0.0269722468688503,0.268782047515619,0.0518948334284322,0.0597685230216777
Q9C7K7,1,0.459537935113088,0.0266827438202114,0.167590891155381,0.0316244636938259,0.0605170163066352,0.0181723704536146,0.174291009142883,0.0297279959099606,0.0318555744044009
AT1G08173,1,0.304139445654726,0.0397676734969654,0.216516071589681,0.0468443062918828,0.114762225278071,0.0276315764287008,0.159583637253154,0.0443786292532624,0.0463764347535557
AT1G60010,1,0.298793347561617,0.0380571410815921,0.128005081489032,0.0532156074583594,0.1024062600968,0.0249479113358708,0.253267454192818,0.0463341685853375,0.0549730281985739
AT1G61795,1,0.606387463321766,0.0143221587241608,0.146893112813502,0.0176247871346361,0.0537742538154229,0.0100373506470259,0.116785339462302,0.0162616276648891,0.0179139064162949
O80698,1,0.376719923915413,0.0279464935281858,0.252923237768834,0.0336151057929911,0.0693988374482467,0.0202510488715547,0.153691517635677,0.0312794251964024,0.0341744098426954
A8MRV9,1,0.347658722357658,0.0296061087940364,0.193087359253869,0.0386197722958066,0.0999730458653275,0.0212612450323686,0.195043926286556,0.0345183239825911,0.0402314961317867
AT1G64200,1,0.447215540199621,0.0219393438611479,0.145715029301222,0.0284802295488354,0.0604960309764376,0.0147208900804124,0.226410269264079,0.0254234201251323,0.0295992466431125
Q8VZK1,1,0.567257189823927,0.0146782362675493,0.0793359554480497,0.0199111307435922,0.0279857533205477,0.00948942698319478,0.242962246903981,0.0174939724613958,0.0208860880477629
AT1G65840,1,0.400302723333075,0.0278293864293876,0.174172531340363,0.0362869087768128,0.0557876336855844,0.0195374508498649,0.215708467948481,0.0323911478824441,0.0379837497539874
Q9C710,1,0.385784532423322,0.0319271853386359,0.162534550005905,0.0384889936594808,0.0886487576363425,0.0212405709669261,0.196841603192428,0.0359279428935295,0.03860586388343
AT1G67328,1,0.453959447562172,0.0272412163087823,0.140568455331421,0.0343170727003104,0.0735771021856167,0.0178507678959486,0.186545351417732,0.0315856833233802,0.0343549032746371
AT1G67650,1,0.371095724962928,0.0322599450674023,0.1603263345897,0.0415269306204411,0.0888483818041404,0.0222091332307687,0.203863821247637,0.0375650502860953,0.0423046781908883
AT1G67730,1,0.524255454755135,0.0148142887188572,0.0744112570736309,0.0203812464529836,0.0285967132689324,0.00958175918654942,0.288656676738796,0.0177572147528028,0.0215453890523135
AT1G67910,1,0.25277546573069,0.0528566761133754,0.139758452103322,0.0642134656703856,0.141488012318256,0.0337109549245208,0.192035277158574,0.0604241905951472,0.0627375053857287
AT1G69050,1,0.278454807672996,0.0406508454154133,0.184684671309412,0.0485548713110728,0.148611213538537,0.0291400432272172,0.175635437594942,0.0453518377838642,0.0489162721465452
AT1G69550,1,0.273158041718641,0.045464609783868,0.112919032926845,0.0628318051233947,0.101747012342002,0.0285159616996487,0.256029318909447,0.0554433092537243,0.063890908242428
Q94A41,1,0.277558795308371,0.0327324283831429,0.219977638306355,0.0397741834098036,0.155676727184769,0.0237929318469401,0.17314779528809,0.0365190582330341,0.0408204420394946
O04532,1,0.531700481912102,0.0177089923035721,0.114865009404124,0.0235373960934696,0.0387350519924704,0.0119130981087192,0.216033010069368,0.0208444556410862,0.0246625044750891
F4I5D4,1,0.287199704012856,0.028458880313995,0.208780035628126,0.0343424977539045,0.21233227370424,0.0208169633868158,0.141546063192756,0.0319223053228152,0.0346012766844918
AT1G70690,1,0.395728151427964,0.0260049283015336,0.246826552103071,0.031656628077515,0.0632230006490609,0.0188353268013847,0.156039987808037,0.0292585386503555,0.0324268861810779
AT1G70790,1,0.412691748790742,0.0229303879854227,0.0898413025709239,0.0309466882317643,0.0429331297708505,0.0145408278067633,0.326504841502695,0.0272467734082979,0.0323642999325402
Q9SSL1,1,0.365693065536724,0.0279855728471617,0.0979301363985836,0.0388631522592082,0.0488927198431699,0.0179559610641709,0.328058118468671,0.0337686615055316,0.0408526120767795
Q9SSJ7,1,0.435660581956374,0.022979929831125,0.212245971891499,0.0288809321182188,0.0603094707321386,0.0162214339546205,0.16773007085043,0.0262573238613513,0.0297142848042425
AT1G71740,1,0.386911078541959,0.0231263168299289,0.304920368249147,0.0271751555261646,0.0621905652503112,0.0167132674361327,0.126002927251977,0.0255850310450252,0.0273752898693539
Q9C8X0,1,0.303089096876536,0.0417976867886015,0.178178795315145,0.0512256551169599,0.115317240829865,0.0294398457256664,0.18208224875651,0.0476616943416376,0.0512077362490788
AT1G71970,1,0.275742608632435,0.044959942926832,0.113500348858888,0.0599308991847032,0.0991019722957096,0.028267357647371,0.26360897464069,0.0535727083015034,0.0613151875118681
AT1G72200,1,0.46927562683013,0.0221364766936922,0.162202042569363,0.0284663808087363,0.055391951688248,0.0156285526315835,0.19159467973099,0.0256040242599724,0.0297002647872862
AT1G72220,1,0.43733577540221,0.0240481491595653,0.13027771341958,0.031788850942699,0.0476110229730476,0.0161196631193982,0.251348918412305,0.0281758586962872,0.0332940478749077
AT1G72230,1,0.457093851848822,0.0231056185116884,0.207477093324194,0.0264033595041603,0.0914108163940244,0.016116430576846,0.126996303223086,0.0253292689174014,0.0260672576997777
AT1G72360,1,0.331456717508615,0.0333898079930636,0.2536472863763,0.039416969491611,0.0873204876615504,0.0234356535500692,0.154960835717829,0.037107133817362,0.0392651078836004
P94111,1,0.480596077608293,0.0192338972326141,0.245140502762678,0.0224615022282728,0.0534320933747571,0.0137414980951531,0.121530161147496,0.0211960066634637,0.0226682608872719
AT1G74650,1,0.297696200891108,0.0336459848491801,0.262776285536343,0.0371780472768569,0.137420773575047,0.0257837056542454,0.132439242471747,0.0360679158371861,0.0369918439082865
AT1G74710,1,0.557709706913437,0.0151870026112256,0.121825145329043,0.0198044227908072,0.0515339007848915,0.0104226330194708,0.185218830507594,0.0176467521202418,0.0206516059232893
Q8GRN0,1,0.460121079881055,0.0259627433334543,0.112197678887351,0.0339300188280561,0.0484535166562241,0.0164252933376127,0.237773071267377,0.0306094826211429,0.0345271151877272
AT1G75770,1,0.275559264909121,0.0442050970728474,0.140598399362929,0.05850340499818,0.132980073554622,0.0299005750702485,0.20645431252136,0.0526269081794518,0.0591719643312401
AT1G76360,1,0.384815243728071,0.0155362496125855,0.369588304642682,0.0182170384466242,0.0712350105735723,0.0115897518758731,0.0934365094237524,0.0171189646073134,0.0184629270895266
Q9C9R4,1,0.29863763639149,0.0379393776153161,0.155247626271345,0.0469463890639249,0.158306250396466,0.0262912802463486,0.185960150056391,0.0434109688847973,0.0472603210739211
AT1G78570,1,0.452528947061212,0.0195617190529851,0.107968384681548,0.027275458925702,0.0409023481578196,0.0129462264464424,0.286260922489904,0.0235425364642106,0.0290134567201756
AT1G79720,1,0.260510762222968,0.0370526269042479,0.217799961096215,0.0451602544500305,0.161981836937468,0.0276030340431289,0.162206638729854,0.0416183415651006,0.0460665440509874
AT1G80180,1,0.396002930153908,0.0243819691850699,0.205648608743843,0.0286905763400616,0.129644305604517,0.0170864036684003,0.14285832342445,0.0270332694627881,0.0286536134169616
Q9LFB1,1,0.383451581115547,0.0239285170420841,0.301556185719426,0.0277036134158486,0.0668150492805376,0.0175223026998948,0.124823086328258,0.0262753645441233,0.0279242998542802
Q9M040,1,0.314939133446221,0.0340049668495259,0.19652349419991,0.0397764077208589,0.168525402913684,0.0242067352396699,0.14509391934141,0.0378787320433593,0.0390512082453609
Q9LZW4,1,0.430801956516544,0.0220265257884813,0.268433591620277,0.0255939993608771,0.0704623425214512,0.015524305984922,0.117365404299613,0.0243664887971881,0.025425385110646
AT5G01830,1,0.551174096082045,0.0133677555097464,0.0703679579103113,0.0185863463999191,0.0260370292256008,0.0086765048431439,0.275974943059042,0.016108990137036,0.0197063768331552
AT5G02170,1,0.300449041655086,0.0367621746396969,0.12883658680345,0.0511840301540367,0.0893920417288795,0.0243045161557936,0.27085472958318,0.0443618858167191,0.0538549934631574
Q8GYS4,1,0.225031198659925,0.0564392854609438,0.153458623355897,0.0704228002561114,0.140991745885693,0.0374092248476847,0.181737225383876,0.065050273616265,0.0694596225336032
AT5G02560,1,0.49416410442544,0.022794509516604,0.151096563169634,0.0277922774628028,0.0527777292969711,0.0154100487303205,0.181960318756545,0.0257150170040961,0.0282894316375864
AT5G02890,1,0.342716902458466,0.0292772991122621,0.272712058656725,0.0350189522130422,0.0739636111438477,0.0213609070965732,0.156551137538634,0.0325608441180718,0.0358382876623784
Q9LZF4,1,0.388214134224101,0.0224032261022377,0.293343196382604,0.0268661216981068,0.0769838111219506,0.0163999403797985,0.12354524474097,0.0251020345743414,0.0271422907758896
F4JW83,1,0.397673231304774,0.0246236240650681,0.122029778123833,0.0330015304354019,0.051379000243572,0.0159625409436905,0.291615917572537,0.0290204584911346,0.0346939188199885
O22533,1,0.401922692122801,0.030428801945133,0.190205373048279,0.0352022772450318,0.0943061475853155,0.0208241694279756,0.158662030440197,0.0336375277231477,0.0348109804621192
Q9FF65,1,0.37192739342722,0.0262979411984495,0.224719400899613,0.0297998070387029,0.144264225128848,0.0187706998315087,0.126150467369702,0.0287058730167042,0.0293641920892524
AT5G06220,1,0.340463791814908,0.0346516473236819,0.130610012630779,0.0451168399566517,0.112849147534627,0.0227266503846533,0.22701039194461,0.0407695194066342,0.0458019990034558
AT5G06280,1,0.416579288506953,0.0181078832478699,0.0851606099486395,0.0252900132580939,0.0343526536423212,0.0116957561726388,0.360022618984418,0.0217731065784881,0.027018069660578
AT5G06820,1,0.24816684417322,0.0499930833730541,0.13157854563423,0.0653870397027935,0.10646127216131,0.0321465629710852,0.240888621626846,0.0584794968263183,0.0668985335311423
AT5G06839,1,0.383188704615261,0.0212130685722842,0.0887897953465222,0.0307490145959046,0.0405540930140733,0.0139624057119909,0.362262202752046,0.0260587497068945,0.0332219656850228
AT5G08240,1,0.38131596351187,0.0247102549813167,0.280949319540224,0.0272892498677188,0.0991200279026564,0.0181927782699564,0.114954552990818,0.0265287081933403,0.0269391447420993
AT5G09430,1,0.246339916162155,0.043069257666874,0.173249260690626,0.0523482328028012,0.197953392310726,0.0298897794001852,0.156644720462343,0.0490083035317389,0.0514971369725501
AT5G09978,1,0.353008822427422,0.0255060063031932,0.295351522384126,0.0304648461353015,0.0750158110427843,0.0186550830671543,0.142592343944005,0.0283407947025934,0.0310647699934212
Q9LX09,1,0.272921588342836,0.0452916916678007,0.119501289484264,0.0626137290975713,0.09277196574007,0.0284463355284774,0.25979417008467,0.0549519104707752,0.0637073195835354
AT5G10280,1,0.610353699066971,0.0140271766684648,0.115961178056295,0.01786665745121,0.0395506123024946,0.00952273114455365,0.158104753953965,0.0161426136651238,0.0184705776909231
AT5G10480,1,0.625491815943045,0.0153466140849066,0.105650911442198,0.0194045006088567,0.0448591382623112,0.0101977750301225,0.141655365761232,0.0177469661627922,0.0196469127045365
AT5G10695,1,0.390383999429703,0.0273893554291918,0.157128076044174,0.0352386230420157,0.0799387859060856,0.0182417553965908,0.2237111013119,0.0317008198016751,0.0362674836386636
AT5G11160,1,0.19425420582338,0.0634475063953376,0.166990378686018,0.0711121268493932,0.179324506205493,0.0448194049257138,0.142639291725553,0.0693339369596511,0.0680786424294604
Q9LYD5,1,0.347313786346313,0.0330820544960401,0.211846240184612,0.0398166761446445,0.104882791524915,0.0238107158440499,0.161992747262051,0.0371996559521246,0.0400553322452501
AT5G11650,1,0.426161074333116,0.0234488923342114,0.0988000435603947,0.0323352773967075,0.043972628986709,0.0154677580880067,0.297418370142693,0.0282141246790809,0.0341818304790813
AT5G12420,1,0.329562451767958,0.036535032297548,0.247589878971675,0.0386432498924084,0.115049200507993,0.026329897245677,0.130319208514038,0.0385565330619965,0.0374145477407057
AT5G12890,1,0.475853011256956,0.0154709125565436,0.282094869291609,0.0181565742684284,0.0653349246279444,0.0113029420578111,0.096411514504445,0.0171092306193923,0.01826602081687
AT5G13200,1,0.3654590855268,0.0328091109642731,0.170528327273713,0.041283170846781,0.0706664707466476,0.0230497122746886,0.215935813978771,0.0375118089016968,0.0427564994866281
AT5G02095,1,0.342808521082809,0.0337379167438552,0.176866551087968,0.04282180426235,0.0922228548863814,0.0239840485219138,0.204592011789838,0.0387763271813471,0.044189964443538
AT5G13870,1,0.304012378711298,0.0399364299018805,0.197997364288116,0.0481113240508529,0.123601532736143,0.0270602864174474,0.166707522854264,0.0451740499438555,0.0473991110961424
AT5G15940,1,0.421929009521646,0.0294419215876802,0.131781495982411,0.0374509171034367,0.0678151170196453,0.0189420626011371,0.220800380734424,0.0341926535031592,0.0376464419464603
Q9LFS3,1,0.474393538565679,0.0215267185481245,0.103161075043827,0.0292470235995889,0.0475637821237837,0.01430254494527,0.253480639497086,0.0257446417344808,0.03058003594216
AT5G17000,1,0.442576664706557,0.0269767932998916,0.137862642193968,0.0343282129898347,0.047033201891483,0.0180721402036807,0.226574137253884,0.0311314772931185,0.0354447301675825
Q9FYN3,1,0.2860859488805,0.0421598060935985,0.129315347751865,0.0568807843537679,0.0996160070485306,0.0285825581172084,0.248310512973858,0.0502175430034629,0.0588314917772096
Q9LF64,1,0.333714963130189,0.0344370784107812,0.14534269701342,0.043062200459074,0.118034557224119,0.0232252715008355,0.218914443836557,0.0394183019054925,0.0438504865195312
Q700D5,1,0.356811700313746,0.0236490450035482,0.306015866076636,0.0276530651459031,0.0943486540735517,0.0169186926577248,0.120925116406961,0.0261256187115157,0.0275522416104131
AT5G18150,1,0.503040742125014,0.0173001512690625,0.106130333737684,0.0234439747617301,0.0373854546337567,0.0116491036220368,0.255705546084705,0.0204899784450734,0.024854715320937
Q940K1,1,0.392452193574847,0.0285439533214637,0.263895667501395,0.0324359732313685,0.0686984606648556,0.0201525192049964,0.130556680608055,0.0312753959533144,0.0319891559397037
AT5G19970,1,0.43413767052011,0.0198298524205494,0.203626790087826,0.0253332424211908,0.0807565940195808,0.0142749269222233,0.172874858776205,0.0227384249656203,0.0264276398666938
AT5G20240,1,0.266285338467571,0.0434958914567494,0.244301315309938,0.0493256461743153,0.121120071599155,0.0326448142160029,0.146836359507865,0.0473454641063242,0.048645099162079
AT5G20270,1,0.253318130864061,0.0341436193155923,0.214972292169631,0.0375849432204908,0.235696995468243,0.0254823657989127,0.125171429499768,0.0365957109356932,0.0370345127276083
AT5G22020,1,0.48208216484281,0.0186547545864101,0.139940395165919,0.0246935199537168,0.0567505340575596,0.0128024023810109,0.217321117540695,0.0218098283793663,0.0259452830925113
Q9FMX8,1,0.376200910749802,0.027092053942132,0.246394147577055,0.0320718562081235,0.0730760625798849,0.0192725198083694,0.163291418890833,0.0299155799086717,0.0326854503351283
AT5G23340,1,0.508320264657774,0.0195894165169124,0.208532235756345,0.023432041135715,0.053669416233347,0.0135775153111315,0.127374790749519,0.0219667678686446,0.0235375517706114
AT5G24300,1,0.244560111905341,0.0406231071743734,0.175038871694035,0.0470661817841866,0.228779514558454,0.0280382761230874,0.144959213588694,0.0450350824904716,0.0458996406813581
AT5G24380,1,0.413639914321888,0.0267091255345027,0.150725905615504,0.0360763169883884,0.0540210982960589,0.017752643774198,0.231740165026761,0.0317907072448289,0.0375441231978703
Q9FLV0,1,0.402138052004705,0.0262810429984078,0.145075772233991,0.034960059763763,0.0659895267708728,0.0184615361193549,0.239359808628873,0.0308789666009533,0.0368552348790791
AT5G25120,1,0.250649833386037,0.0318145542212643,0.221550945455289,0.0368639960318832,0.235003784456021,0.0240619519199232,0.128224339758757,0.0349775838285851,0.0368530109422392
P58050,1,0.441078447550299,0.0217804035746751,0.142740454711219,0.0292606514398475,0.0697561302017548,0.0150980683686251,0.223855794919373,0.0257310066736262,0.0306990425605803
Q708Y0,1,0.32485524412341,0.0396627481286379,0.0952914588608531,0.0545642514310403,0.063230394184995,0.0236681060276855,0.295139903960901,0.048511786123894,0.0550761071585831
AT5G25450,1,0.308467407844071,0.0365950548374255,0.207151865333673,0.043297673099806,0.103129724139473,0.0260586902696251,0.1909085610465,0.0403146667198297,0.0440763567095968
A0A1P8BG76,1,0.227569553675142,0.0594632481345384,0.139895177439403,0.0712546483385762,0.155065111342969,0.0389429865722021,0.171424103452372,0.0678713632530227,0.0685138077917737
Q8GXF7,1,0.410541430305132,0.025595866299588,0.122123715419032,0.0355863051910712,0.0474821307961181,0.0169932568733216,0.273300797589946,0.0308761707579701,0.0375003267678216
Q6NPN5,1,0.356848422308905,0.0323194456473057,0.166553993217446,0.0391066141784977,0.133217435072006,0.0219516875671263,0.174435826175808,0.0365944076506266,0.0389721681822785
Q94CI7,1,0.613187111810658,0.0134959326921343,0.147417631875391,0.0167850898831909,0.0475662417631745,0.00942472808215575,0.11959017386547,0.0153749409471745,0.017158149080651
AT5G27930,1,0.437514120263924,0.0247700550959003,0.163172405131974,0.0321927414198228,0.0523160129352743,0.0172841783038253,0.210362844527815,0.0287995873054445,0.0335880550160199
AT5G35110,1,0.328559786133397,0.038781108972897,0.133740673533908,0.0486475111327333,0.104747417626696,0.0255690564426719,0.226047662699269,0.0447416378810535,0.0491651455773751
O65238,1,0.345615872840124,0.0304650915564635,0.129046806917908,0.0426289068407602,0.0523910095680003,0.0208967600659506,0.296431629000182,0.0366790338195968,0.0458448893910146
AT5G36170,1,0.255551844794643,0.0545150762516479,0.118770221054693,0.0704032520458966,0.118533661635211,0.0336637745558218,0.21473023166041,0.06480954267428,0.069022395327396
AT5G36220,1,0.30691293967361,0.0340962623186896,0.144933354826329,0.0468367984458101,0.0860578985267346,0.0241710948062604,0.266370209182673,0.040548802408572,0.0500726398113209
Q9FG44,1,0.28389363662552,0.0408885393071298,0.181875848332395,0.0510117015119142,0.127472120199756,0.0292371183114571,0.187209839959449,0.0467518930504692,0.0516593027019105
AT5G37670,1,0.228428668446321,0.0532341226533167,0.183930399273802,0.0572363407974084,0.176883326244099,0.0376664352092996,0.150898280479082,0.0564433251962251,0.0552791017004463
AT5G37820,1,0.495155081339951,0.0207828386177167,0.188647608004396,0.0252077681123352,0.0555427006735476,0.0147052883373813,0.15083578938663,0.0233633223050121,0.0257596032230296
Q9FKQ9,1,0.404496121239674,0.030061762206628,0.143671845365418,0.039020376738588,0.0628456306905216,0.0194264075288947,0.225677974048926,0.0351809750468973,0.039618907134453
AT5G38850,1,0.368009927461444,0.0345229311442771,0.129906429452239,0.0459130185091871,0.0835641271190269,0.0230015516747927,0.227065004563457,0.0411927786789528,0.0468242313966242
AT5G39970,1,0.363660514286291,0.0248861247663727,0.317354959377553,0.0289160507547895,0.0651212498603023,0.0181102281316857,0.125526820566852,0.0273817901670121,0.0290422620891424
AT5G41570,1,0.39413044939677,0.0316972075230434,0.147048741869043,0.0387066396031107,0.070921691622985,0.0212840011537976,0.220834938225136,0.0358208863430223,0.0395554442630927
Q9FHZ1,1,0.323093490020963,0.0373014198783389,0.128572997445837,0.0516963351280927,0.0715333656095807,0.0238377044858644,0.265077364868165,0.0452652032208742,0.0536221193422841
AT5G42440,1,0.504972639917778,0.0211825727055657,0.146759955340628,0.0266861809218373,0.0588342066853704,0.014425761661847,0.175533787350659,0.0243348712589784,0.0272700241573363
Q96242,1,0.276534923541235,0.0352164826753875,0.199100145950884,0.041572943317877,0.190779193380687,0.0254801140361045,0.15067583251386,0.0391691885700309,0.041471176013934
A8MS31,1,0.502512990531701,0.022996083834102,0.166930831225599,0.0275107320953498,0.0629800716739513,0.0159913554965449,0.147666657944292,0.025826390283266,0.0275848869151943
AT5G45110,1,0.551311805057464,0.013583820780974,0.0696133073617885,0.0188135750886651,0.0275485687809596,0.00883495239168368,0.274084271243112,0.0163419252414271,0.0198677740539265
AT5G45800,1,0.61269973534193,0.0151809580875857,0.117944702742185,0.0190007475862923,0.0374706640336949,0.0102224058743878,0.150647310321262,0.0173666906855934,0.0194667853270682
AT5G47140,1,0.359706220395244,0.0285718319852877,0.101637325998937,0.04048052560662,0.0395428347544743,0.0181567612517799,0.334126400322742,0.0348521385231501,0.0429259611617641
Q9FGL2,1,0.393636788065368,0.0237745616624365,0.181124543864684,0.0301395965800255,0.0999332719255773,0.0167082967332487,0.196179153272746,0.0271774974720739,0.031326290423841
AT5G47740,1,0.486304296534762,0.0158797361538754,0.243694257152516,0.0191990681972771,0.064052621779263,0.0114483426372451,0.122032573872955,0.0177337830007568,0.0196553206713501
AT5G47830,1,0.449245601658081,0.021829540539648,0.146744775635511,0.0284243854298454,0.060026645861664,0.0147219210812035,0.224129703298144,0.0253457837821871,0.0295316427137155
AT5G48590,1,0.278863061134557,0.0449026155520864,0.123388217138625,0.0599570424738817,0.116771221074094,0.0292345934300524,0.232337021792715,0.0537349813253857,0.0608112460786027
AT5G48880,1,0.385154804501679,0.0303209207258682,0.218803429935455,0.0368729160129579,0.0748599721542335,0.0211171519967521,0.161528205565977,0.0343129717739536,0.0370296273331235
AT5G50240,1,0.316185203768421,0.0293309091703594,0.208440824649877,0.0348762184396944,0.164888169288527,0.0216021726656431,0.15669094762963,0.0325467233296123,0.0354388310582361
Q9FK27,1,0.369002014988084,0.0278492437844084,0.144184746081536,0.0367425260982459,0.105696325013235,0.0190493759563665,0.226716614747019,0.0327003471212965,0.0380588062098077
Q9LU58,1,0.476718538353733,0.0187262874551464,0.243144615720468,0.0220507583816679,0.0681453165783245,0.0135731399495564,0.114663446302906,0.0207733488014141,0.0222045484567831
AT5G51170,1,0.342766576568957,0.0320458346502499,0.108258661424364,0.0451926299963266,0.0577034255994652,0.0197964999486647,0.308119165266068,0.0391320712671539,0.0469851352787508
AT5G51680,1,0.397496018184028,0.0266480596590458,0.173683374922793,0.0347525694982068,0.0566793058935823,0.0182651270303704,0.225069893194114,0.0309615191199123,0.0364441324979467
AT5G51780,1,0.501038812093277,0.024360890227627,0.116979286903741,0.0309625916720781,0.055361824856503,0.015637495035704,0.196184656351232,0.0283819503110826,0.0310924925487541
AT5G53110,1,0.373263772200938,0.0177278388089977,0.369099108913358,0.0203418347520226,0.0701591354507301,0.0131361947357603,0.0965096343106974,0.0193388093430915,0.0204236714844046
AT5G53730,1,0.272542596728594,0.0378017499466661,0.190784361286048,0.0434201665543685,0.185730998356329,0.0278072711826379,0.157220299179093,0.0413092388032559,0.0433833179630079
Q9FK25,1,0.650424745673888,0.013210839026616,0.0945403708135204,0.0172561507918978,0.0296596631070585,0.00879509890246432,0.152816319934846,0.0154766539217309,0.0178201578279776
AT5G54940,1,0.361101511460477,0.0302439099570154,0.166949836093788,0.0368200471675715,0.130842290029649,0.0206097596888899,0.182292586183753,0.0341658568827984,0.0369742025360572
Q9FJN6,1,0.356936766055204,0.0346926422795362,0.175482314452368,0.0408617426540839,0.113454076679997,0.0237912132400328,0.175382948750369,0.0386558264691536,0.040742469419256
Q8GWP9,1,0.232656068696783,0.0528095174864629,0.149656586094288,0.0645076938293392,0.160510012459019,0.0352614638776318,0.180430080787249,0.0602232959931522,0.0639452807760749
AT5G58070,1,0.384738460904357,0.0313074023691383,0.126103218892558,0.0414193619797705,0.047755776094862,0.0198890498864548,0.269042677402654,0.0369506598266656,0.0427933926435402
AT5G58540,1,0.449385783052796,0.0240619658519392,0.201761267042262,0.0298357085015718,0.0557722891128025,0.017092044851743,0.164099587138662,0.0273922792333138,0.0305990752149094
AT5G58870,1,0.259572970652752,0.051835095815993,0.110372622625356,0.0710183304848798,0.0978843681508336,0.0315852404950979,0.243055805279744,0.0634258222242909,0.0712497442710516
Q9FIL9,1,0.45997520347752,0.0213655105813584,0.171599889989691,0.0282368141482815,0.0567191520629152,0.0148719890741937,0.192733459813626,0.0250531238020072,0.029444857050407
Q9FIF1,1,0.38431506151217,0.0289845089158363,0.203444005004797,0.0366522662006652,0.0718373350741487,0.0209973573178771,0.182596100977373,0.0333081259592416,0.037865239037891
AT5G59320,1,0.285568865747316,0.041773286433072,0.219415207032238,0.0458085325421211,0.142219769788468,0.0295419199180681,0.146213251040471,0.0448289638713998,0.0446302036268473
Q9LTH7,1,0.331610621984357,0.0243354989781256,0.289851396275443,0.0279663273991025,0.133576624631118,0.0184784496264304,0.119513809970636,0.0265667142463632,0.0281005568884241
AT5G60360,1,0.480570155085897,0.0172076149241352,0.0807618560228182,0.0240498412913823,0.0308067726165329,0.0111902763185245,0.309052786646377,0.0208026910412837,0.0255580060530484
AT5G61340,1,0.426420676070788,0.0253551566047101,0.129502105481657,0.033566157177265,0.0464747067915776,0.0170488134164745,0.256528943009488,0.0297783118716717,0.0353251295763675
AT5G61430,1,0.443800723119111,0.0247687083970103,0.164891315088394,0.0314504669209396,0.0564758784039635,0.0174593618380076,0.20002397779862,0.0284484457055603,0.0326811227283932
AT5G62720,1,0.448470312026125,0.0183421545716107,0.101355409432003,0.0254615630582834,0.0454003970830309,0.0120731452411873,0.299910157879445,0.0219937449857908,0.0269931157225244
Q9FMG6,1,0.276835916521669,0.0300986027646306,0.245113859295427,0.0362942985299247,0.157689289511605,0.0223149486870922,0.160911004067919,0.0334041665179792,0.0373379141037538
AT5G64230,1,0.438289413789191,0.0209607168894522,0.230135859946536,0.0251094814106212,0.0889263627426971,0.0151453802482309,0.132583015393089,0.0234383441085997,0.0254114254715832
