ID,Cluster,#1,#2,#3,#4,#5,#6,#7,#8,#9
Q8RVQ9,1,0.305380978937696,0.0264403655330699,0.0365229656350555,0.0125482402658718,0.288028186671008,0.0206297325327733,0.013674962301491,0.166709583053667,0.130064985069366
Q0WWX5,1,0.518988455146716,0.0112466710824475,0.0314979299885317,0.00584394990913053,0.124393270049903,0.00941296767459284,0.0067039053050761,0.0638876272819467,0.228025223561655
Q9FWY7,1,0.450132960104733,0.0158610524854202,0.02271977128245,0.00671298081163846,0.252349499156518,0.0124612550901773,0.00818376701769494,0.111986722508045,0.119591991543322
Q9SA57,1,0.335586590655225,0.0284670644745582,0.0529531918199759,0.013445605486963,0.186516139001565,0.0234967235437511,0.015823153775431,0.118375827890263,0.225335703352268
Q9LR70,1,0.43388909873663,0.017459752204594,0.0398831706006253,0.0090455492890212,0.156604916837483,0.01473796068469,0.0103180099095692,0.082903115219462,0.235158426517926
Q6AWV1,1,0.276182920398472,0.0296677920885377,0.10279888105291,0.016084405717459,0.163902899164618,0.0259236463886681,0.0192639985115285,0.115629042703589,0.250546413974218
A0A178WEL9,1,0.328615062997305,0.0261242404033413,0.0409787829552244,0.0122130942830408,0.24159644034038,0.0205890172857171,0.0138750509002492,0.152693736588351,0.163314574246391
A0A178WFM0,1,0.32693010638663,0.0249401962055817,0.044894615431382,0.0125505687708099,0.240818252040828,0.0199270706430767,0.0138022939722609,0.149281284498537,0.166855612050894
Q9ZVP5,1,0.227956099086324,0.0538517907766122,0.0848002664679958,0.0295319689935112,0.185806521034083,0.0468649347813488,0.0336060927116766,0.148977592848665,0.188604733299784
A0A178W4P4,1,0.286721782770269,0.0337875931037614,0.0707581912102695,0.0201654860830104,0.187323907785617,0.0285599985947029,0.0204160257600452,0.126895057067149,0.225371957625176
Q9LND0,1,0.234598159798113,0.0431407719222908,0.101815564657744,0.0229285369362909,0.177284587370731,0.037907272054437,0.0290911212365269,0.138996394849011,0.214237591174857
F4IDQ5,1,0.346867976207349,0.0266954786824767,0.0378879773866854,0.0125556612083669,0.24176822863064,0.0214342251237508,0.0143238254857694,0.135927837359032,0.16253878991593
Q8W032,1,0.319028747600772,0.0280032659078498,0.0533803349449296,0.0151590606498824,0.227217053481331,0.0230256755194669,0.0161392579591638,0.142333324481161,0.175713279455443
Q9LQP7,1,0.32498915782595,0.0313837214667138,0.0484970404136837,0.014255610333506,0.205333905068824,0.0260029837170041,0.0176981684013472,0.127737238930832,0.20410217384214
F4HW04,1,0.47795947985718,0.0133502998468787,0.0265849340255377,0.00632948498769716,0.218417575232004,0.0105871937648205,0.00721776032040285,0.104901428794782,0.134651843170697
Q42374,1,0.444735367695542,0.0149083053670586,0.0376832643487754,0.00804904913331687,0.125144463036188,0.0127629362793612,0.00900197516250212,0.0663964233428094,0.281318215634447
A0A1P8ASY1,1,0.36455579012597,0.0195326075350819,0.0587281097869208,0.0110490662505196,0.166054223666683,0.0164174301413346,0.0119114072936373,0.0995379090411075,0.252213456158745
Q9FR37,1,0.28459186350347,0.0270177888323624,0.0439995858439874,0.0125573493907479,0.27734737947824,0.0210937346161265,0.0141479685041668,0.186833063395171,0.132411266435727
O80528,1,0.341877593796564,0.0248674369916929,0.054047606981997,0.0137972190369766,0.204690237054511,0.0207513023731853,0.0148619004815925,0.12213145014086,0.202975253142621
Q4PT37,1,0.4108269279485,0.0177768815901043,0.0472607820298473,0.00965054487634835,0.17609731586966,0.0148618184730004,0.0105931656597456,0.096120571241223,0.216811992311572
O04491,1,0.268069347205028,0.0374575719047501,0.0864611545821748,0.0204584033214665,0.191594264303554,0.0327483504712526,0.0239999625286061,0.133676661500906,0.205534284182262
F4I4C1,1,0.269589000025974,0.0290630284246509,0.111205187251848,0.0169318661994124,0.160383965180403,0.0254524317610008,0.0191492654737401,0.114317636822232,0.253907618860738
P92998,1,0.292932389946796,0.0388832912695279,0.0543575339944583,0.0167832151600939,0.188442945215352,0.0322030915500287,0.0214336830418851,0.129704026443452,0.225259823378406
Q9SAC6,1,0.400958801389321,0.0142483357973789,0.0223734742882085,0.00606382389477771,0.298888895410656,0.0110285564255727,0.00737612736576998,0.134968795495743,0.104093189932572
Q8L840,1,0.59294659430082,0.0098741206742938,0.0227824772031552,0.00481686738288476,0.135175997581168,0.00804751682910069,0.0055556542038251,0.0643383402166366,0.156462431608116
A0A1P8AR16,1,0.268711491666921,0.0345086788084429,0.0975094637042667,0.01867123399899,0.178496013166515,0.0302964086242153,0.02227607781887,0.129502594287935,0.220028037923844
Q9SXA8,1,0.368630070933649,0.0208001272720839,0.0546141069956085,0.0107655570787558,0.171665924013479,0.0176267133457216,0.0127676937496897,0.101269189020911,0.241860617590101
Q9SXB7,1,0.26263856360556,0.0417434713171818,0.0633125958258793,0.0181477471917187,0.212391050109368,0.0337446039007852,0.0226675141912292,0.159788443210113,0.185566010648165
C0SUU8,1,0.388711077933525,0.022561701899676,0.0332748024402675,0.0102635888563794,0.239812399219036,0.0181800884224307,0.0120835634119016,0.122816780399574,0.15229599741721
AT1G12013,1,0.212592664752796,0.0570504587099495,0.115045431547479,0.034265614536081,0.160259099365242,0.0537993463651557,0.0400762280033918,0.125939573033376,0.20097158368653
Q8L3R3,1,0.374912973413534,0.0185485523635457,0.031613265110806,0.00854793682300338,0.26162558024593,0.0144536722105164,0.00971534625106777,0.144179237067947,0.13640343651365
Q0WVP2,1,0.291695550091892,0.026501250360691,0.0490228002358293,0.0118950845064299,0.253246572232668,0.020968803948794,0.0145233009304114,0.178130387869996,0.154016249823289
Q9FZ68,1,0.259643582166254,0.0401750607098547,0.0652577526458635,0.0169666809334083,0.206839092106077,0.0325646054064208,0.0224535542115975,0.162926805105731,0.193172866714793
Q94FL6,1,0.46155065556075,0.00987217371343665,0.027827976672389,0.0052334497723391,0.0855353396036949,0.00848015681722613,0.00600314950643197,0.0445895632659773,0.350907535087756
Q38909,1,0.377297558553625,0.0211256978352885,0.046927976644832,0.0101256880803528,0.192979406619324,0.017245910349621,0.0119364003106726,0.116236920507055,0.206124441099229
Q9LQU5,1,0.210304084298936,0.0639326868707715,0.0715578622138727,0.0283549145446328,0.209453019294236,0.053283097714144,0.0351277210530535,0.181379550946604,0.14660706306375
Q9LMQ8,1,0.390549824701818,0.0149257731883199,0.0470318193541944,0.00845232878998916,0.118095931616063,0.0128977015148741,0.00932293060123455,0.0657696431914306,0.332954047042076
Q9FX76,1,0.462580063712844,0.0109897541413829,0.0336321225945199,0.00605265947798248,0.0994062868994123,0.009448832912494,0.0067943923831705,0.0518949489397336,0.319200938938461
F4I601,1,0.284383432105973,0.0327013046742444,0.0387596118209949,0.0138027272501909,0.28385087820631,0.0254375795357619,0.0160798022923269,0.178280983647189,0.126703680467009
Q8S905,1,0.391159881332425,0.0161918438398308,0.0567669964502083,0.00894978404179072,0.153567686039318,0.0136304731536243,0.0099718138396416,0.0893582870224433,0.260403234280719
F4ICA0,1,0.457076701870084,0.0116064756287042,0.0386672003673895,0.0062979793371583,0.114796791777665,0.00979499248043864,0.00703741981895787,0.0619004097113418,0.292822029008261
F4ICB6,1,0.320001682989136,0.0269461026241416,0.0562310754574686,0.0121155313970568,0.203683701295924,0.0220063095606865,0.0152979387193798,0.135400937655473,0.208316720300734
Q9LN61,1,0.248196264963056,0.0456204375268823,0.0938956784044671,0.0245358026011849,0.175069160230459,0.0420322044808072,0.0311276994938128,0.129294300849859,0.210228451449472
Q9LN35,1,0.36868469498457,0.0227061918238358,0.0295787971990639,0.00909401006253077,0.255725416619005,0.0176074783074509,0.0113821760371405,0.141744272720304,0.143476962246099
Q0V805,1,0.327085602523744,0.0226703145778041,0.0246573791675231,0.00931688104821158,0.325540432190787,0.017168727031704,0.0107540133444387,0.156752074774936,0.106054575340852
D8WUA4,1,0.383173736819652,0.0194863614091143,0.0534099268904447,0.0106836779565863,0.180452785447127,0.016445961349834,0.011943623406857,0.104597546523906,0.219806380196478
Q93ZH0,1,0.33700959287916,0.0213980032267032,0.0258126707163792,0.00886407584382138,0.313472813793976,0.0163424688911254,0.0104583120979187,0.155044045615904,0.111598016935012
Q8LE06,1,0.255638340212797,0.0405822239224256,0.0954007754413905,0.0203486207965551,0.165979811784586,0.0360652878538673,0.0256980655195659,0.122241268599993,0.23804560586882
Q93VP2,1,0.224411797654133,0.053640411947643,0.0996781608467781,0.0278836523772072,0.177534300753902,0.0475855311286078,0.0340908911383969,0.140032866208645,0.195142387944687
A0A1P8AN37,1,0.317086328986101,0.0186941966789519,0.0307483586962097,0.00814574387939528,0.313078098692784,0.0144309130771446,0.00974093039032986,0.174782910982497,0.113292518616587
Q9C6M2,1,0.346524581317877,0.0256335634895669,0.0487462928606336,0.0119805025425973,0.167850858219574,0.0212611137861359,0.0144316577264255,0.105306959429983,0.258264470627206
Q9C670,1,0.378020683824692,0.0167894018029181,0.0329186303868649,0.00783471508278493,0.27206211232165,0.0133422204807746,0.00921275474383821,0.142695137976607,0.12712434337987
F4IE61,1,0.332273654061691,0.0277563397272961,0.0481381797616074,0.0147412534631398,0.227162320636219,0.0227488856388186,0.015668951656602,0.13394696170657,0.177563453348057
Q6R8G3,1,0.298266963724789,0.0275041494347225,0.0796076362961217,0.0148020292499798,0.187003443607778,0.0234555335797198,0.0174206461528037,0.124015955553022,0.227923642401064
Q9LQX6,1,0.616706362454732,0.00884637789124129,0.0215513799476315,0.00433534672410463,0.127719699352881,0.00722067268952053,0.00503629882852308,0.060458921752599,0.148124940358768
Q9ZVH0,1,0.307878717691987,0.0282273839430239,0.0644338026133043,0.0141948834826389,0.215286767225471,0.0235621273916714,0.0168909938146479,0.140223136551141,0.189302187286115
P55230,1,0.390843321088085,0.0171250584331111,0.0270152408557643,0.0079380613258321,0.280078599942152,0.0133993870112979,0.00899477825038469,0.13473230394169,0.119873249151683
Q0WVW7,1,0.336265651282004,0.0188496153991895,0.0348191025534461,0.00899352014055245,0.290409428144419,0.0147520353518059,0.0101029923336249,0.160335834408141,0.125471820386817
Q93Y09,1,0.439944340988127,0.0134300115041772,0.0276222980518654,0.00611912879661644,0.249174184700478,0.0105760939663601,0.00724497661327468,0.122181506245847,0.123707459133254
A0A384LP37,1,0.32657390852038,0.0236135824518849,0.0344449844098274,0.0111399329584958,0.292540111793263,0.0187794678306855,0.0126395494673991,0.155970212314281,0.124298250253784
Q1PFQ9,1,0.312996703381848,0.0299070503333457,0.0598911649587633,0.0158745193226853,0.181200874776773,0.0255802473330945,0.0183906210321583,0.114939328535843,0.241219490325488
Q9C8S1,1,0.377880649503577,0.0181812684028375,0.0248185936382051,0.00805534612794371,0.304126453534747,0.0141057333459002,0.00915948737038671,0.135077533961248,0.108594934115154
A0A1P8ANI0,1,0.305219578895143,0.0331586340852322,0.0476999516957836,0.0140188469718998,0.225465466525768,0.0263045548320781,0.0172259112265495,0.152751297492467,0.178155758275079
O04292,1,0.284441685540418,0.0385679873777479,0.0419253051592608,0.0165661422229944,0.246604115970874,0.029807807540979,0.0188694225721256,0.166437375152361,0.156780158463239
Q9SA75,1,0.588701815780388,0.0105420617411532,0.0192961017099601,0.00493684649875346,0.175951036666996,0.00846862382221482,0.00569419128635513,0.0732583658831095,0.11315095661107
O82653,1,0.399523793974966,0.0200362867786671,0.0331888772641784,0.00983483183784675,0.236287702518338,0.0161027122735177,0.0109375170528263,0.120855109608036,0.153233168691623
Q9SA18,1,0.350275233628738,0.0186397111190354,0.0632377318366277,0.00967471792798889,0.157479807932495,0.0156157931130428,0.0113890691362127,0.0990607005150915,0.274627234790768
Q9C857,1,0.238753618845496,0.0423207861498309,0.0960674480888412,0.0242064178798707,0.183256283451995,0.036689092140564,0.027826937992427,0.143384827023014,0.207494588427961
Q8RXK1,1,0.327874855841254,0.0285706915384767,0.0577135772268156,0.0158995718667993,0.174960259563741,0.0246570440810743,0.0176265330623887,0.106399825225851,0.246297641593599
Q9C884,1,0.293414620555234,0.0350593575632758,0.060539286876081,0.0173613456130539,0.17258774446806,0.0294709380833839,0.0201751723024542,0.1179144802393,0.253477054299157
Q9LP18,1,0.359065312202864,0.0258346272640006,0.0286189683478997,0.0105555786449437,0.266856516768087,0.0199639852803736,0.0125243539724184,0.140484519689196,0.136096137830217
F4I1L3,1,0.263175711209205,0.0420070169307957,0.0892504222295825,0.0259150857745573,0.173651014726443,0.0388295184715984,0.0286633553776642,0.119616903483362,0.218890971796791
Q9C6Y3,1,0.402594180128336,0.0135102431606945,0.0453127065541476,0.00772545652387839,0.112000960807074,0.0116715578049773,0.00848491350205654,0.0616008648127838,0.337099116706052
Q9SX98,1,0.311792395257579,0.0264002262184308,0.0270084456522893,0.00972547510423392,0.303004865074096,0.0196641027034225,0.0120783788905466,0.173611860351726,0.116714250747676
Q8VY06,1,0.320086882532066,0.0298706849634675,0.0336110377191884,0.0130797952431661,0.273434704801103,0.0232004875748102,0.0147688393681854,0.15530682514381,0.136640742654203
Q6E295,1,0.288151728103428,0.0391291121063088,0.0422436979137186,0.0164849837538355,0.250044595298538,0.0308318466549495,0.0195571556099007,0.16011582781315,0.153441052746171
Q9LPM9,1,0.371554762312091,0.0205934008805077,0.0325345377397181,0.00998290311569023,0.267687297361804,0.0163882766560543,0.0110799580302103,0.135020968785117,0.135157895118807
Q8L7T3,1,0.45785751207187,0.0115336382103267,0.0185952550675055,0.00507427216193502,0.291891947319637,0.0089880587347249,0.00600865166477088,0.110232049262838,0.0898186155063919
Q5YGP7,1,0.308518387068902,0.0291811170322868,0.0308067975386704,0.0120220348155829,0.293206210664111,0.0223037957819112,0.014011559403703,0.164622255940905,0.125327841753927
Q9C8J1,1,0.281909499430923,0.0305171427738693,0.0980006324230827,0.0183297498386631,0.177032578546162,0.026715457266953,0.0198924114955415,0.121731053293306,0.225871474931499
Q9ZU12,1,0.267698117437531,0.0487272389531915,0.0513254744872738,0.0204301106191664,0.21233553689463,0.0386606121713382,0.0242294830592623,0.153435251232428,0.183158175145178
Q9ZU11,1,0.336352249986835,0.0238827278637835,0.0249746450164707,0.00887964378052495,0.304696656632212,0.0180192995660021,0.0111692931735733,0.15756254497707,0.114462939003528
Q9C928,1,0.350235200135093,0.0164328854816544,0.027237264289936,0.00748744026049067,0.318160661272195,0.0128441481458756,0.00874737393398019,0.152152068293319,0.106702958187456
Q9LNN2,1,0.339092683046635,0.0283690655107364,0.0508306530734971,0.0145276318004872,0.157436379137021,0.0245039767988918,0.016679790414332,0.0940714180205132,0.274488402197887
F4HPR5,1,0.484643165333039,0.0139105941630362,0.0309606174826661,0.00670984548859644,0.185057709343995,0.0113013268465261,0.00787802945072254,0.0939905884816642,0.165548123409754
Q9MAG8,1,0.232949829286925,0.0466887447495024,0.106478951142546,0.0254551255500658,0.160515756191502,0.0423414267559181,0.0311437985292415,0.122001175962794,0.232425191831506
Q9SLK6,1,0.289893927517346,0.0323437320347884,0.0711407011431336,0.0179957897784781,0.184013764767122,0.0272086276095403,0.0193791407827119,0.12597755964268,0.232046756724199
Q9ZVN2,1,0.226867458733648,0.0541582998839501,0.0698449233596088,0.0228439985553569,0.213130989828517,0.045570611831578,0.0316288409456583,0.176632163793997,0.159322713067685
Q9FZ36,1,0.409053182822603,0.0173047153222537,0.0431241885725124,0.00868491956853126,0.16810284295493,0.0141905567617421,0.00993630215081463,0.0976385688339417,0.231964723012671
A8MRJ6,1,0.518745123541694,0.0122781685573606,0.0286155309254624,0.00606911120751655,0.178218412582247,0.00997748763663732,0.00693931757658035,0.085197168045189,0.153959679927312
A0A1P8AS03,1,0.371165184041438,0.0192437972701992,0.0466305051082146,0.00935642393598248,0.22766768871204,0.0156266964922411,0.0109956848707382,0.133805242794335,0.165508776774812
A0A178WNA8,1,0.439545023101962,0.013197391041422,0.0241306887169736,0.00617329805772492,0.274248807757353,0.0103907855222515,0.00705727214647232,0.117333236125223,0.107923497530618
A0A1P8AME8,1,0.298933625867067,0.0309012365279954,0.0722560507234446,0.018556791259689,0.163209380877406,0.0274079696022119,0.0201773399530703,0.103147438415672,0.265410166773444
F4I839,1,0.287490873699567,0.0388634314653635,0.0629265203070451,0.019092660649463,0.206805833973234,0.0338456060847854,0.0236974292214573,0.14018202550644,0.187095619092645
Q9SLV3,1,0.23192432713869,0.0614220129482416,0.0556216395439673,0.0243126529705164,0.216013021333842,0.0499878904234275,0.0314035772317405,0.17484329628401,0.154471582125564
O80760,1,0.309910218943442,0.0315391917077261,0.0561529700695727,0.0140387759396927,0.174392326069329,0.0263260107015945,0.0179234825483828,0.116798233904798,0.252918790115462
O64780,1,0.498382146567827,0.0134455387197823,0.0318371728297908,0.00643050120799842,0.154678175020495,0.0110467195868666,0.00765342834342175,0.0800813712277701,0.196444946496049
O64778,1,0.253223583481348,0.0506844827960313,0.0737931058510892,0.0253768686654529,0.196486312959947,0.044334467944521,0.0295258586987621,0.143954876090906,0.182620443511942
Q9C8T4,1,0.438266184126121,0.0113962531099969,0.0176418306955731,0.0048098459562722,0.308186179912908,0.00875376018282048,0.00577374397986587,0.118597896888336,0.0865743051481063
Q8GXB3,1,0.330624449264363,0.017657998559659,0.0284827539790436,0.00809221005662423,0.327668208236965,0.0138438129466396,0.00935511286070921,0.161498198320421,0.102777255775575
Q0WVM5,1,0.368162519543629,0.017400236205724,0.0340231586825124,0.00812920952019779,0.275327238732429,0.0138020389930473,0.00955863925049525,0.14378364394423,0.129813315127734
Q7XJU0,1,0.279143118122233,0.0397396543141166,0.0604792780696782,0.0191926240212012,0.194280886932027,0.0329651398710785,0.0224651955864274,0.135913396162216,0.215820706921022
F4I878,1,0.574703484029096,0.0116287970930011,0.0202604506573101,0.00518214962104119,0.169571209048767,0.00935582787993208,0.00624730931240414,0.0750023470448993,0.128048425313549
Q5XVH5,1,0.382163472057718,0.0180858489238553,0.035809662424646,0.00896160730699633,0.252600562883583,0.0144029091181518,0.00994806661559915,0.13386053490972,0.144167335759731
Q680I0,1,0.316559926495668,0.0258705420293207,0.0636795833866678,0.0141255444010955,0.1509353058393,0.0222932859271433,0.0157750897751827,0.0948276399243694,0.295933082221253
Q9C6H3,1,0.292586906261037,0.0307159080898869,0.0402069103884243,0.0132504779097337,0.274136241953647,0.0241491825435594,0.0159567799547133,0.168926322751566,0.140071270147432
Q7PC84,1,0.316276045202192,0.0259361904285707,0.0679601910881645,0.0130721709915124,0.184211842108624,0.0218142147635548,0.0157157680968833,0.124585779643568,0.23042779767693
Q5BPW2,1,0.357270609819549,0.0208135659725244,0.0567546090549976,0.0105419211077093,0.184842935096773,0.017240935926942,0.0123824794099648,0.114915847436993,0.225237096174547
A0A1P8AUY4,1,0.401628004668739,0.0195166184600329,0.0500985831119741,0.01055052174668,0.183089006684343,0.0166249385075367,0.0119518593934068,0.101073527389572,0.205466940037715
Q9ZW89,1,0.248829454474232,0.0406682009660082,0.0958378458391125,0.0241145461600599,0.191270256990069,0.035619337999804,0.0264219302181995,0.14336505259596,0.193873374756555
Q9C9F7,1,0.342623938908361,0.0251333467738492,0.0267547785007,0.0101989250702792,0.291066388374439,0.0191675377716052,0.0119880665143924,0.150948291690057,0.122118726396317
Q9C9H1,1,0.218700753242184,0.0669446230327877,0.0664139037122431,0.0272231921860778,0.202879533118503,0.0551798371415737,0.0351466470830982,0.167489711153918,0.160021799329614
Q9CAA8,1,0.300858000422391,0.0275073621580577,0.0652700354497369,0.0151086548513933,0.224133688167979,0.022728343449961,0.0163600754553812,0.148557947249904,0.179475892795196
Q9LQ98,1,0.252327217213785,0.0412236422701664,0.0949803252177727,0.0236657011776574,0.162061355334788,0.0363891884946206,0.0258381839940052,0.117528623388654,0.24598576290855
Q9C793,1,0.329371100244007,0.0278027383572747,0.0512259272579502,0.0122956471860227,0.19481078649242,0.0225680739071668,0.0152248380815257,0.127878333805833,0.218822554667799
F4I6V3,1,0.290871235282876,0.0310407817029624,0.0599047980155481,0.01546016954845,0.219048141645038,0.0252923619653376,0.0178510493094708,0.152161694024655,0.188369768505662
Q9CAB7,1,0.313363807294584,0.0338388527759947,0.0525582436069462,0.0167876268583196,0.174994180211458,0.0285706364650465,0.0193192172847015,0.112386495883859,0.24818093961909
Q949X9,1,0.250125448996491,0.0431027858489481,0.0958958841607269,0.023082639244734,0.164063451794397,0.0383080871337805,0.0270210190182105,0.121567723582911,0.2368329602198
Q94AG2,1,0.347452206691171,0.0246285466230814,0.0296284012296615,0.00969330433876146,0.266753546135754,0.0188759076510649,0.0120334671405051,0.152561409923705,0.138373210266296
F4IBQ9,1,0.536456128363831,0.00859973839908619,0.0277526302909113,0.00463440086373118,0.0909945139246233,0.00728317595668401,0.00522037359791979,0.0462181246169675,0.272840913986246
Q9CAI3,1,0.228068695319318,0.0619534477924363,0.0597616851974898,0.0249711445166965,0.217194898478397,0.0502757913592069,0.0311429937398014,0.174738269891187,0.151893073705467
Q9CAI7,1,0.340773562616832,0.0232536475714774,0.0388812077384583,0.0103881250393562,0.264444231258458,0.0188418524062856,0.0128861803327813,0.152261397762503,0.138269795273849
A0MFS9,1,0.33669831450455,0.0221713732330447,0.0594014328021705,0.0114255350429362,0.167256185109846,0.0185728638337902,0.013451109909847,0.107390358372356,0.26363282719146
Q56ZA1,1,0.358708841856563,0.0225368537773676,0.0528066412993677,0.0109463299662625,0.184035446233374,0.0188067454516563,0.0133345168124463,0.112017421517754,0.226807203085209
Q1G3X2,1,0.319797608060061,0.0304625454169709,0.0584815665080404,0.0161308109505648,0.182332824718632,0.0262706278073394,0.0187763363702123,0.112892850166512,0.234854830001667
A4FVS5,1,0.317416040718069,0.0322550839679744,0.0504148433016972,0.0145618254117121,0.207812154468611,0.0260630988085917,0.0171252247725651,0.135048723037078,0.199303005513702
A0JQ12,1,0.263172002418945,0.0497559223853491,0.0580774075273991,0.022600094769766,0.193267263159038,0.0410620106905323,0.0268033601221325,0.140171025825035,0.205090913101803
Q8LF80,1,0.572393175726331,0.00954201686726472,0.0229906372794777,0.0047510790024475,0.101551001389224,0.00797475539706976,0.00555181117656154,0.0505121925824582,0.224733330579165
Q8GYB8,1,0.201096611344846,0.0643150076005492,0.110052497438157,0.0323935976995593,0.160871832791987,0.0584769607405598,0.0420739308633462,0.13597197964105,0.194747581879946
A0A178WJH7,1,0.442890886203873,0.0177525552758941,0.0372527311726487,0.00932812288527442,0.172926206502076,0.0147058641965729,0.0101193594044305,0.0903870472933665,0.204637227065864
Q6DUW8,1,0.263550561202952,0.0382068387420485,0.0689150668237735,0.0173933960431597,0.204848167604318,0.0309227622928315,0.0212187617195836,0.157182193462867,0.197762252108467
F4I735,1,0.527936142569765,0.012344787768892,0.0280934943652584,0.00620288292282444,0.136583400303308,0.0101589263700243,0.0069840058317857,0.0690241392745895,0.202672220593553
Q6NPN4,1,0.32098691069655,0.0316377916992515,0.0481456038162405,0.0165924203583402,0.222648031896147,0.0260641564147467,0.0178012253828731,0.134893610380637,0.181230249355214
Q84VX4,1,0.356299468290959,0.0247138779052208,0.0354012574775056,0.0113650129099481,0.251546831134901,0.0195127453086454,0.0127731252938414,0.13957524718728,0.148812434491699
A0A178W863,1,0.250681075223442,0.0519779812091598,0.0640197586421305,0.0209944381202449,0.19295550264983,0.042882706350258,0.0280939802250655,0.146847047921336,0.201547509658534
Q9SYM4,1,0.37512317036699,0.0197310664945341,0.0457177869578795,0.0103292186851306,0.14584546785566,0.0166568104034653,0.0116958609885206,0.0854807530264856,0.289419865221334
F4IBV1,1,0.276003772780115,0.0388427761079999,0.0699459978731324,0.0192843617680598,0.176456549853789,0.0329472430916261,0.022556532374904,0.123090094598444,0.240872671551929
AT1G78865,1,0.328757937671697,0.0289407786170295,0.0534431584554736,0.0151859873035245,0.213450996804284,0.0239543061096669,0.0164435562432269,0.129072882878658,0.190750395916439
AT1G79075,1,0.294628591837968,0.0400154177689597,0.0398400872452086,0.016111743428336,0.247358442359722,0.0316720495718428,0.0199607258967204,0.155415965539971,0.154996976351271
Q1KS85,1,0.369545255767785,0.0191970600612426,0.063731008660712,0.0109154284752231,0.161335608371967,0.0165362213462345,0.012232446281705,0.0941198255571439,0.252387145477986
Q9SAK2,1,0.454195084329685,0.0170575387281664,0.0323483771411431,0.00812798744788388,0.162213083368448,0.0140252592229526,0.00956681959598745,0.0867759172167213,0.215689932949012
Q9C968,1,0.387629416619626,0.0178372429845306,0.0334383163414925,0.00866076823448921,0.26247419961605,0.0142522052295144,0.00982033848103719,0.131694786117497,0.134192726375763
A0A384KGK5,1,0.478614717048866,0.00968645524858569,0.0142507113752791,0.00412989123603707,0.308920706326735,0.00744627959566345,0.00487224997676109,0.0993815356619001,0.0726974535301723
Q8GUN8,1,0.32809546681521,0.025952183184618,0.0358781715872481,0.0117500406098182,0.282776594263697,0.0209485693123543,0.013887319569325,0.154243576982364,0.126468077675366
Q9M035,1,0.443966328685757,0.0167069406381616,0.0339696765778861,0.00803762013519869,0.184957305641098,0.0135057043666446,0.00923397346016705,0.099951873187766,0.189670577307321
Q9M026,1,0.264140978385499,0.0377782725272302,0.0835476411165818,0.0232907102957491,0.16782626477143,0.0329030830326872,0.0240260379641536,0.118543395323444,0.247943616583226
Q9M024,1,0.383398326079799,0.0194059325543576,0.0379011259557778,0.00866695279990815,0.22010323016436,0.0154029042215072,0.0105173746085107,0.13102678281671,0.17357737079907
Q9LZV9,1,0.376308765245652,0.020263391590646,0.048285275398697,0.00960687057808193,0.197556694401587,0.0166494352654133,0.0117057751325545,0.116225095654334,0.203398696733034
F4KCE9,1,0.338440479079229,0.0224700989155052,0.0292761149013855,0.0102809584460616,0.297470905002751,0.0173942553314784,0.0113488469420016,0.152596434664357,0.120721906717231
F4KCF2,1,0.33990906517245,0.0285809160500153,0.0498818471504973,0.0148789166326907,0.166670042379143,0.0244097029407603,0.0166870001563691,0.0999434846256814,0.259039024892393
Q8GXF8,1,0.312865213757998,0.0333284309289215,0.0573333788440414,0.0169468795752548,0.171834223198118,0.0288454776168267,0.0200287562674381,0.108715894177007,0.250101745634395
Q9LYZ9,1,0.354561860613356,0.0238464722777927,0.040939201697409,0.0119484757836571,0.24148535283636,0.0193710663453632,0.0133443275280806,0.132958989485548,0.161544253432433
Q9FFN1,1,0.299311565138836,0.0340238026423952,0.055359406187487,0.017352333121219,0.215171718962278,0.0275610064382097,0.0185068143437857,0.143775046404256,0.188938306761534
Q9LZC2,1,0.409282459953989,0.0166678811289046,0.0416687730424769,0.00815790969301124,0.213734213343394,0.013534502088962,0.00953089698889414,0.117373190741508,0.17005017301886
Q0WRE7,1,0.264062999803263,0.041423789976193,0.0635689694212333,0.0189382150612273,0.197178629184532,0.0342253005250492,0.0239356635047774,0.147227417496038,0.209439015027687
Q7XA06,1,0.245535988197502,0.0454640094106925,0.0551427464542295,0.0179489151598134,0.230196863590609,0.035110580372363,0.0227182309443235,0.185764763632129,0.162117902238339
Q8GTR4,1,0.295172516555425,0.0239782346599808,0.0370124630531635,0.01086089611202,0.28561716344265,0.0184975404276662,0.0125006744942711,0.186243341301727,0.130117169953097
A0A1P8B9U3,1,0.368736094502647,0.0199399861207284,0.0577630353139658,0.0112648703977757,0.180974248846777,0.0167076579043599,0.0121174225880694,0.106265741190496,0.22623094313518
Q9FF84,1,0.375213757110061,0.0220218691301167,0.0565297444515942,0.0111839797913962,0.185452529411254,0.0187199259653131,0.0131669032161376,0.109155631971167,0.20855565895296
Q9FHK7,1,0.298558368723052,0.0405244914964379,0.0467289243232549,0.0168615048395148,0.208995669777258,0.032525311311657,0.0206349845370742,0.140024747092418,0.195145997899333
A0A1P8BB25,1,0.357639353972929,0.0236549262984409,0.0449402716110403,0.0109784140952888,0.205733684313281,0.0191425127651271,0.0130737479310033,0.128850047124841,0.195987041888049
Q58FU4,1,0.300846062365123,0.0293096324474645,0.0473519883292072,0.0144607178882558,0.252465802339146,0.0236110273274716,0.0161741537674564,0.163597431035087,0.152183184500789
Q9FFG4,1,0.419370577090602,0.0183233917818645,0.0405061808178685,0.00974701247165953,0.185692116733871,0.0151663397900993,0.0106540935338295,0.0995403488879545,0.200999938892251
Q9FFF9,1,0.345242030373435,0.0202194246327137,0.0470904384676022,0.00994026780307694,0.243381457192244,0.0162101690441805,0.0113863236986189,0.148383892024435,0.158145996763693
Q9FNG8,1,0.214593126103922,0.0512252316906297,0.130082565074904,0.0342112012948562,0.157949363696696,0.0492026983208143,0.0382812279522374,0.121635474964288,0.202819110901652
Q8GYE1,1,0.504744866599625,0.0125307104076209,0.0305997332531201,0.00629194890117116,0.181665114139224,0.0102211839748233,0.00720651167496308,0.0886035004499763,0.158136430599476
Q9FG08,1,0.360717645731008,0.0212462671723875,0.0624090762330399,0.0117188571170311,0.165264401463298,0.0181109911708983,0.0129408244376733,0.0978991064379302,0.249692830236734
Q42578,1,0.234126277927223,0.0458337137358024,0.0683106482915663,0.0212194190224871,0.229376582059843,0.0379295914475446,0.0269087743421998,0.182023975299798,0.154271017873536
Q38946,1,0.242581907143923,0.0414586022529185,0.0734065999882949,0.0185636964497461,0.218755320286197,0.0339764510779341,0.0238760624805943,0.180613491064733,0.16676786925566
F4K856,1,0.376564177323643,0.0184267291719706,0.0463510995222608,0.0091488901209239,0.222563734061944,0.0149206188398401,0.0105594080343422,0.130074237014945,0.171391105910131
Q9LEY1,1,0.342384463030308,0.0287822222997382,0.0374649943839327,0.0117017370249925,0.232745273378176,0.0226241663152628,0.0145083615527399,0.14223725296068,0.16755152905417
P0C8Q7,1,0.274271887253892,0.0398321911765817,0.0571257401057886,0.019589763346464,0.236315581802102,0.0331863693931405,0.0223722258589534,0.160927135478858,0.15637910558422
Q9C598,1,0.24770085980641,0.0431163727786845,0.101640744125918,0.024180223692817,0.157405131339144,0.0391523072052997,0.0278519437444313,0.114964839485647,0.243987577821648
O65154,1,0.31842620636599,0.0333275865165013,0.0521494575567614,0.0169450093324045,0.181698243632369,0.0279440871626359,0.0187812563067265,0.115146033926688,0.235582119199923
Q9FY88,1,0.36099497691915,0.022635606516256,0.057637514246788,0.0121546272968563,0.172801188115129,0.0194313673725353,0.0140556941865378,0.101614411598374,0.238674613748373
Q304A0,1,0.282027037372469,0.0342764329777668,0.0394812425280803,0.0129961611096169,0.267672647632129,0.0263663759858048,0.0168007760774032,0.180734258368329,0.139645067948401
Q9LX15,1,0.352697043786508,0.0242427187420817,0.0501562064928771,0.0113129898224552,0.213168517860107,0.0202505178741118,0.0142590729635692,0.128761477222278,0.185151455236012
P592261,1,0.377538373568342,0.0175038086605565,0.0588834291338728,0.0092204014530859,0.152799034045449,0.0147292345185153,0.010593016905728,0.0916826296775642,0.267050072036886
Q9LFP1,1,0.313054941673353,0.021626478076569,0.0810995097236673,0.012033780210536,0.154261916193714,0.0185019317163573,0.0138397386187637,0.101173531228202,0.284408172558837
Q6NNL9,1,0.465686882601014,0.0122093588638574,0.0223602976133798,0.0054364719653916,0.255324205072087,0.00954237407595371,0.00644953934958337,0.114546474484772,0.108444395973962
Q56Y63,1,0.316583885606901,0.0303918883417814,0.0372219389402646,0.0140742168336217,0.259301569606294,0.0237777765808521,0.0154284848693461,0.154993137446882,0.148227101774057
Q9LXU7,1,0.345591248268753,0.0207550821053382,0.0534302755405645,0.0108000047101838,0.225016953993181,0.0168729662666394,0.0120872898892043,0.13802679665768,0.177419382568457
Q84W43,1,0.214445851136243,0.0546917392350054,0.101925356580008,0.0309627109387706,0.167930446492188,0.0477045947754011,0.0352514707351637,0.137788810918504,0.209299019188716
B7U179,1,0.308655852766995,0.0210029680493271,0.0360816340046998,0.00972164068211724,0.295194789102382,0.0162516272589714,0.0110048194298669,0.177107828646939,0.124978840058702
Q9S7G6,1,0.420774726228484,0.0145447396025917,0.0272295763838793,0.00654732590035477,0.267385722388057,0.0114927022948665,0.00784413855879599,0.124910462543952,0.119270606099018
Q9SEI0,1,0.320370861873392,0.0285395879591415,0.062743534850228,0.0166737559050563,0.157291841319046,0.0251385605257547,0.0179394520626189,0.0955591376642989,0.275743267840463
A0A178UMN1,1,0.349818314579976,0.0158968952595441,0.0225861328981724,0.00682757127752232,0.344433368673754,0.0122653304997847,0.00809345508351389,0.146268624083778,0.0938103076439535
P18612,1,0.343831717941582,0.0187439125768816,0.067416865757982,0.00998284063728188,0.138317480958192,0.0161094852829964,0.0116858585676001,0.0851226323636175,0.308789205913867
A0A178UBC9,1,0.307424252232256,0.0238024903964665,0.0332287589760851,0.0104605247146203,0.289872587934892,0.0182299245881665,0.012055059233406,0.176541168306955,0.128385233617154
Q9LF03,1,0.55862043360356,0.0121119129442631,0.0245604292628197,0.00601244133077633,0.146792960205472,0.00993152270064131,0.00677396496475125,0.069514295995558,0.165682038992159
Q9FFE3,1,0.5032761977369,0.013782189257174,0.0297297050857278,0.00649176466765872,0.175837394104675,0.0112347746245865,0.00771905468182901,0.0870463880053361,0.164882531836112
Q0WNW4,1,0.283559725723722,0.0457064322924428,0.052007068145741,0.0197941417551032,0.194561323561017,0.0379650382865247,0.0244922007104537,0.131958721075366,0.20995534844963
Q8RXI0,1,0.373640182033317,0.0179915894127102,0.0427976018104501,0.00899706722580263,0.237821104379142,0.0144604026107248,0.0102214162554108,0.135149486149625,0.158921150122817
Q9FFI4,1,0.491399458403782,0.0121074640868265,0.0205044799710078,0.00545159936309067,0.250489847023073,0.00954937493843249,0.00641086010640179,0.100852887460985,0.1032340286464
Q9LF66,1,0.219784996784613,0.0591299845563042,0.0777813872406804,0.0299533474717144,0.200659044134531,0.0510386153155698,0.035131014118473,0.165676384091865,0.160845226286249
Q9FN75,1,0.324784845615856,0.0200339986977668,0.0758931160497264,0.0106867340297556,0.15141971178785,0.0170165962250143,0.0125228365613489,0.0972374729631589,0.290404688069523
Q02166,1,0.343640593867213,0.0224436312448521,0.0391840388658021,0.00978743608260537,0.25301754124311,0.0176849897023456,0.0117942040753019,0.154938240761659,0.147509324157111
Q6GKY0,1,0.306590878259711,0.0286731965547715,0.0460690336782892,0.0145365472400393,0.25773170716355,0.0230657492803284,0.0158150090060841,0.156052906380568,0.151464972436659
F4JY37,1,0.435690941300065,0.0139718408216637,0.0466047180397288,0.0076106204366103,0.140528338155318,0.0118117802675368,0.00860341096534115,0.0768944098736176,0.25828394014012
A0A178UT60,1,0.275721962470722,0.0415803160924358,0.0676323494247334,0.0189609038518591,0.197280750471524,0.0352590761120014,0.0236155302166525,0.141389111220069,0.198560000140004
Q6AWT8,1,0.313667411572731,0.0292709563664302,0.0395634255049764,0.0130058505091541,0.261543535463895,0.023510396030948,0.0157977111615573,0.159401806128397,0.144238907261911
P94102,1,0.260024832897265,0.0448974969264784,0.0558377967699249,0.0206999071251812,0.22160533574343,0.0358366974580776,0.0233944867131136,0.166140993838479,0.17156245252805
Q0V865,1,0.281601030328603,0.0382598457134869,0.0647447741991855,0.0179568657391487,0.171842422157922,0.0327951607765167,0.0227104277782212,0.118586158586853,0.251503314720063
F4KBD8,1,0.262314990523116,0.0442401787567473,0.0540980435865757,0.0181821766100316,0.221754019548105,0.0348266352644524,0.0225282737779785,0.167974972040887,0.174080709892107
P32746,1,0.506999627965688,0.0124281904181922,0.0320530338077983,0.00633203580027556,0.166837066994391,0.0102111042576642,0.00723005653451458,0.0826194341005669,0.175289450120909
Q9FHL8,1,0.36704178057087,0.0200297265622444,0.0482914646509386,0.0096041516339499,0.142771014859148,0.0170122503748446,0.0119470931440187,0.0855261207483301,0.297776397455656
B9DI34,1,0.384258733037049,0.0209382349886017,0.0511570546411714,0.0104628205840479,0.193810184540131,0.0177031144317004,0.0125910405454179,0.113206777576746,0.195872039655134
Q0WLJ6,1,0.315007215180817,0.0274275143412737,0.0460478726346945,0.0117458876074425,0.234876474294679,0.0218604244160918,0.0148197627443576,0.160607314456549,0.167607534324095
Q5XV34,1,0.257886926420419,0.042977689546803,0.0878979180752968,0.0263101002977501,0.180209801943055,0.039116321099016,0.0288924310731839,0.127973220515549,0.208735591028928
F4JZS4,1,0.274407994587155,0.0327807752843036,0.0960166409402974,0.0177273584918604,0.156064808695924,0.0293586315331541,0.0213274293737002,0.107957918148605,0.264358442945
Q6ZY51,1,0.344074522728159,0.0251651118500693,0.0317288927877085,0.0106230245536602,0.267820057431513,0.019487025689288,0.0125412009407558,0.150483492349978,0.138076671668868
O81635,1,0.347925103054399,0.0156911262436966,0.0210577670701634,0.00636532535784674,0.340975795912681,0.0119487748876423,0.00782582498932197,0.15402419629392,0.0941860861903295
F4K498,1,0.427006921374675,0.0169598935663113,0.0353047946744181,0.00861011839680993,0.219221207039618,0.0138085084760602,0.00965848405501685,0.110518888685343,0.158911183731747
A0A1P8BCY5,1,0.295733731920997,0.0362023536767268,0.0523582715703922,0.0156928890602183,0.229788962808621,0.0296911509747385,0.0193816968340023,0.155581927749515,0.165569015404788
Q8GUL5,1,0.281563442339391,0.0324251847216569,0.0524690861433635,0.0169943253484704,0.255293593173991,0.0262901845444439,0.0181780551163458,0.167338853714515,0.149447274897822
Q8L8M9,1,0.348993317818447,0.0231100120839059,0.0438271924777671,0.0110769979729497,0.225014846603085,0.0185959476493957,0.0128596565513409,0.138651446223467,0.177870582619641
Q9FIW4,1,0.289883360267792,0.0262182555376735,0.0909940306689834,0.0145177317655967,0.176116382383279,0.0221562894374538,0.0163959784508583,0.124111732461036,0.239606239027328
Q9FHR3,1,0.283726593267788,0.032604731426114,0.0407760119694278,0.0150204557032045,0.272773391939774,0.0258093940140237,0.0172014162006759,0.175496110614759,0.136591894864233
F4K790,1,0.352424651376622,0.0151720507861882,0.0248397102755183,0.00666791344632444,0.330217148860197,0.0117443465814144,0.00785551801692207,0.153720845029916,0.0973578156268984
Q9FF18,1,0.336183045836128,0.0246609475447238,0.0602978786144064,0.0117676844980578,0.186387017764967,0.0205359757651002,0.0144123913649622,0.120891409651557,0.224863648960097
Q8GYF9,1,0.375838287368101,0.0148039236262869,0.0219383419553991,0.00643661819640926,0.329589433151764,0.0114559300907326,0.00759706553924217,0.136345249511884,0.0959951505601798
Q9FLZ9,1,0.373870078595524,0.0192715039574266,0.0565332655388934,0.00952454254038128,0.176877596919596,0.0160624623032361,0.0114594174615015,0.1075300342847,0.228871098398741
Q8LGI2,1,0.27499788219948,0.0293675205606126,0.0494356365623971,0.0123262607440982,0.250349964642156,0.0229391168237019,0.015780644392657,0.189521222280229,0.155281751794669
Q8GXS6,1,0.332103933402684,0.0284275845951781,0.0383339188591335,0.0125717942391082,0.249827024673301,0.0226757329951402,0.0150318667444873,0.146857737782543,0.154170406708424
Q9FND7,1,0.305005324497183,0.029234815729966,0.0691361647103781,0.0162026564749438,0.173338164627243,0.0253491166579042,0.0186455919439703,0.113185993455891,0.24990217190252
F4KHD8,1,0.546053203492348,0.0107345178259071,0.0272619994628553,0.0054489295532418,0.120069183559855,0.00898008132140912,0.00633154237219929,0.0594833063543769,0.215637236057807
