ID,Cluster,#1,#2,#3,#4,#5,#6,#7,#8,#9
A0A178WAU2,1,0.020492645923605,0.379192413778023,0.161351551985398,0.0202740422008899,0.0200319276660848,0.0204448786015145,0.0204294752845075,0.337602478263994,0.0201805862959828
Q9ZWA1,1,0.0232223945128585,0.302690747368044,0.284749456717922,0.0232030298403464,0.0230533540188689,0.0232438679896678,0.0232453865875708,0.274760532136901,0.0218312308278204
Q9LNW0,1,0.038404008715756,0.303127404960054,0.173230281465864,0.0387746896427779,0.0388112859653746,0.0385577663701753,0.0385920746586762,0.295430844445015,0.0350716437763069
AT1G04743,1,0.038030298572282,0.306762713229057,0.169457239631007,0.0379557520590176,0.0377478958318131,0.0380360453852619,0.0380333312158419,0.296851962635512,0.0371247614402076
Q9SAA8,1,0.0561754991006291,0.233124897216467,0.197302667697528,0.0559461053086524,0.0557329571165114,0.0561078855950494,0.0560901794604991,0.23147324128409,0.058046567220573
O65368,1,0.0413605932006287,0.261107434358984,0.23881964066659,0.040807819657101,0.0403111224255521,0.0412129624975117,0.0411712315477195,0.252752344120605,0.0424568515253089
Q93WK6,1,0.0480581485867248,0.264154914832773,0.187826430661783,0.0463163325328451,0.0451488639222132,0.0475251879159904,0.0473854908970422,0.260665312162925,0.0529193184877025
Q9FEP7,1,0.0353517805300528,0.296215435500005,0.221306750674864,0.0353070515507222,0.0350043760820954,0.0353956488354637,0.0353983754470553,0.273814152912408,0.0322064284673328
AT1G05753,1,0.0356799311055442,0.281154331683004,0.235283842840366,0.0355754511455207,0.0353881517168276,0.0356677099505185,0.0356617053137876,0.270046504735193,0.0355423715092377
Q9SQI2,1,0.0242540278330612,0.356750428866667,0.168093795786276,0.0240464798172549,0.0238098928106885,0.0242106917049674,0.0241962533783956,0.331186663215719,0.0234517665869691
AT1G05873,1,0.0576815426850142,0.245725761075097,0.168368612415657,0.0589633558974856,0.0594532578462934,0.0581428686521402,0.0582535968360281,0.24282292462701,0.0505880799652741
Q9FYL1,1,0.0208442034954571,0.369526116462804,0.150723815623288,0.0204320593028734,0.0200819614830533,0.0207337101938705,0.0207023498460742,0.355980394278243,0.0209753893143362
Q9FZ91,1,0.0206173351260562,0.388007945462409,0.110827995789525,0.0206769989516617,0.0206023006965136,0.0206575108587415,0.0206647846948603,0.378589151233708,0.0193559771865239
AT1G06607,1,0.0379859453964899,0.310634852603683,0.156288643013817,0.0385938982194857,0.0387472146632838,0.0382180234798316,0.0382721539362088,0.307147650132775,0.0341116185544246
Q9MAP4,1,0.0546864527689238,0.256037934058389,0.174046957151827,0.0548864193573874,0.0545719842980297,0.0548380230982185,0.054864228951094,0.246641986456457,0.0494260138596735
Q94K21,1,0.0384158811483337,0.279750923899818,0.236464011603996,0.037463368357701,0.0366775131974619,0.0381576068810133,0.0380846919636108,0.256053510676487,0.038932492271579
F4I3A5,1,0.0229437955641119,0.3211460713254,0.259764610233576,0.0228114686464964,0.0226247994730047,0.0229223110586026,0.0229138524079877,0.28247000044656,0.0224030908442602
Q9C7J9,1,0.0410736879398311,0.290061707410503,0.193097032832852,0.0407437685356931,0.0402937288115392,0.0410209354754618,0.0409997864902171,0.273575029838446,0.0391343226654576
Q9XIF8,1,0.0292535049005474,0.327552237104071,0.180412857329642,0.0284771463422636,0.0278670422278131,0.0290363251678641,0.028976219772656,0.318318562340535,0.0301061048146085
Q9XIE3,1,0.0366090754081863,0.300999906907154,0.1977020738837,0.0362588112338274,0.035833696139849,0.036542804816447,0.0365191017461279,0.284905141135945,0.0346293887287633
Q9SH42,1,0.0207419051264674,0.357886656477076,0.177538673998359,0.0209734410098309,0.0210008344498221,0.02083629170608,0.0208575876983124,0.341145793755514,0.0190188157785375
Q9SRZ4,1,0.0190163929896062,0.381790701671797,0.165507970542135,0.0186415216958844,0.018323623778733,0.0189159229798261,0.0188873984040762,0.339700640426598,0.0192158275113447
F4HQ23,1,0.0265945184691647,0.345597401023502,0.154118550981289,0.0268817346739031,0.0269171740453331,0.0267112610391117,0.0267376265383266,0.342145381317601,0.0242963519117693
F4I5D4,1,0.0375850771033424,0.276723850118267,0.230306797851481,0.0362347164683226,0.0352931205202635,0.0371813066493922,0.0370739724204346,0.268883434013701,0.040717724854795
Q9CAI1,1,0.027806589613662,0.336941098674915,0.19197842989673,0.0273793947995164,0.0269746932025597,0.0277000370385615,0.027668460446895,0.305767996546225,0.0277832997809355
Q8RXD5,1,0.0169859702176755,0.40113837030549,0.134959064771726,0.016622868239711,0.0163109294521423,0.0168897885080268,0.0168622708708232,0.363174373331691,0.0170563643027148
F4KI56,1,0.037291404284291,0.306420385904948,0.177418419748924,0.0370227291154653,0.0365799559903905,0.0372625215630649,0.0372469481768403,0.295677700238907,0.0350799349771685
Q9FF79,1,0.0202093397968076,0.372372584914324,0.152599616133398,0.0198328325207404,0.0194921623570716,0.0201135297355527,0.0200854240625794,0.355290898447553,0.0200036120319738
Q9FLC6,1,0.0520163561318856,0.249131175742834,0.197053775869256,0.0532725287684987,0.0537033773151279,0.0524773439938533,0.0525869326931282,0.245143114353907,0.0446153951315096
Q38866,1,0.0576815426850142,0.245725761075097,0.168368612415657,0.0589633558974856,0.0594532578462934,0.0581428686521402,0.0582535968360281,0.24282292462701,0.0505880799652741
Q8L7B4,1,0.029803599912879,0.349373828162061,0.133439138428201,0.0293464504659259,0.0288342202651178,0.0297083867602542,0.0296765601224647,0.341463558335231,0.0283542575478646
Q9LXD8,1,0.0544133919734962,0.248777069359122,0.186837762389805,0.0558917701464973,0.0564857324553555,0.0549336148927733,0.0550602878504363,0.239640713588362,0.0479596573441524
Q9LX16,1,0.0531519296540119,0.255252106635221,0.17439560224082,0.0547654056466918,0.0554814152795378,0.0537094039523605,0.053846332192686,0.253650867603475,0.0457469367951956
A0A178UED2,1,0.0375073298259613,0.274279499158288,0.239331707681498,0.0366479272577487,0.0359467064180715,0.0372696844030593,0.0372036007392149,0.26277901975608,0.0390345247600777
O81822,1,0.0325209451929513,0.326064283088218,0.168208281118981,0.0326145200051957,0.0325283893421129,0.0325785725776099,0.0325893330835114,0.312352588468394,0.0305430871230259
A0A178U7B6,1,0.026109406189834,0.339769570103484,0.176740992364813,0.0260936843510471,0.0259719663362331,0.0261237077518719,0.0261247332767781,0.327427255886839,0.0256386837391004
Q9LXF3,1,0.0102461712955007,0.435114151223084,0.0803153118670019,0.0101829190220933,0.0100940347783423,0.0102358130623792,0.010231760207362,0.423667911954701,0.00991192658953512
AT5G03235,1,0.0517437966674571,0.258955958739191,0.17953918184799,0.0523947786619225,0.0524401724558976,0.0520181064337652,0.052078915175862,0.254925929537841,0.045903160480073
P58049,1,0.0397866907286292,0.258883514988493,0.247205886857841,0.0385765972570518,0.0376866689450669,0.0394338755346307,0.0393387264532157,0.256918306045451,0.0421697331896194
AT5G03965,1,0.0529457364613682,0.235436839042798,0.216707131774218,0.0526403217248683,0.0523294912785731,0.0528723313853947,0.0528501078653737,0.231204719274294,0.0530133211931127
Q0WQ91,1,0.0434757929917105,0.262745249747033,0.239744638204699,0.0438481318827805,0.0437212413997783,0.0436651563155475,0.0437034628028852,0.240275195152719,0.0388211315028473
Q9FGC5,1,0.038978419298484,0.308579757672138,0.157200751276338,0.0383342190090908,0.0377237319949981,0.0388173527994378,0.0387696596723376,0.303000444839693,0.0385956634374832
Q3E8I8,1,0.0576815426850142,0.245725761075097,0.168368612415657,0.0589633558974856,0.0594532578462934,0.0581428686521402,0.0582535968360281,0.24282292462701,0.0505880799652741
F4K1I5,1,0.00853676576317528,0.447054204786976,0.0842182138244861,0.00845750564199161,0.00836085174950015,0.00852143138586742,0.00851606267836403,0.418131466430697,0.00820349773894277
Q8LET2,1,0.0295018480961948,0.337037828054041,0.162280092109674,0.0283426206015695,0.0274848909608875,0.029168681227032,0.0290778425254456,0.326349517250431,0.0307566791747239
AT5G06885,1,0.0446264294634288,0.256560055136781,0.239073139453001,0.0453451708363002,0.0455444386929288,0.0448990567295254,0.0449627470282899,0.238836678541773,0.0401522841179726
Q9FJL3,1,0.0332549282673838,0.320825083843119,0.172041068855254,0.0334399419365927,0.0333893513833803,0.0333452605043855,0.0333639031681594,0.309583491476695,0.0307569705650302
Q9LTA3,1,0.0205589325523684,0.38620006232708,0.145519998255391,0.0203039848963135,0.0200099332003423,0.0205068711883344,0.0204892569964776,0.346665555509091,0.0197454050746016
Q9FLI3,1,0.054910844356792,0.251787873544117,0.177464205124631,0.0560397124037083,0.0563437356223837,0.0553379816312418,0.0554381031149793,0.244390781691478,0.0482867625106696
P27323,1,0.0307235733015803,0.333651421651705,0.160836887097352,0.030536430967767,0.0302519893589289,0.0306994871595575,0.0306880941299762,0.323709398843902,0.0289027174892307
Q9FL70,1,0.0146522015683674,0.421005655017447,0.141811563069744,0.0144664488502903,0.0142626415440049,0.014612181738336,0.0145991141635932,0.350434295906571,0.0141558981416464
Q9LTH2,1,0.0236940276760547,0.338712071020189,0.230340660058814,0.0237653643010792,0.0236562307591094,0.0237473248342521,0.0237565567756937,0.290452956335214,0.0218748082395934
Q9LVG4,1,0.0421787395564734,0.293071315824598,0.169964957247052,0.0416138495405916,0.0409812780553151,0.0420564360771854,0.042016833623073,0.286927351882808,0.0411892381929043
Q9FMV7,1,0.0311298900923789,0.324155330032553,0.181292632845432,0.030360337323515,0.0296743977531819,0.0309331373620541,0.0308755202017425,0.31089616003215,0.030682594356992
AT3G01045,1,0.0531948672583982,0.25716932312951,0.175229841745166,0.0509244170039133,0.0493435197330146,0.0525254442972981,0.0523454038674282,0.254314415862491,0.0549527671027799
Q9S828,1,0.0478782583535722,0.259556856467695,0.20930097930321,0.0479800627570859,0.0476863974397285,0.0479822598415314,0.047998626742164,0.247990314267086,0.0436262448279268
Q9CAY6,1,0.0561754991006294,0.233124897216467,0.197302667697527,0.0559461053086526,0.0557329571165117,0.0561078855950496,0.0560901794604994,0.23147324128409,0.0580465672205733
Q9LVZ6,1,0.0269755048248871,0.344481124254219,0.15976433385684,0.0264216126707381,0.0259364478759903,0.0268313898535307,0.0267896591219243,0.33600199197623,0.0267979355656411
Q84WJ6,1,0.0206217372033369,0.381612393745804,0.117209129244653,0.0206863486695406,0.0206203918069436,0.0206625556680108,0.0206701230412327,0.378683821909402,0.0192334987110762
AT3G05955,1,0.0277125323204352,0.303845583458521,0.251503586505415,0.0275818251836964,0.0273903241904197,0.027693135812232,0.0276849539255644,0.279702943386146,0.0268851152175707
P19036,1,0.0291163379342785,0.315844421800437,0.228270670019006,0.0292368529457889,0.0291698894237122,0.0291822333888031,0.0291951500351779,0.282742398933355,0.0272420455194416
AT3G07365,1,0.0283973794078741,0.331297514279062,0.193316386464461,0.028261267715995,0.0280622390950088,0.0283774930138529,0.0283689805359448,0.306496463490585,0.0274222759972158
Q9M2R9,1,0.0203545519286323,0.386241295395969,0.128526365336184,0.0200014181730438,0.0196441373282038,0.0202731901525471,0.0202477315464767,0.365132673471055,0.0195786366678889
AT3G08370,1,0.0446264294634288,0.256560055136781,0.239073139453001,0.0453451708363002,0.0455444386929288,0.0448990567295254,0.0449627470282899,0.238836678541773,0.0401522841179726
Q9M050,1,0.0217693436006033,0.370066777131364,0.156043703865903,0.0216695150049262,0.0214820574348278,0.0217620776482976,0.0217567119179854,0.34444067655753,0.0210091368385622
A0A1I9LQ55,1,0.0351920716657778,0.292710843917898,0.21373979158606,0.0339231863906957,0.0330167087926674,0.0348181581437382,0.0347178592196996,0.284497049602628,0.037384330680835
Q9LEA3,1,0.0270766770182923,0.314219296252391,0.225861074808195,0.0266057490700413,0.0261286255426793,0.0269685025728145,0.0269345967419796,0.300260075253856,0.025945402739751
Q9ZVP8,1,0.0245153846780356,0.372419108948993,0.138599977390043,0.0243447831348876,0.0240589253367869,0.0244992487929287,0.0244895160714394,0.344208728044483,0.0228643276024027
AT2G06475,1,0.0382375414114735,0.298921918160455,0.18168017755034,0.0388020774415127,0.0389410967157831,0.0384552116005723,0.0385056386417814,0.292198640725684,0.0342576977523983
O82191,1,0.0301742496923931,0.321564871777428,0.187871080129975,0.0290211435934916,0.02816693287734,0.0298428854892199,0.0297525570257175,0.312119018806814,0.0314872606076206
Q9SL82,1,0.0533239064632726,0.2611959861718,0.169281907627837,0.0536010689036541,0.0534661084647931,0.0534688376801637,0.0534980035202951,0.25218624233688,0.0499779388313041
Q1PF17,1,0.0357158563177637,0.313162145086563,0.181980638090296,0.0360945894174783,0.03606343072851,0.035887319890368,0.0359240044263817,0.293178825719114,0.0319931903235264
O22189,1,0.0245161155588861,0.309086667994301,0.259340861738323,0.0238743835998964,0.0233782425458053,0.0243345213209792,0.0242846407503498,0.285859957664316,0.0253246088271429
Q8S897,1,0.0355359738647735,0.31243752105173,0.176747109511205,0.0359481913501527,0.0360257905226752,0.0356995131815373,0.0357368412840351,0.299459269411474,0.032409789822417
Q9ZW31,1,0.0272713554696465,0.336369711799025,0.197166636345209,0.0273339838870191,0.0272409097622338,0.0273172456870909,0.0273252534816337,0.304367567856163,0.0256073357119791
Q9SIQ2,1,0.0563720865493618,0.258694650026204,0.156642424981772,0.0559274941601447,0.0553375558087753,0.0563011381528803,0.0562723445685356,0.251583888817805,0.0528684169345216
AT2G08475,1,0.0388867362066901,0.309080145892786,0.156874491265543,0.0393501689158137,0.0394121906176542,0.0390753849175577,0.0391179301933522,0.302938084670002,0.0352648673206018
Q9SKY8,1,0.0434323627270163,0.279797186803264,0.183321099429779,0.0414736156359116,0.0401929897836287,0.0428317077885834,0.0426742102171839,0.278752576187042,0.0475242514275905
Q9ZQP6,1,0.0295992488810422,0.315664050195242,0.208699358036661,0.0297850289128775,0.0297689330952352,0.0296826976886823,0.029700621756374,0.299432555307734,0.0276675061261529
A0A178VUF2,1,0.0263643958228531,0.359145163586744,0.126938793000665,0.0261840242407387,0.0258984971866443,0.0263414387881907,0.0263306314725843,0.357448318882628,0.0253487370189514
Q9SJG4,1,0.0600633937847412,0.237518271525523,0.169933672528135,0.0617929859240259,0.0625319175078872,0.0606694181612775,0.0608170406579494,0.235168471784517,0.0515048281259429
O64864,1,0.0316914432381032,0.324831418627082,0.171845351447032,0.0318773888361768,0.0318335380115346,0.0317804703602567,0.0317990313432363,0.314649368649846,0.0296919894867328
AT2G09805,1,0.0395305760549134,0.29740160983403,0.18480408299893,0.0400368628614715,0.0401444871493756,0.0397292561934076,0.0397748510878213,0.282738351716479,0.0358399221035713
Q9SY08,1,0.0336197629009468,0.315366013274478,0.186888735901346,0.0326306667358939,0.031824490419405,0.0333498088580251,0.0332739457020802,0.298693518110336,0.0343530580974889
Q9SY38,1,0.0304392960826236,0.296933458735018,0.238764153125485,0.0298860266960848,0.0293974337461506,0.0302950983146715,0.0302534147031506,0.283898571520146,0.0301325470766704
A0A178UXQ0,1,0.0155776149866743,0.400136812797053,0.134806776995879,0.0155963037797863,0.0155196254121204,0.0156006888836731,0.0156041482211093,0.372552616115769,0.0146054128079349
Q84TI7,1,0.0382192016657183,0.276607101972916,0.233811798656012,0.0366513912723903,0.0355540330737775,0.0377545750395583,0.0376302228794382,0.26319364089723,0.0405780345429594
Q9STH8,1,0.0223838687463156,0.355882955760772,0.184879108130897,0.0220103438944684,0.0216351710980673,0.022296487624785,0.0222694620512413,0.32678256523565,0.0218600374578034
Q9STH1,1,0.0220259756534514,0.371029066427818,0.1559911553453,0.0217655467741187,0.0214930903240926,0.0219670423563669,0.021948400742877,0.342512445357725,0.0212672770182499
A0A178V1C5,1,0.0300941386728731,0.32111941794513,0.200618956565843,0.0300966617674458,0.0299724656302538,0.0301195205301264,0.030122481332125,0.299200063890593,0.0286562936656098
Q9SU32,1,0.0406015507419929,0.288952156569993,0.18369933821729,0.0399968920067268,0.039397655562717,0.0404553104500812,0.0404112204549398,0.286366417648284,0.040119458347975
Q8GWL1,1,0.0204386986346486,0.377862149448284,0.152229566829518,0.0202584715783342,0.020059476258048,0.0203996170646956,0.0203869267068748,0.348491045083685,0.0198740483959118
Q9LDR8,1,0.0177274448036523,0.383792396706694,0.145252531751302,0.0174298534244991,0.0171534125217347,0.0176532044282687,0.0176311452792688,0.366077404344533,0.0172826067400476
O65457,1,0.0521349630995574,0.262383720043465,0.166952869097308,0.0534888867284112,0.0540421465339958,0.052614175144269,0.0527302753395231,0.260491188327465,0.045161775686005
P82794,1,0.0487482593280316,0.261721150451333,0.189404963145612,0.049134829572368,0.0491232780227391,0.0489143264421143,0.0489509238084437,0.258619249419305,0.0453830198100528
A0A1P8B8X3,1,0.0382670375609971,0.268235802063798,0.248060222260026,0.0374742116850603,0.0368188919108039,0.0380496624165947,0.0379889330476103,0.255710620453784,0.039394618601326
Q8GYA4,1,0.0394571876414003,0.262294306891549,0.241884727812554,0.0385426787707477,0.0378483806840858,0.0391933792515038,0.0391218654403526,0.260227209694693,0.0414302638131138
AT4G07190,1,0.0394784655363405,0.301190655315534,0.17625735440067,0.038295320794547,0.0373241188803798,0.0391593108701422,0.0390688187995763,0.290017074136592,0.0392088812662188
O81831,1,0.0482479217879465,0.247358408945725,0.224382865505268,0.0490437028149174,0.0491486530678212,0.0485736900394429,0.0486469010848134,0.242861708621067,0.0417361481329991
Q93V62,1,0.0394322152536387,0.306544984849861,0.15417149988825,0.0390574865178422,0.0386148757028529,0.0393536161437261,0.0393276612139124,0.304902064071574,0.0385955963583431
Q9SUD5,1,0.0342149410089644,0.318218870355363,0.174179857819094,0.033242917959125,0.0324029958624586,0.0339619041534524,0.0338885977561164,0.306020696826138,0.0338692182592876
O49445,1,0.0247399829677155,0.31486461216993,0.267798794806459,0.024610004835018,0.0243554428210066,0.0247348554693511,0.0247282519769449,0.27090800583401,0.023260049119565
A0A178V5T8,1,0.0471478826653011,0.256008724773465,0.219265416836422,0.0447443492604558,0.0431308986114277,0.0464223614143116,0.0462302098087899,0.245451974973244,0.0515981816565826
A0A178USH6,1,0.0431524261822832,0.267569069023566,0.220881935756463,0.0411044288239409,0.039701606624872,0.0425396234289948,0.0423765246073172,0.255787346243736,0.0468870393088261
O49586,1,0.0576815426850142,0.245725761075097,0.168368612415657,0.0589633558974856,0.0594532578462934,0.0581428686521402,0.0582535968360281,0.24282292462701,0.0505880799652741
AT4G31398,1,0.054637411753626,0.242647311383987,0.208267721827519,0.054807209536847,0.0545064857085955,0.0547724318681187,0.0547953186830078,0.225417716463876,0.0501483927744229
O81878,1,0.0411308909133562,0.264787037198108,0.245566350379234,0.041037890896922,0.0406349934195272,0.0411743184594903,0.0411747755389761,0.24698385511465,0.0375098880797366
Q9T008,1,0.042314302732193,0.299674417759072,0.151119031639274,0.0428386826970282,0.042892557468016,0.0425285194219748,0.0425768406736717,0.29770384647253,0.0383518011362408
O23164,1,0.0492981079937976,0.257897371148288,0.198092721669468,0.0505532110115114,0.0510099863305282,0.0497535422030271,0.0498624595659976,0.251143386727052,0.0423892133503302
Q9T072,1,0.017118111253643,0.404000451286936,0.132794115494249,0.0168951676462152,0.0166845518479001,0.0170624551553326,0.0170459547515638,0.361458521663377,0.0169406709007825
P93277,1,0.0643307531950025,0.223493944900571,0.177876097833125,0.0662136269716692,0.0670030349566743,0.0649942341796667,0.0651553352075561,0.2156774657532,0.0552555070025351
O05000,1,0.0415787900572636,0.285450298311662,0.18322249682278,0.0421806951900646,0.0423628753510453,0.0418035361306616,0.0418564848693097,0.283710174719838,0.0378346485473762
A0A178WIR0,1,0.030897547901114,0.329294591892426,0.0964576302382549,0.0309550680343507,0.0308190568793812,0.0309456720979923,0.030953922712929,0.390393201793008,0.0292833084505433
Q06402,1,0.0436053051017493,0.288735528408429,0.143252651081034,0.0417803738811625,0.0405523149086414,0.0430493462676631,0.0429032771727425,0.308056819446834,0.0480643837317432
Q9LMM0,1,0.0261583159096328,0.349544069333793,0.0998256474816108,0.0252505371361971,0.0245672133810703,0.0258989994499073,0.0258280970215198,0.395974118136078,0.0269530021501912
Q9FZ21,1,0.0259113144726926,0.33942262575318,0.0839235800140548,0.0251184359660724,0.024517757020385,0.025684303951617,0.0256223931221452,0.423116296924486,0.026683292775367
Q1PFZ3,1,0.0288917207650273,0.337342785709891,0.0832004782344604,0.0285904244395108,0.0282480341894301,0.028826860550096,0.0288058168163914,0.408068028135669,0.0280258511595248
Q43383,1,0.0375337866393002,0.293534191843459,0.184297079706493,0.0362653205436128,0.0354075597186344,0.0371466724637301,0.0370451043762709,0.297797701491394,0.0409725832171052
F4I2G0,1,0.0177421916276762,0.362523312683162,0.0690850899354343,0.0173729286235172,0.0170631818387154,0.0176422367596694,0.0176140596494585,0.463130293975805,0.0178267049065618
Q5XEP9,1,0.0231411155190102,0.369242747264798,0.124406875296582,0.0224354845613206,0.0218631823800703,0.022948821560025,0.0228946871404241,0.369785228145468,0.0232818581323013
O23039,1,0.0395062160370351,0.308991879112527,0.114200964948614,0.0396051993326104,0.0394686775299059,0.039572119193994,0.0395842531429943,0.34175385571542,0.0373168349868994
O23035,1,0.0204720382352974,0.352352055524606,0.0903514432065152,0.0200392707961657,0.0196483988913727,0.0203608378565503,0.0203284664437766,0.43624798262734,0.0201995064183767
Q9LNE7,1,0.0286853193732238,0.347433658729555,0.0948385007693736,0.0284996015707927,0.0282631395599254,0.0286488251181065,0.0286363075987275,0.386813308028318,0.0281813392519778
Q9LNE3,1,0.0320536487905563,0.338896138453134,0.127183432601646,0.03199883967656,0.0317564886082156,0.0320785263945183,0.0320787893516136,0.344218800778746,0.0297353353450103
Q9FRR8,1,0.019811605081639,0.360207545479853,0.0723005066604566,0.0191980640694578,0.0187420987831452,0.0196342831662493,0.0195861707863109,0.450052314897664,0.0204674110752244
Q9XFR5,1,0.037212035648101,0.309378879642148,0.15617587350381,0.0355301447482226,0.0344109810957283,0.0366998819862209,0.0365650744275945,0.313263624475196,0.0407635044729791
O80518,1,0.0178133330793193,0.392757918933681,0.0907649889064951,0.0176652459942858,0.0174904705863166,0.0177834284853773,0.0177732535042411,0.410777127972643,0.0171742325376398
Q8LC45,1,0.0226940881421097,0.362357180171023,0.0917397559696106,0.0223645643171242,0.0220816890785661,0.0226047470014007,0.0225796552947649,0.410622181656291,0.0229561383691096
Q9SXA6,1,0.023150335203859,0.353111718787061,0.0802516611645687,0.0229462128882437,0.0226648182712237,0.023116990982541,0.0231038689390737,0.429791226749304,0.0218631670141254
F4IAL1,1,0.0294926024526396,0.345891764830797,0.122403563890073,0.0294649365199173,0.0292915525410318,0.0295152804856956,0.0295165458587662,0.356778841987512,0.0276449114335673
O65788,1,0.0185318924457968,0.358382187008394,0.0733471503144716,0.0179797154996165,0.017552989266458,0.0183755074498654,0.0183325741533281,0.458489347118284,0.0190086367437862
Q96514,1,0.0251481394310311,0.344325813801345,0.0865932627784917,0.0246432600660653,0.0242068148542822,0.0250137107208651,0.0249754576785826,0.419856727483036,0.0252368131863016
Q9FX55,1,0.0268569117660662,0.349255296268619,0.0869526960155396,0.0260422397500781,0.0254463316184648,0.026619072497541,0.0265549453129394,0.404317258189104,0.0279552485816472
Q9XI72,1,0.0218276216178888,0.358568060015102,0.0818558241654641,0.0211565792807245,0.0206519343299729,0.0216349002634804,0.0215824206694775,0.430174465174223,0.0225481944836661
A0A1P8AR40,1,0.0237054968425256,0.353865680077004,0.103623024980093,0.0235259378686715,0.0233228479090308,0.0236654425669892,0.0236527740075368,0.401204906222544,0.0234338895256052
Q8VY80,1,0.0283371222107262,0.339632272671155,0.123175494395944,0.0271353206296987,0.026302932671224,0.0279781372786915,0.0278825799118999,0.369283240952365,0.0302728992782948
F4I1A6,1,0.0307048918793623,0.341754879718974,0.130788247416069,0.0306540869226769,0.0304992544956817,0.0307111355936726,0.0307096015098166,0.344398033115993,0.029779869347753
Q9FRH3,1,0.0305670431669182,0.346449237436609,0.103196488184682,0.03013581671512,0.0296731618846445,0.0304711057412409,0.0304405192008426,0.369523600249475,0.0295430274204682
Q9C8R6,1,0.020680425058117,0.364141159429906,0.0906688277696264,0.0205361307813432,0.0202929313143409,0.0206662704152415,0.0206580462953665,0.42314188528579,0.0192143236502686
Q93Z38,1,0.026598733195541,0.350595070408321,0.106476733069834,0.0260623743128076,0.0255851566577452,0.026460020960612,0.0264197563666177,0.385450914515231,0.0263512405132902
Q9LNL0,1,0.0407734798291799,0.305638071580916,0.132190890357242,0.0415480471092097,0.0417633025295981,0.0410654417625005,0.0411339974934149,0.319973425340868,0.0359133439970711
Q9LNL1,1,0.0362022641249826,0.323268167560839,0.127838467491974,0.0366416097757546,0.0367052235898425,0.0363795876050343,0.0364197562559412,0.333848394179786,0.0326965294158452
Q6R8G2,1,0.0316084381789794,0.311116068634632,0.173572313203455,0.0306769676737921,0.0299871611406529,0.0313370408623422,0.0312638579085608,0.327136954980403,0.033301197417183
Q9C8F3,1,0.0409283420353034,0.306239732600694,0.123661914501088,0.0398100281872317,0.0388841146366199,0.0406274727448528,0.0405420930882235,0.32885401276505,0.0404522894409359
A0A1P8AMN4,1,0.0339932478410878,0.328702732274781,0.125618688412342,0.0342308224268311,0.0341303899168969,0.0341173439083119,0.0341422038065121,0.344749527774906,0.0303150436383317
Q94LA9,1,0.0336249097574942,0.322080712901086,0.12198415385534,0.03279435957696,0.0321266416523716,0.0333926354887667,0.0333285256636093,0.356181638362268,0.0344864227421044
F4HPM2,1,0.0155319179972704,0.406291594298605,0.0921785010688054,0.0151739367687772,0.0148732660524765,0.0154356442509491,0.0154083604762079,0.409589639301302,0.0155171397856068
Q94C40,1,0.0180441891202852,0.378879125485238,0.108429155724398,0.017896531790888,0.0176958140503876,0.0180191773766621,0.0180096030847973,0.405702795857687,0.0173236075096569
Q9XIB2,1,0.0133532394457763,0.379554606827621,0.0681894034006168,0.013245374656796,0.0130920717387565,0.0133363452415563,0.0133295009139348,0.473226424301421,0.0126730334735218
Q9XIB6,1,0.0268125979563738,0.351072366786888,0.0949928672157728,0.0258563288821914,0.0251711173918619,0.0265311418218669,0.0264555822807429,0.394887416374952,0.0282205812893504
F4I3E1,1,0.0151818383162985,0.403651950794546,0.0943585576264891,0.0148753134302089,0.0146166988592962,0.015098904334346,0.015075529330448,0.411767858793662,0.0153733485147059
Q9C8L7,1,0.0223536902353546,0.370762415528989,0.0935462680052938,0.0222786711203085,0.0221171338933743,0.0223525442567586,0.0223489771627318,0.403099988211848,0.0211403115853412
A0A178W501,1,0.0344190152706431,0.325469303433806,0.136979375429369,0.0336357244449268,0.0329667495569221,0.0342118600192565,0.0341525374861356,0.334109561978034,0.0340558723809065
Q9SYH0,1,0.0403638434162799,0.304242286639687,0.12817983582289,0.0387165734493449,0.0375960403749897,0.0398662949174932,0.0397347969680538,0.32746719069975,0.0438331377115115
A0A1P8AWH1,1,0.0248130267836947,0.343006211338472,0.078814193890743,0.0247497698912358,0.0245737763198872,0.0248181360792806,0.0248159078416228,0.430773250780092,0.023635727074972
Q9ZUI8,1,0.0270353308586449,0.347906534430414,0.114795834265504,0.0268874177669072,0.0266603943755842,0.0270136026138948,0.027004484495096,0.376367767249023,0.0263286339449315
Q940S5,1,0.0302968734822966,0.336342287071563,0.134413703835592,0.0298837445056371,0.0294765013593826,0.0301952667871383,0.030164958321619,0.349106743482032,0.0301199211547399
O22721,1,0.0379587965680045,0.321025763097431,0.116277473892945,0.0367113130147264,0.0357813178287132,0.0375998727719447,0.0375021665727841,0.337742729703109,0.0394005665503422
O22719,1,0.0159923787986382,0.383080424572466,0.0728808093164716,0.0159591082620598,0.0158438212713709,0.0160003924573465,0.0159997752831523,0.449284404797189,0.0149588852413061
Q9SY91,1,0.0232950397470781,0.357302326762338,0.0901002700157493,0.0226440311357327,0.0221348580006198,0.0231118967089234,0.0230614146948425,0.414489701474284,0.0238604614604321
F4HYV4,1,0.0516997061356657,0.271334931842866,0.148522600308161,0.0523286184247268,0.0524796763360605,0.0519436814084197,0.0519999695038926,0.272744734294534,0.0469460817456737
Q9CAC7,1,0.0324770063739779,0.33126325310633,0.130937434954688,0.0327891112667606,0.0328362566158482,0.0326008694646044,0.0326292398236154,0.344272696604828,0.0301941317893474
Q9ZPJ8,1,0.0106015468128834,0.364774980323554,0.0498170372298466,0.0104659198977676,0.0103187052966922,0.0105715475350411,0.0105619463677487,0.522658387709298,0.0102299288271683
Q9S777,1,0.0161502007857646,0.396766300845983,0.0875258056723853,0.0159678482675822,0.0157625418685405,0.0161112143854296,0.0160984596796338,0.420037810766435,0.015579817728246
Q7XJK8,1,0.0516997061356657,0.271334931842866,0.148522600308161,0.0523286184247268,0.0524796763360605,0.0519436814084197,0.0519999695038926,0.272744734294534,0.0469460817456737
Q94A41,1,0.0399756013665072,0.294566294427271,0.172640389608744,0.0381678926753891,0.036979041472698,0.0394221059229435,0.0392768853292756,0.295081730107764,0.0438900590894072
F4I5D5,1,0.021702383932409,0.369343895225803,0.112240468871838,0.0218704668438068,0.0218800817166706,0.0217717903372552,0.0217873772537099,0.38898819177501,0.0204153440434981
Q1PFE5,1,0.0392778974707836,0.309995703361734,0.147779461264753,0.0390353283747632,0.0385807910311797,0.0392622107420421,0.0392493407570168,0.310157326305035,0.0366619406926926
AT1G09287,1,0.0516997061356657,0.271334931842866,0.148522600308161,0.0523286184247268,0.0524796763360605,0.0519436814084197,0.0519999695038926,0.272744734294534,0.0469460817456737
Q9C7T1,1,0.0211881356542134,0.363710619306522,0.12565279904424,0.0208761240502862,0.0205466907727039,0.0211177508669644,0.0210954776598799,0.385501887715988,0.0203105149292022
Q9SSM7,1,0.0281009843599198,0.34786008882542,0.0941824578302102,0.0280330801895529,0.0278209177439454,0.0281132254259197,0.0281114940789083,0.391629777727884,0.0261479738182395
Q9CAU3,1,0.037174746813516,0.323009448958384,0.12731553235142,0.0361342618394319,0.0352858725009513,0.0368895193868866,0.0368096541282546,0.329584605924998,0.0377963580961574
A0A178WHC7,1,0.0213563901933831,0.348812988174747,0.0708802329778561,0.0206875213474458,0.0201763205097503,0.0211660849185619,0.0211139644440129,0.454010981920633,0.0217955155136097
Q8W568,1,0.0238944242764758,0.350688860727462,0.0934455648860012,0.0230998281805517,0.0225114467203991,0.0236638505289249,0.0236014659216404,0.414142015709478,0.0249525430490673
Q9C9C8,1,0.024893128310772,0.348989896493544,0.0996436149819491,0.0245021189118041,0.0241321272525738,0.0247940665399501,0.0247650655575165,0.403572137652802,0.0247078442990876
Q9SGR3,1,0.0286055285990624,0.333073666205183,0.158207700202152,0.0287748851022734,0.0286536494284409,0.0287031368117856,0.0287219399729755,0.339570702278336,0.0256887913997917
A0MEG7,1,0.0285709217979531,0.336164193602811,0.0818506191599786,0.0283938590060934,0.0281205651039004,0.028546225897989,0.0285353872251504,0.412636366693609,0.027181861512515
Q8RX60,1,0.0465923607912209,0.264081475393202,0.186881268287872,0.0449554955311763,0.0438244582391706,0.0461000047059459,0.0459696424825451,0.271370308954348,0.0502249856145184
Q9M020,1,0.0131711688316192,0.393137135184105,0.0691276825610382,0.0130660688757683,0.0129283182147372,0.0131526074962896,0.0131456932059987,0.459698775378095,0.0125725502523483
Q9M012,1,0.0205095785246767,0.363682557660058,0.0952034318888048,0.0202731375846612,0.0200055671346219,0.0204591380021717,0.0204426396855178,0.419516921426123,0.0199070280933651
A0A1P8BF18,1,0.0129565025230442,0.377831137483287,0.063278764072917,0.0126463378776455,0.012399309690575,0.0128698005466254,0.0128458309144502,0.48198226516778,0.013190051723675
AT5G03285,1,0.0338438120403707,0.327173998302509,0.105059249807053,0.0322727602189003,0.0311964646257308,0.0333732652605145,0.0332481280068836,0.367746135261168,0.0360861864768708
A0A178U9K3,1,0.0301153536404919,0.348327480848567,0.113144517303192,0.0302843992635223,0.0302051911546661,0.0302039820536961,0.0302217466690253,0.35971755250245,0.0277797765643891
Q9FNP0,1,0.0145094988532544,0.373985804102758,0.0639955849416056,0.0144089687487532,0.0142484616457703,0.0144975741696316,0.0144916106492092,0.476284221582956,0.0135782753060616
Q9LX07,1,0.0162202386298294,0.372975208827996,0.0730930612978327,0.0159111184086622,0.0156094697325932,0.0161462530949722,0.0161236945280025,0.458329853948196,0.015591101531915
Q29PZ1,1,0.0348290033696439,0.315965917947875,0.13110811963483,0.0347734039767103,0.0344877328754965,0.0348599245673716,0.034860934198747,0.346929651650901,0.0321853117784252
Q84WM9,1,0.0306400017495156,0.332331089558964,0.150702598608534,0.0295185065425236,0.0287219640054848,0.0303102444286014,0.0302215564270553,0.335706832625238,0.0318472060540832
F4JWL7,1,0.0297306034259405,0.339038325880519,0.117544710116795,0.0299075448142967,0.0298748481372161,0.0298108877950419,0.0298281756532193,0.366112185949961,0.02815271822701
A0A178UP49,1,0.0394575334812308,0.302396765386915,0.136035702268118,0.0377866205624095,0.036681883457438,0.0389450191417882,0.0388108349272381,0.326315535315721,0.0435701054591413
Q84VP8,1,0.0326307761097681,0.332233199271966,0.116309054338508,0.0330796276230224,0.0331717977688648,0.0328052842629779,0.0328456549259751,0.35736715642573,0.029557449273187
Q9FMR0,1,0.0275159199088281,0.344989134745353,0.0919093079207293,0.027679245806212,0.0276110854768419,0.0275986245573848,0.0276155321816597,0.399736342942118,0.025344806460873
A0A178UT10,1,0.0252297580664305,0.345304905626532,0.0801707627519367,0.0246000857674591,0.0240831394608195,0.0250569149519409,0.0250086089207364,0.425110628890969,0.0254351955631751
A0A178U9Q7,1,0.0156546381952648,0.393857187600205,0.0915437344701923,0.015198303427966,0.014851722680113,0.0155245083002196,0.0154889076300055,0.421769992595231,0.0161110051008032
O65403,1,0.0285962843023415,0.348812911955014,0.128029090653132,0.0287867032620778,0.0287206720698284,0.0286922953716573,0.0287118468296261,0.353710566371833,0.0259396291844905
Q9FID8,1,0.0222229468887268,0.355176100985871,0.130993162566744,0.0219534183323479,0.0216543131391078,0.0221644629847198,0.0221455230613731,0.382272695874437,0.0214173761666719
Q94CD1,1,0.0245810862344938,0.350758889592056,0.0912801172523475,0.0238289497222653,0.0232527311017474,0.0243674892101484,0.0243089284981142,0.412364129383954,0.0252576790048739
Q3E8J4,1,0.0358723289416735,0.329399905299146,0.127785186905428,0.0359830548097314,0.0358149937923198,0.035951954086574,0.0359660818106313,0.329668855778298,0.0335576385761978
Q9FJ33,1,0.0300128890754791,0.336965367162602,0.103224614983549,0.0289688526079921,0.0282128210958629,0.0297065238598765,0.0296241964363291,0.381502749594616,0.0317819851836933
Q9FH67,1,0.0218028561265672,0.361990320987963,0.0863165740179141,0.0214808735012932,0.0211411616693687,0.0217304797140781,0.0217075361321036,0.422988587761083,0.0208416100896291
Q9FJV8,1,0.0247715805233613,0.360902046706906,0.124710667808411,0.0244434769949307,0.0241064408025304,0.0246954044029404,0.0246717803429126,0.367635682913096,0.024062919504911
A0A1P8BDN2,1,0.0255484089865396,0.349254095381382,0.118881177451097,0.0256853103384998,0.025584469556465,0.025627122023221,0.0256423065505375,0.380619619423162,0.0231574902890955
Q3E7L7,1,0.0398630853162817,0.312572732221312,0.132832330277826,0.0403949698456272,0.0405100563750297,0.0400680414557946,0.0401156957692665,0.317084229784218,0.0365588589546433
Q9FFH6,1,0.0250792501475011,0.341005285512301,0.123098585220837,0.0246827969543758,0.0242832777200427,0.024984369576835,0.0249555689701893,0.387287792215329,0.0246230736825897
Q9LU05,1,0.0184130242563457,0.349959091689931,0.0621942286145111,0.0180856800417,0.0177820241626667,0.0183299159608033,0.0183055627727242,0.478828897921715,0.0181015745796035
Q9FK76,1,0.018861930986512,0.36674900284632,0.0959206197504372,0.0184953690847832,0.0181897680036075,0.0187612809178107,0.0187332050090301,0.425124031124502,0.0191647922769974
Q9FJ55,1,0.0146782306864059,0.364221554521418,0.0608175576525177,0.0144199421007669,0.0141745477212895,0.0146142560113212,0.0145952018712386,0.488107248557863,0.0143714608771784
Q9FNL6,1,0.0250233791975958,0.342612931688744,0.0778265264811104,0.0246580737623966,0.0243015399727081,0.0249334619389067,0.0249066473313895,0.431049073732715,0.0246883658944334
Q9FNL3,1,0.0207172366517962,0.367107797774335,0.081739639597565,0.0207788599796423,0.020686700446074,0.0207614857193125,0.0207693305336653,0.42834114327641,0.0190978060211996
Q9FGL2,1,0.0432826903486003,0.286671732906915,0.159421937389728,0.04106757710491,0.0396191828808664,0.0426025081309008,0.0424244012309452,0.296502499039056,0.0484074709680782
Q9FGK4,1,0.0182409884448003,0.360541207250731,0.0771884067255746,0.0178289488686342,0.0174553114993993,0.0181361595443301,0.0181054156723905,0.454673076701078,0.017830485293062
Q9FGV4,1,0.0144149162076246,0.36584709545126,0.0578437288248142,0.0142775761523304,0.0141068483548411,0.0143886042254885,0.0143793515799868,0.490978533910413,0.013763345293241
Q9LV60,1,0.0186585515381824,0.372020565116684,0.0946764047625329,0.0182350583916734,0.0178941667683044,0.0185407282790959,0.0185080689833364,0.422480036976868,0.0189864191833228
Q64J17,1,0.0421714853208734,0.273891203061191,0.20125596435499,0.0403690506482736,0.0391275786879996,0.0416324400163675,0.0414890247504152,0.274458686878741,0.0456045662811484
Q9FGR9,1,0.0236223484962549,0.368370231637157,0.103041497399663,0.0237569673648344,0.023704183105513,0.0236908558946532,0.0237047596946684,0.388427931695313,0.0216812247119429
Q9FHC8,1,0.0356603492084929,0.315476086411488,0.134811544626616,0.0355353622355279,0.0352486329315136,0.0356625201620083,0.0356570176482398,0.338241577171505,0.0337069096046079
Q9FLN8,1,0.0350987062016386,0.322731079094752,0.0947900208760647,0.033820114019261,0.0328632008074341,0.0347330166339545,0.034633078049107,0.375595325588725,0.0357354587290631
Q9FH16,1,0.0204919749588578,0.360916599371068,0.0787530142290342,0.02033917927055,0.0200995096134938,0.0204729043202121,0.0204637456466669,0.439267282123897,0.0191957904662198
Q9FKL8,1,0.0306290605413056,0.331486599586496,0.0865436694965568,0.0303199879012077,0.029980521747724,0.0305589379564679,0.0305370085544682,0.399867045323451,0.0300771688923223
Q1PDH6,1,0.0278051147957936,0.339172367375801,0.0851561833658749,0.0270649313213927,0.0264754821858394,0.0275988010431471,0.027541646280108,0.410916202653046,0.0282692709789974
Q9LLR6,1,0.0596801564292068,0.244920097053586,0.153137561026167,0.0610189635348457,0.0615484515296616,0.0601571249035825,0.0602722814011702,0.246961476800101,0.0523038873216787
Q9LTH7,1,0.0358419995231761,0.312914711307932,0.146803713125254,0.0346090926620735,0.0337055551941947,0.0354837509799846,0.0353868540072436,0.327503630967106,0.0377506922330366
AT5G60022,1,0.0369809845874421,0.312955439784694,0.152200025323836,0.0357029881503464,0.0348161675371876,0.0365979254428415,0.0364961997736802,0.314704646031832,0.0395456233681412
Q9LVG8,1,0.0203206219677255,0.369575737786234,0.0813937680417604,0.0201721067938648,0.0199907797172519,0.0202902161290947,0.0202800411129411,0.428087819977914,0.0198889084732131
Q9LSS0,1,0.0252895570547457,0.342621335725545,0.121243709460853,0.0251648212257692,0.0249299445922128,0.0252805702068949,0.0252738885505774,0.386199064935108,0.0239971082482947
Q9FLK4,1,0.0294621863486553,0.342111131944237,0.115987573445487,0.028307174740762,0.0274800966732266,0.0291231613335497,0.0290319406356867,0.367546587225253,0.0309501476531426
