ID,Cluster,#1,#2,#3,#4,#5,#6,#7,#8,#9
O03983,1,0.0399292682727076,0.254329172560444,0.0590908388474844,0.122958195877049,0.192874521147122,0.0966715373516314,0.183253014067634,0.0302112355064657,0.0206822163694624
Q9LQ95,1,0.0242150175321305,0.308614454779957,0.0575635118665413,0.0893671626886975,0.263638802765499,0.0673226877903599,0.156195670488937,0.019254267817329,0.013828424270549
Q0WWX5,1,0.0104354244224639,0.43459963573777,0.0275079791478982,0.0922726029564325,0.116706443617525,0.0603767989932215,0.244879640214646,0.00763502813649657,0.00558644677354638
Q39013,1,0.0264559655866535,0.258022855349368,0.0878739449517843,0.106922303525202,0.230758825937725,0.0838689062410014,0.169472212711302,0.0208141730809063,0.0158108126160584
Q5PP28,1,0.0430498222725962,0.207011626201553,0.117253567772913,0.113328582165099,0.202098900899782,0.0931787761559634,0.159926548010487,0.0372471078741121,0.0269050686474948
Q9SA57,1,0.0235441251004324,0.284360607193483,0.0419764659666369,0.140088031798119,0.138470452753429,0.101404516467343,0.242085261346517,0.0165534021122181,0.0115171372618214
Q9LR70,1,0.0146005371269317,0.372163952113643,0.0318729056645458,0.108972345121134,0.12566422570575,0.0712176102252461,0.257094543288354,0.0106616452489288,0.00775223550546626
F4I2H7,1,0.0169999130262214,0.313709902401793,0.0749657934388579,0.0744041930529537,0.300197337148266,0.0547356960250826,0.139590291493553,0.0140640090338417,0.0113328643794306
F4I444,1,0.0255058155742046,0.317653406304974,0.049706653263187,0.10609424350372,0.202000948049466,0.0778616581930767,0.187291530574975,0.0195436426243496,0.0143421019120471
Q6AWV1,1,0.0255566204663044,0.245388179589999,0.0849180979035704,0.127786921312032,0.183623378393663,0.101313333754966,0.197181822473196,0.0197885738595147,0.0144430722467549
Q9ZVP5,1,0.0459419108542064,0.197393746375245,0.0712868829161315,0.154591278762446,0.145968933701586,0.131195738742539,0.193236434173804,0.034938162670824,0.0254469118032166
Q5Q0I8,1,0.0229308651376201,0.296597501659117,0.0679204819783255,0.0973090696515918,0.242432440521527,0.0738135547039903,0.166460299320643,0.0182818004380807,0.0142539865891042
A0A178W4P4,1,0.0287078589159224,0.248575244429465,0.0579731508767173,0.144937532427487,0.153236990915398,0.110699330823574,0.21791443505212,0.021299591781304,0.0166558647780129
Q9LND0,1,0.0371605098952056,0.206087429477,0.0849416253781601,0.144280225726233,0.166379934572123,0.122170432399699,0.188551810598407,0.0292613969366365,0.0211666350165376
Q9LQP7,1,0.0256053736001501,0.263014566543498,0.0382590188198252,0.152423986093722,0.125525476079702,0.108330067602438,0.256391154658551,0.0180922695381871,0.0123580870639277
Q42374,1,0.0120293651704232,0.462178955732811,0.0288861310213712,0.0837963084373612,0.131717350575561,0.0549540014692901,0.21092105620048,0.00894132196143879,0.00657550943126329
A0A1P8ASY1,1,0.017339460770061,0.308552436061682,0.0491766804622448,0.124812276998696,0.153739368201105,0.0897606576669235,0.233905001417528,0.0128687035195205,0.00984541490224016
Q9SCW7,1,0.0381429337465169,0.209427299886708,0.101391165225085,0.12724232387797,0.18994167344437,0.107584461606284,0.17333970101013,0.0309734912259108,0.0219569499770268
O80528,1,0.0212819402585805,0.262899850772228,0.0448152004494904,0.150685788770251,0.127451368817083,0.106891125197814,0.258531899718661,0.0155901551019251,0.0118526709139672
Q4PT37,1,0.0157222306626847,0.313718231267273,0.0399645427291209,0.127964293821831,0.12812090365154,0.0865511106047342,0.267818838478202,0.0115012413936806,0.00863860739093326
O04491,1,0.0320122725063255,0.222293668991349,0.0731751247590607,0.149252654529253,0.149130763396053,0.116628206942242,0.214749160718119,0.0246437537778485,0.0181143943797496
Q9FE59,1,0.0162824580615677,0.323268589222059,0.0585592336177513,0.0725778896152972,0.317472979364655,0.0545330138147539,0.134965400473336,0.0128571404252833,0.00948329540529721
F4I4C1,1,0.0251107142304776,0.241361564725102,0.0914946041582767,0.125480718514754,0.190234162770944,0.100345598330499,0.191468164740036,0.0196199701768015,0.0148845023531088
P92998,1,0.0317446824250505,0.261796425042911,0.0424851702731737,0.146074891656749,0.144854443095846,0.110495787524172,0.225698903427224,0.0221844376596147,0.0146652588952595
Q8L840,1,0.00967345918823944,0.386495929627028,0.021156282847598,0.104009157864391,0.0876954534019877,0.0645323391972515,0.314751814263373,0.00680784647489018,0.00487771713524098
A0A1P8AR16,1,0.0294045275272747,0.227306844765484,0.0812207347663204,0.140199731567789,0.164861949363183,0.112672056984731,0.205076459552413,0.0227571278657715,0.016500567607033
Q9SXA8,1,0.0179797883010557,0.308902691840765,0.0450999378317279,0.12636892737261,0.145562836336093,0.0893389101640378,0.243650480700583,0.0133834948714665,0.00971293258166072
AT1G12013,1,0.0493448321258555,0.195984840437776,0.0999862593539243,0.132476697217574,0.166863253619279,0.111024795361516,0.173418591756907,0.0409975102726058,0.0299032198545628
Q9FWW9,1,0.0326843936734362,0.252177871045033,0.0733253897304903,0.113756479357441,0.220141336040678,0.0909202009886476,0.173241619042492,0.0256452454068958,0.0181074647148856
Q4PS45,1,0.0229884490176113,0.248128223398116,0.107506789849821,0.105159578479703,0.232103135730948,0.0835258358297918,0.167955271316879,0.0186174999786255,0.0140152163985052
Q94FL6,1,0.0064505454037657,0.657883933105562,0.016984868607987,0.0459675889355279,0.103576816930036,0.0298677967512636,0.13095804276701,0.00481114056568996,0.00349926693315787
Q38909,1,0.0181698970978987,0.284964221021487,0.0385251358708322,0.144131692148217,0.12377397416116,0.102582919856211,0.265954739096639,0.0128240004064502,0.00907342034110466
Q9LMQ8,1,0.0127498083566667,0.431359463363455,0.0377047259871178,0.0840419422517734,0.166494021050631,0.0572836422485537,0.193413540211789,0.00967026689856253,0.007282589631451
Q9SA32,1,0.0198129502835288,0.269844824643759,0.0913926295647439,0.109296755393962,0.214352121399944,0.0842403270495243,0.182991748579038,0.0156874183011528,0.0123812247843475
Q9FX76,1,0.00886343878660805,0.541165739044484,0.0254586579642225,0.0651750892575205,0.129366776435151,0.0427205970093152,0.175619603785454,0.00667088909163454,0.00495920862561079
Q9FE54,1,0.0275004479844845,0.224623122077395,0.113890160524748,0.115807054137077,0.214865744344386,0.095049401848163,0.169434594030941,0.022221683703916,0.0166077913488887
Q9LNP6,1,0.0190827707839292,0.31152594604563,0.0643880154975588,0.0796966764145626,0.294170222130692,0.059518724558611,0.144756698395745,0.0152444578756214,0.0116164882976491
Q8S905,1,0.0148454437718567,0.327886005859361,0.0486938872773031,0.116513732887129,0.155551095248988,0.0828686923947468,0.234217791673025,0.011061186074148,0.00836216481344232
F4ICA0,1,0.0105859556457533,0.445244487632138,0.0326952825435487,0.0852046607880553,0.144815440008127,0.0574065378983827,0.210366638881296,0.00783416987861997,0.00584682672407872
F4ICB6,1,0.0228558334345433,0.24897294962076,0.0453684512793813,0.156337211727654,0.134049857485532,0.118091120976255,0.247162035351767,0.0161054312366716,0.0110571088874352
Q8LFA9,1,0.027795220485761,0.295279672617789,0.063056768616226,0.103548484876059,0.218580078877471,0.0773034358634829,0.175810617236088,0.0219037093993284,0.0167220120277953
Q9LN61,1,0.0386662772542771,0.218421163837604,0.0793166778714858,0.139074343163968,0.162010888859246,0.112073255705586,0.197215400532337,0.0313256332858437,0.0218963594896526
Q9FWR4,1,0.0238596086476483,0.300865183744513,0.0539766869958263,0.11077153653976,0.207573638248197,0.0842391304625965,0.188516872439949,0.0178096414290349,0.0123877014924745
F4HR11,1,0.0156871238678021,0.341134181568318,0.057866761918046,0.0977355573969422,0.205463753715043,0.0711417038712359,0.18948321228151,0.012095900621678,0.00939180475942491
F4HUN4,1,0.0188229640265763,0.279076397359119,0.0782362178338506,0.113432690259428,0.205652753092083,0.0872773697179297,0.191803146830744,0.0144820923366267,0.0112163685436426
D8WUA4,1,0.0171388402048485,0.296196744176283,0.0450658207046144,0.132885087974741,0.135353626936494,0.0935675706745073,0.257463591709948,0.0127594494973097,0.00956926812125371
Q9SFF4,1,0.032595208028891,0.243916805810319,0.0867097706209625,0.116656445442578,0.206217906305792,0.0921287965422003,0.174096691662617,0.026195416400405,0.0214829591862344
Q8LE06,1,0.0341620500709766,0.233330048676157,0.0774102815489257,0.131318314135558,0.181415222169436,0.105515243932863,0.192476091639891,0.0262652880313094,0.0181074597948827
Q93VP2,1,0.0462572064287736,0.196503873957007,0.0849817291840395,0.14668785504458,0.153957150541134,0.123586482796531,0.187140940551479,0.0356916087009687,0.0251931527954888
A0A178W8R5,1,0.00948821173968366,0.484919732053602,0.03720639495501,0.0591146823409064,0.216331768253694,0.0408436385617214,0.139008847047986,0.00741760967100707,0.00566911537638988
Q9FYM2,1,0.0313457113480186,0.26124375711674,0.0722311941179977,0.110932237811667,0.22367963614429,0.0878854850520401,0.17104811226009,0.0242346083943806,0.017399257754776
Q9C6M2,1,0.0209996020048652,0.321794608500804,0.03769891731373,0.124491644899281,0.150312689131787,0.0894248544484715,0.230142405799257,0.0148641399866605,0.0102711379151437
Q6R8G3,1,0.0238733523933874,0.245752211840093,0.0663699784794288,0.143134534250299,0.156633219700037,0.109362969613898,0.223388745300558,0.0180641016306517,0.0134208867916486
Q9LQX6,1,0.00931461795434989,0.38561392229226,0.0214766761067818,0.10375841511075,0.0872885077972976,0.0648597675084052,0.316349475950612,0.0065990713216645,0.0047395459578789
Q1PFQ9,1,0.0251353579850848,0.277459459975701,0.0482532519919329,0.135693999286075,0.15368959694091,0.0992294748184559,0.22792974893415,0.0188056342155524,0.0138034758521389
Q9XFR9,1,0.0322696067051247,0.227391796518274,0.115389546736921,0.110376750623643,0.214106270860112,0.0881657676714948,0.164119598374621,0.0266816946378379,0.0214989678719724
Q9C758,1,0.0219880638147003,0.269980807152099,0.0921562459794335,0.104756533793786,0.222099295268636,0.079448854662147,0.178248236661818,0.0177494728051703,0.0135724898622107
Q9SA18,1,0.0167214355048434,0.305196604972047,0.0523757732309138,0.121373501135068,0.170401733570286,0.0901734108233702,0.222335841654944,0.0123598446412339,0.00906185446729399
Q9C857,1,0.0364225803488967,0.206259688090941,0.0803772208407563,0.149185036391027,0.158739268315824,0.126144389900086,0.193170145752175,0.0283008874526678,0.0214007829076263
Q9C6W5,1,0.0215559997176305,0.318068813912275,0.0509281692581352,0.106122706154169,0.208512597814796,0.079508468314703,0.187845058341171,0.0160545394542503,0.0114036470328692
Q8RXK1,1,0.0236833490850593,0.298183434789896,0.0462157138090388,0.128034171914736,0.152233565470147,0.0907421131487671,0.229784922731636,0.0178318569484866,0.0132908721022337
Q9C884,1,0.028938608456219,0.277746034873774,0.0474315226191303,0.133081381835389,0.164526739987834,0.100922184527597,0.21178259208304,0.0208422117969229,0.014728723820095
B7SY83,1,0.0182446912357785,0.328098701886366,0.064935200524359,0.0757342592465795,0.287714859810887,0.0554405361559526,0.142878007903721,0.0150959331888176,0.0118578100475385
Q9C8B9,1,0.0247684962920546,0.30710572745467,0.0537821654433584,0.110540525983024,0.194037415450357,0.0811759831235172,0.195530429263088,0.0192475407136078,0.0138117162763225
Q9SKW5,1,0.0268093961228708,0.266200111364393,0.0885333673655174,0.105003153207624,0.217847676504358,0.079651258270223,0.175625112105442,0.0227440042971737,0.0175859207623987
F4I1L3,1,0.0354955938521782,0.234968121984193,0.075614606183604,0.134228480767479,0.162560647693234,0.103253939057348,0.203165040511672,0.0289202113172113,0.0217933586330807
Q9C6Y3,1,0.0115858395472219,0.451708675510089,0.0364462405174548,0.0793927632742013,0.163081874527285,0.0538120711069082,0.188501626366648,0.00880813878679515,0.00666277036339647
Q9C8J1,1,0.0262813030098161,0.237955358817148,0.0828489021605645,0.13667905297913,0.164469109289639,0.106591116939292,0.208948973648458,0.0204670324139831,0.0157591507419691
Q9LNN2,1,0.0225705245119663,0.344507037756909,0.0387007100996538,0.111913759507182,0.157701055727792,0.0774786596079693,0.21875815208252,0.0165940473894824,0.0117760533165259
Q9MAG8,1,0.0396270431228123,0.218441847411758,0.0876673429504769,0.12925162857047,0.185382001465862,0.105979335350499,0.179718502602145,0.0314811895433062,0.0224511089826711
Q9SLK6,1,0.0273759608311723,0.252857966068693,0.0576756353356719,0.142722893075272,0.15749121072762,0.109615603107858,0.216929509748954,0.0201382620378752,0.015192959066884
F4HWY6,1,0.0404821990969129,0.213078653981669,0.101020195396207,0.12087946967642,0.195379434124821,0.0997488869610758,0.16771619723735,0.0343976989509337,0.0272972645746102
A0A1P8AWH6,1,0.0285928002298062,0.258492769668656,0.0761996437315671,0.10508550442008,0.24634193032414,0.0837408770208129,0.162620408770564,0.0224450785633831,0.0164809872709903
Q9FZ36,1,0.0152956995170772,0.327674807375109,0.0357376672592569,0.125918133984041,0.132533594295085,0.0881982900099458,0.255819071230336,0.0109043685340346,0.00791836779511447
Q06327,1,0.042807615177558,0.198373796514227,0.104256658271128,0.127882862057998,0.193727591570497,0.111727994007515,0.16355074763726,0.0337510660352406,0.023921668728576
A0A1P8AME8,1,0.0259283483137238,0.286384231732011,0.0587192740183104,0.121456950725836,0.175003659294607,0.088572802885471,0.208100421230959,0.0202877641727823,0.0155465476262993
Q9FXB9,1,0.0308208345573258,0.228999228000366,0.0996231545493342,0.120926744775804,0.20138344597709,0.0974206318442269,0.176912035555782,0.0246226212279931,0.0192913035120781
A0A384KI31,1,0.0237371995898985,0.29802220357081,0.0658263632405467,0.0851265030570798,0.2802889400491,0.0641595254966352,0.148300215415423,0.0196650685059778,0.0148739810745294
O80742,1,0.0350008013954492,0.216497121947113,0.105804437730081,0.121077458018442,0.203081056459702,0.101412116224034,0.168883742264606,0.0279933393093219,0.0202499266512512
O80760,1,0.0260058233667017,0.285949431903229,0.0437568672334386,0.133216454012266,0.159001877813638,0.0998224134898847,0.221331104442379,0.0184982727985173,0.0124177549399464
O64780,1,0.0122251461262826,0.36201366397576,0.027405034874142,0.114106819241627,0.107531310430771,0.074481113587935,0.287430133755644,0.00867556405173839,0.00613121395609956
Q39044,1,0.0250012303567625,0.308987889935119,0.0563913415303131,0.098867963233553,0.231430561848875,0.0738475359547225,0.172230141841638,0.0192722114583902,0.0139711238406278
Q9SH27,1,0.019354687801992,0.279881088907832,0.0831080448212079,0.106576844884021,0.218241997621579,0.0814997566174776,0.184476290869413,0.015330865377615,0.0115304230988625
F4I232,1,0.0194321480912679,0.340476948855578,0.0525376332610881,0.0996168758593209,0.200361130042969,0.0714947108462773,0.189203639644427,0.0151062952691612,0.0117706181299103
A0A1P8ASY7,1,0.033817950595204,0.240929695437076,0.0859867446391314,0.11458401636124,0.214895646112979,0.0919976774846018,0.16941875389596,0.0274135028762584,0.0209560125975502
Q7XJU0,1,0.0329186388735232,0.242499071157748,0.0481215194913038,0.152304558042734,0.145082876822241,0.117021414293301,0.222243803908655,0.0233425529314656,0.0164655644790284
Q9XIS1,1,0.0129384037872572,0.372927534484934,0.0473203547354018,0.0599716259946027,0.322871141724142,0.0433462535499142,0.122371297435108,0.0104379007554854,0.00781548753315508
Q680I0,1,0.0217512704373804,0.31714434168312,0.0504071033914328,0.112554117985218,0.183691329043609,0.0817757082088103,0.204350187776208,0.0162795218876987,0.0120464195865234
Q7PC84,1,0.0222219778578354,0.259831460969171,0.0552821704896501,0.141864140143704,0.154360294774455,0.109194081755596,0.229116627626318,0.0163870233037841,0.0117422230794852
Q5BPW2,1,0.0182684181939831,0.280522417747059,0.0471829756735555,0.139948287062798,0.140737846024574,0.102714497895269,0.247705726755749,0.0132812499848823,0.00963858066212902
A0A1P8AUY4,1,0.0169044643535811,0.299545591263607,0.0422378100404102,0.131439899706078,0.125411889525413,0.0893055734811037,0.273200321357249,0.0126226197465547,0.00933183052600231
Q9ZW89,1,0.0347980645516179,0.205302453080623,0.0817222438788899,0.153079817312869,0.147610747789466,0.12542879331409,0.204387836598604,0.0270445255151467,0.0206255179586942
Q84WJ2,1,0.0175963076664937,0.324148338120743,0.0697679807064252,0.0776271320155393,0.281541551473668,0.0569641671646124,0.146404010820168,0.014510818551938,0.011439693480413
Q9LQ98,1,0.0347485981876802,0.238455186661062,0.0769944605226955,0.128156351485742,0.185641834680761,0.101706718469327,0.187871830216926,0.0266202585102026,0.0198047612656036
Q9C793,1,0.0231756965595843,0.268771257624187,0.0405060581228701,0.148815913406356,0.135699319793791,0.110398300681768,0.245689244365518,0.0160318618662479,0.0109123475796784
Q9CAB7,1,0.0274915653099613,0.29674102393206,0.0408263451814434,0.130826917291585,0.151984310790176,0.0948662467863527,0.223531666941615,0.019770722577653,0.0139612011891535
Q949X9,1,0.0362478336968301,0.232149319020531,0.0779174955925749,0.130533543663792,0.181736615420566,0.10501144665397,0.188795973299763,0.0278114930775257,0.0197962795744476
Q9C9I6,1,0.0311581989487258,0.234072283713165,0.0987530604396581,0.117265926202774,0.203151939340425,0.0942225230474427,0.175488780354326,0.0259257326951198,0.0199615552583628
Q9M9H0,1,0.0246989117892097,0.227985341556268,0.122829511455901,0.112265886514373,0.21817166769041,0.0910329664395245,0.166941815070529,0.0199337728010836,0.0161401266827
Q39232,1,0.0192952411786902,0.290678826499331,0.0722564509422363,0.103036231660192,0.23288305559571,0.0795698468211573,0.176643376733086,0.014747165905172,0.0108898046644244
F4IBQ9,1,0.00760967445157589,0.555814322785532,0.0228673963212314,0.0640556662000432,0.114023229815871,0.0416224919226867,0.184180243156213,0.00564237171294622,0.00418460363390155
A0MFS9,1,0.0193436030934484,0.297221341709836,0.0484444273403241,0.127862206233092,0.162973070940091,0.09558631603674,0.223897690696574,0.0142652477799591,0.0104060961699352
Q8L981,1,0.0288070663195494,0.289997612660029,0.0557928556748678,0.113752202595272,0.198928481178543,0.0855913680834841,0.188179371625995,0.0224032177397623,0.0165478241224964
Q9C6B9,1,0.0167806756021765,0.352261832343274,0.0563647603604131,0.0879661557658327,0.226467203921212,0.0634879991118144,0.173628453334996,0.0132433459471104,0.0097995736131708
Q56ZA1,1,0.0194379244570058,0.288680388439221,0.0434046873396919,0.137235354415747,0.138223814524533,0.0987893586276685,0.250099713267154,0.0141312251999895,0.00999753372898923
Q1G3X2,1,0.025409205947111,0.282025441150235,0.0472577588131294,0.134820437377524,0.147823467642711,0.0968066292866277,0.232854946736438,0.0191051384352773,0.0138969746109462
Q94AP3,1,0.0143039554954635,0.411356452468937,0.0400192429714835,0.071869416927911,0.242926073257154,0.0514369805727816,0.149223156678825,0.0109704755359009,0.00789424609154406
Q9LQZ8,1,0.0259186513176875,0.296487423187747,0.0663436111058891,0.0971899855168624,0.236288131259967,0.0725817076478288,0.168571050276632,0.0211291287624468,0.0154903109249389
A4FVS5,1,0.0265378498048159,0.252517230567366,0.0399566158920737,0.158287195383507,0.125037767346503,0.115643597539903,0.251465693043718,0.0180887592502254,0.0124652911718869
A0JQ12,1,0.0409569341798729,0.233675532109722,0.0462892974012054,0.154933721224922,0.139723706676195,0.120843061417326,0.215990222061105,0.0283455359298264,0.0192419889998254
Q9SFW6,1,0.0137593254996893,0.420676411440601,0.0419318584738513,0.0800861784615115,0.192741764135153,0.0553284790798509,0.176706018936417,0.0106795624345286,0.00809040153839705
Q8LF80,1,0.00775557406797691,0.559684450102173,0.0175538777308831,0.0666795420161808,0.0917554929571375,0.0421699267132912,0.204800263970117,0.00560001467950646,0.00400085776273394
Q8GYB8,1,0.0559902400783904,0.185000846223934,0.0933532302235054,0.137422732840752,0.164690272744249,0.121096946149907,0.168328941313823,0.0441342787285393,0.0299825116968995
A0A178WJH7,1,0.0150432449353101,0.34283139716968,0.0303214692936998,0.1216024658689,0.112165554092299,0.0787926864831958,0.280568240452697,0.0107447770377134,0.00793016466650411
F4I5J7,1,0.0237362370879825,0.333746850486019,0.0469661781232911,0.101380235948585,0.204386631182596,0.0739994672167838,0.184714369199249,0.0181120935156775,0.0129579372398163
Q39134,1,0.0197809762523503,0.292435403261869,0.0726383458963895,0.0895874985636271,0.274464793914513,0.0691047082102255,0.155141898458834,0.0155500676787168,0.0112963077634746
F4I735,1,0.0109070530663385,0.421418550683756,0.0234730590316359,0.0981615048847939,0.102642124277547,0.0626436815803204,0.267423637249022,0.00773470247136583,0.00559568675522066
A0A178W863,1,0.0433265910544379,0.218808855439279,0.0514157154092211,0.157643927983874,0.142627872597656,0.127659937812613,0.20952192919546,0.0298800059880123,0.0191151645194466
Q9M9F9,1,0.0220473215681244,0.265053251946148,0.0873994347922819,0.105536507156507,0.236486862258916,0.0834755983345097,0.169713702390125,0.0171558347115122,0.0131314868418753
Q9SYM4,1,0.0163547142608952,0.375503260182145,0.0355951525679181,0.104942716094416,0.155698313245292,0.0729148961748809,0.218286324618351,0.0119717421471226,0.00873288070897933
F4IBV1,1,0.0324796907175368,0.253185843395949,0.0557259472695093,0.137928855344024,0.165792828880864,0.1062929897142,0.208355269804804,0.0235541087074965,0.0166844661656154
Q1KS85,1,0.0169309936716016,0.311837722526001,0.053853963091453,0.11900104015265,0.157055921858125,0.0842151167334706,0.234370586226046,0.0129347952347067,0.00979986050594704
Q9SAK2,1,0.0140929563256023,0.37509635280719,0.0253989147637178,0.113426928486085,0.110052495512048,0.0741365643272827,0.270871135307891,0.0099367453593356,0.0069879071108485
AT1G09867,1,0.0325882242129843,0.213896337792753,0.136029984449644,0.108884511740418,0.211370676249434,0.0883198302923537,0.156998528272387,0.0280257084063255,0.0238861985837011
A0A1P8AR63,1,0.0286187744949447,0.286096320755975,0.069627278992951,0.092814092091752,0.255084288867715,0.0702521673546005,0.155681781127431,0.0235769178766171,0.0182483784380151
Q9LFB9,1,0.0198962819899563,0.301204228552353,0.0696393930117613,0.086250286185367,0.277050468403963,0.0651842167284764,0.153644424770462,0.0157009398107615,0.0114297605468994
Q9M035,1,0.0145581730743195,0.314986902304581,0.0281196192429496,0.13455961928033,0.105789846282606,0.0894758536627959,0.295129842031115,0.0101350544134051,0.00724508970789844
Q9M026,1,0.03217416312817,0.248370630409649,0.0684027404583177,0.131796336813012,0.176539050202985,0.103460433002761,0.195134812248546,0.024770213466873,0.0193516202696861
Q7Y1C4,1,0.0208050609666103,0.281542118424192,0.074453995321996,0.107837460993097,0.22297530698306,0.0831669111313909,0.180684341941235,0.0161165995574549,0.012418204680963
Q9LZV9,1,0.0175984244159125,0.274752912389191,0.0399280925095433,0.146214743265562,0.124205466561143,0.103119277484404,0.272780544027467,0.0125502923802222,0.0088502469665561
F4KCF2,1,0.0230400329840616,0.327952895886978,0.0384897874946668,0.119939175670738,0.150521928840924,0.083421823307068,0.227664568227158,0.0168254345880751,0.0121443530003305
Q8GXF8,1,0.0273242125817692,0.295960966502738,0.0453340137385952,0.127486307919832,0.155782864172998,0.0920493010648059,0.221369073185919,0.020335270872673,0.0143579899606695
A0A1P8BH03,1,0.0181006714634258,0.341458875761213,0.0548977216754877,0.0725805458608604,0.29505166047937,0.0528870407780135,0.139015038219873,0.0148101533503658,0.0111982924113902
Q0WRE7,1,0.0348107665502262,0.225935736226099,0.051129523198132,0.158367139344502,0.144701143304172,0.128155072061894,0.214908344148117,0.0248792971335555,0.0171129780333017
Q9LZ20,1,0.0314891005472531,0.269341845725025,0.0641983547405378,0.111666157292343,0.218193328714072,0.0872351407367757,0.175485512396146,0.0247866802241245,0.0176038796237229
A0A1P8B9U3,1,0.0176667674816206,0.290168201169494,0.0488474595717982,0.134521254295538,0.140490103445264,0.0955699045936873,0.2496581090305,0.013067620510473,0.0100105799016247
Q9FF84,1,0.0187445824204751,0.284164851154976,0.0467840024400022,0.135650420109324,0.132305661171885,0.0951549919084297,0.263536630394833,0.0138082266256941,0.00985063377438099
Q9FHK7,1,0.03258860044694,0.247591052211425,0.036365310218384,0.161354407665854,0.121904981805807,0.118564267989011,0.24565470509031,0.0216774467767228,0.0142992277955457
Q9FFG4,1,0.0159233311614571,0.311253476290311,0.0337789314690286,0.13304121022515,0.115376735873751,0.0884855077003389,0.282101990880563,0.0114780904553693,0.00856072594403207
Q9FNG8,1,0.0443585311413429,0.195593902204768,0.115484910976953,0.128479912509992,0.169478113844825,0.106819083632646,0.172015624538244,0.0383112734730341,0.0294586476781949
Q9FG08,1,0.0183332556509602,0.308106235257446,0.0514494946854774,0.121915008141366,0.155442797049838,0.0861847357388738,0.23470109324103,0.0136550251311797,0.0102123551038291
Q9FLR5,1,0.0193414456284545,0.300839642409779,0.0711783317113113,0.0812182655311714,0.292916097901122,0.0611015511819213,0.145564753105863,0.0157496155311441,0.0120902969992328
Q9FF12,1,0.0338180458335369,0.256658846888691,0.0663079076679589,0.121205323140659,0.197940670040753,0.0947643526261314,0.185430567225469,0.025948075847361,0.0179262107294401
Q84MC6,1,0.0215823658421151,0.271330848451426,0.0957272697266189,0.0982641096389317,0.241062422762358,0.0748708500527192,0.165279083329084,0.0175248386273041,0.0143582115694428
Q8VZD1,1,0.0181685739251447,0.289912451371347,0.0904559418765819,0.0835449353787018,0.278391238329516,0.0627861004852623,0.150416052539944,0.0148528090710694,0.0114718970224329
Q9C598,1,0.0362084442128596,0.235232227572598,0.082937170693741,0.124178076318567,0.189915116464809,0.0989200422845627,0.183669531539523,0.0284501746737063,0.0204892162396336
O65154,1,0.0271831661984632,0.289816944179529,0.0408501230684301,0.135633299013946,0.144437207556245,0.0975561509978652,0.231185517274574,0.0194001381509306,0.013937453560018
Q9FY88,1,0.0193126383281186,0.305469823321557,0.047537496203783,0.1260041899598,0.146016420117615,0.0885808044161339,0.241853320997293,0.0145492942112228,0.0106760124444761
Q9LX12,1,0.0138842895958351,0.355548428539237,0.0538244809772553,0.0610501569457815,0.329047984032773,0.0442111886646352,0.122264681548927,0.0114002827463945,0.00876850694916229
P592261,1,0.0156045248786408,0.325640525592001,0.048996936417761,0.11569841555914,0.161904246455383,0.0831129975982127,0.229064791166816,0.0115142089491064,0.00846335338293886
Q9LFP1,1,0.0191692978154628,0.286012229589731,0.0669546715309774,0.11919255452191,0.187881651557236,0.0909042734927869,0.204267514071493,0.0146232537466116,0.0109945536737911
Q94FL9,1,0.0177337660109033,0.29339783509356,0.0807490387447154,0.0978935831882001,0.23894394341523,0.0745937166829043,0.17172743723912,0.0139670207298921,0.0109936588954754
Q84W43,1,0.047565274392055,0.197036159060345,0.0852874829292284,0.141073063200385,0.166924580070817,0.12263722658473,0.175051296925355,0.0368090900973885,0.027615826739695
Q9SEI0,1,0.02358551312814,0.31729655008706,0.0500211695061117,0.114434322293325,0.170413161534921,0.0810460699521718,0.21143481497066,0.0180948104591882,0.0136735880684221
Q9LFV0,1,0.0247252809168889,0.293550079866907,0.0712360087771247,0.0960198575306665,0.241911383919129,0.0722650530013692,0.164510425914276,0.0200508949128256,0.015731015160814
A0A1P8B9E1,1,0.0412056083122034,0.204446990171182,0.111481139695722,0.125340887752086,0.182401742353909,0.10338834536544,0.171018568164848,0.0341733368589343,0.0265433813256763
AT5G15845,1,0.0162587648804622,0.325515120508082,0.0635744115083356,0.0999756989022488,0.208685520272362,0.0733681950651243,0.190294881001468,0.0126459927296448,0.00968141513227272
P18612,1,0.0163146596960207,0.333711680404958,0.0546063322308905,0.104020470391829,0.190649391674608,0.0755001887629194,0.203911272859954,0.0123010627982977,0.00898494118052294
Q9LF03,1,0.010711491139149,0.391594922645309,0.0208126270906937,0.103756605278205,0.0864415143768499,0.0633538410636466,0.310360926249959,0.00754311924260571,0.00542495291358165
Q0WNW4,1,0.0370241393804786,0.251955266345827,0.0407403442279759,0.150903568355743,0.135858222909731,0.112044711965549,0.22900655860658,0.0255616215729353,0.0169055666351813
Q8L6X8,1,0.0095530591937372,0.39969298170659,0.0437711958719495,0.0500945024745995,0.339345319507999,0.0357682810371171,0.108178429055981,0.00767152178471731,0.00592470936730936
F4KGY6,1,0.0299118869377573,0.212171709589692,0.131364645809001,0.114714773074987,0.211230764744129,0.0958691878371511,0.160212394239681,0.0244190877127638,0.0201055500548379
Q8L616,1,0.0370250999110598,0.208866048896309,0.105575522535127,0.130323817213094,0.182401450516371,0.109072994168956,0.173972253996965,0.0292886742692469,0.0234741384928713
Q9FN75,1,0.0178526234552885,0.295302765638146,0.0623032798759374,0.116898317394952,0.188307093547791,0.0878748432367712,0.208135458320715,0.0134102176403428,0.00991540089005668
Q9FJG3,1,0.0114312531876794,0.361918128183635,0.0534138836829392,0.0603923260905773,0.329631674917839,0.0442243625233356,0.123171787590871,0.00903537147561091,0.00678121234751297
F4JY37,1,0.0128937188006784,0.369865731233923,0.0404257437664253,0.10516562197321,0.144747766117242,0.0719054343806944,0.238182511147027,0.0096180055917387,0.00719546698906128
A0A178UT60,1,0.0343733352089452,0.227723543243696,0.0545694508028081,0.155683168289694,0.140008010349243,0.121400674793551,0.225135331216641,0.0246159078429441,0.0164905782524788
Q9FUJ1,1,0.0388910162859792,0.219546682319771,0.103067963102685,0.119570617187415,0.195801301925724,0.0967823425060901,0.169806516391326,0.0319446902845276,0.0245888699964823
Q0V865,1,0.0315675850936998,0.267497639801497,0.0509054307125182,0.132846568247326,0.16885866791745,0.101292235295796,0.208123417502998,0.0231613720554072,0.0157470833733076
Q9C574,1,0.0244777795826857,0.2744431465633,0.0784038205333241,0.103118944183066,0.235855501096724,0.079309467328719,0.171094144742137,0.0191412936035851,0.0141559023664586
Q9FNI7,1,0.0185329768444177,0.372259383622611,0.0419904498901911,0.0899362580090328,0.212506579612875,0.0648350298416842,0.175903113075848,0.0140496757464067,0.00998653335693411
P32746,1,0.0118335257769333,0.326699759900572,0.0290166271492389,0.123962117121923,0.102297006030453,0.0798497148004766,0.311628186547687,0.00849010500106434,0.00622295767165157
Q9FHL8,1,0.0166698516508505,0.370526878270796,0.0377100777134407,0.103775072515491,0.163120853061762,0.0731797744996941,0.214303229185271,0.0122359812715967,0.00847828183109752
B9DI34,1,0.0179445124381731,0.277171576639747,0.0426279733849611,0.141531824223238,0.122957481775047,0.0992826504259873,0.27587836207322,0.0132244718465068,0.00938114719311996
Q9FLU5,1,0.0222616026776128,0.300773336080286,0.0679939730534475,0.105632197071455,0.203701740808023,0.0777653187585721,0.190034147464191,0.0180568120254051,0.0137808720610073
Q5XV34,1,0.0364516528646748,0.224539300343872,0.0744749173065524,0.141325978382045,0.15616732303167,0.111064967851996,0.204480543349493,0.0293092009856616,0.022186115884035
F4JZS4,1,0.0274951644493778,0.257396959896514,0.0773698281303648,0.119635385281581,0.196004327675281,0.0925674943980407,0.192603726199895,0.0215050551332516,0.0154220588356941
Q66GM8,1,0.0275595543341139,0.28884584222849,0.0593069981736703,0.113480619459176,0.196336270929147,0.0839468110882542,0.193637969140408,0.0214684350243157,0.0154174996224243
F4K4C5,1,0.00950081883092365,0.50999316216087,0.0329898644789619,0.0531085603923369,0.220278824911623,0.036559319039359,0.124493683903592,0.00743685405252851,0.0056389122298052
Q2V338,1,0.0182076408967573,0.298163562737817,0.0710110297678866,0.101374083093289,0.232243434483546,0.0776424965416279,0.176729872870001,0.0139790835868987,0.0106487960221762
Q93WU6,1,0.0198359419995384,0.30489794112103,0.0697653788305117,0.09875885131931,0.229494136356263,0.0742105639782226,0.175104381097724,0.0158021151284584,0.0121306901689418
Q9FIW4,1,0.0230381124711241,0.2438555210272,0.075270858246678,0.138386796654455,0.169282590043881,0.110538795891414,0.209241437695689,0.0173160417783124,0.0130698461912463
Q9FGV2,1,0.00980888239687564,0.508096533749617,0.032746356649371,0.0592817043634255,0.195436869294621,0.0407747132782068,0.140615875800275,0.00758332001115666,0.00565574445645184
Q6NL09,1,0.0224237165045078,0.280529113941494,0.0838739306306784,0.106468882153189,0.207664523363332,0.079602251557312,0.186844383885601,0.018386996911616,0.0142062010522698
Q9FKN3,1,0.0164847934414371,0.288773741165654,0.0907845701286734,0.0874059651291346,0.271170592576214,0.0667784842055682,0.15518453519524,0.013111250842287,0.0103060673157918
Q9FF18,1,0.0209662138903037,0.270475521061494,0.0487698274973303,0.141666922259889,0.145058692350161,0.105502144808366,0.241877329174518,0.0151194416702572,0.0105639072876812
Q9FLZ9,1,0.0170252870059394,0.290195870444594,0.0471183466289709,0.133469085417128,0.143223749444669,0.0966732352364469,0.251044843823506,0.0123934396578566,0.00885614234088995
Q9FND7,1,0.024874589427994,0.273645292659966,0.0564445666080047,0.131262092699178,0.165115173725391,0.0984649235439482,0.216936070638225,0.0190686489614609,0.0141886417358317
Q9FND6,1,0.0422541608012644,0.208636724966532,0.108112038809913,0.120382780960648,0.195382393670988,0.0998826237028305,0.165023578512303,0.0344939296598043,0.0258317689157175
F4KHD8,1,0.00963206594259836,0.461379243076884,0.0230677717366468,0.0859029837626344,0.105258134012488,0.0545913561726074,0.248101659873142,0.00700149811550696,0.00506528730749231
Q9FLN3,1,0.018887419021998,0.351823087050851,0.0499485661479903,0.0793417753059469,0.265700507801702,0.0581581160793641,0.150663840176636,0.0147573026286584,0.0107193857868527
Q8GY79,1,0.0243724333486195,0.254995131020504,0.0881180238599421,0.122143537609428,0.186345644312101,0.0940448980915244,0.1957467183354,0.0192421891766309,0.0149914242458511
Q9FN55,1,0.0189878807975432,0.283223736871743,0.0902513517433625,0.101400079952358,0.223252218993201,0.0770014958212174,0.178975295860343,0.015207943417089,0.0116999965431425
F4JZZ1,1,0.0116921179075369,0.440434255523678,0.0266875735684052,0.0915732588340739,0.119369261868947,0.0593272027979589,0.236072124325223,0.00854330283654504,0.0063009023376324
Q6GKX1,1,0.0125003946490682,0.397053801149951,0.0364631873392811,0.098210588896216,0.145197907337919,0.0668493440381895,0.227821211855188,0.00916279303150496,0.00674077170268175
Q8VY12,1,0.0379875245260833,0.23797558822323,0.0433262317836715,0.157116146913753,0.135612104530656,0.120491190118724,0.224256895132148,0.0258305033289812,0.0174038154427528
AT5G06475,1,0.0211527144228219,0.273495019388056,0.0860028688750697,0.101333068238075,0.241056550493375,0.0779463000896051,0.169311762308602,0.01666731940855,0.0130343967758451
Q9M7I7,1,0.029290096316172,0.232847842402675,0.0826187129381383,0.136977492882519,0.167603603741144,0.106989274444782,0.202525009178126,0.0229439014208618,0.0182040666755818
Q9FNC7,1,0.0232587161608643,0.300426019131036,0.054561481928584,0.117454633684349,0.177461642824049,0.0848850030094174,0.21085971431981,0.017965041521221,0.0131277474206703
Q9FNC2,1,0.0109001763268774,0.359883353101316,0.0543036392133164,0.0543740840640641,0.353111070666154,0.0393034783581514,0.112581184783582,0.00875767819343588,0.00678533529310359
Q0WTY4,1,0.0166185143177602,0.3077290433412,0.0339412186137018,0.134217573205218,0.112735573522415,0.0883686885852969,0.285515514212981,0.0119898079598603,0.00888406624156605
A0A178USQ4,1,0.0175479059366745,0.32502465406692,0.0379580501250233,0.123565262961401,0.148538875948443,0.0889713765381152,0.237178476104974,0.0125143225519877,0.00870107576646128
Q9FK69,1,0.0334565416960269,0.252918383881163,0.0690559895912933,0.123481922527859,0.192656265407881,0.0974724436217924,0.184808179859859,0.0263016115919016,0.0198486618222233
Q9FHF9,1,0.0250630212760445,0.263222669688282,0.0845641347812709,0.108585877162783,0.224153997910338,0.0853016944569187,0.173339954635106,0.0200854225504204,0.0156832275388358
F4JYJ3,1,0.0189856486702703,0.322398963431931,0.0570891929314527,0.0912585885994577,0.252110692977447,0.0690667001161079,0.163772917573543,0.0146182590028296,0.0106990366969605
Q9LUA9,1,0.0194536558500236,0.282262231978256,0.0743070210598937,0.114338543559536,0.196932455806228,0.0865613358708558,0.19963007588531,0.0151940432966629,0.0113206366932342
AT5G07095,1,0.0417590025946294,0.199765614363051,0.11667662455917,0.121206180877845,0.195546796009456,0.103256443937271,0.158946542796794,0.0347833607600187,0.0280594341017645
O50064,1,0.0116706394186545,0.442298469646443,0.0345013046177344,0.0846445433041743,0.151076693064964,0.0572426303304129,0.203297590681513,0.00876770029279361,0.00650042864330984
A0A1P8BC76,1,0.0213449901554557,0.292057097408538,0.0732018553555448,0.106803373384446,0.209616848781185,0.0795866074698481,0.186903973790217,0.0171263906361432,0.0133588630186232
A0A1P8BDX4,1,0.0193444882785265,0.319378223597462,0.056290692989094,0.108530609974391,0.184525951755899,0.0783768166685094,0.208184439596384,0.0147181682171952,0.0106506089225385
P34881,1,0.0120626923866431,0.365547744402225,0.0263728236153819,0.113507416344202,0.104524312118158,0.0731417280932577,0.289891418665866,0.00866489606143367,0.0062869683128323
A0A1P8BDF2,1,0.0440062304068425,0.188581062841207,0.128338020081626,0.122993963330994,0.186172205847541,0.107174106232588,0.158193757932305,0.037062750342495,0.0274779029844011
Q9FGX6,1,0.0291327459173733,0.27162169739598,0.0742061295231256,0.105109072987879,0.226602690597603,0.0799887709307543,0.172245156172167,0.0235672224454288,0.0175265140296887
A0A1R7T3B9,1,0.00988919618084915,0.422379338957061,0.0408884785029505,0.0503489023245066,0.316721313990895,0.0356091680438203,0.110121862587446,0.00793191752749,0.0061098218849818
Q9FGL5,1,0.0247507695522028,0.315254922803871,0.0557311394491655,0.0899674723526477,0.254525607952579,0.0671015757143487,0.158858919873016,0.0196140561680504,0.0141955361341182
Q9FI59,1,0.0155966983602829,0.334471349583595,0.032767197065045,0.12519563254203,0.12288466292121,0.0857300238208804,0.264503669425998,0.0110396988942101,0.00781106738674814
Q9FHN7,1,0.0362692140738405,0.21379614272606,0.0617356063662311,0.159233848775293,0.144320146209978,0.129012781826727,0.209964830422569,0.0263657620408878,0.0193016675584132
Q9LTJ6,1,0.0559737205426247,0.18829803160099,0.078133697421688,0.146366986940592,0.148720101676306,0.126121107040499,0.181221732287438,0.044618251415827,0.0305463710740347
Q06738,1,0.0530989041281489,0.179379555531771,0.103475602159668,0.139663244205919,0.156563420704108,0.12371869863943,0.169311689066099,0.0435412128645571,0.0312476727002988
Q9FLX6,1,0.0274022072910831,0.269520219270398,0.0679171119234969,0.12276600864675,0.181470965218529,0.0922672032731151,0.202260163287658,0.0209319865070061,0.0154641345819635
Q9FK12,1,0.0179490478693412,0.326927836235149,0.0524715967766191,0.112568589184717,0.161636935107446,0.0793396779266358,0.224892804174788,0.0138238293957167,0.0103896833295869
Q9FN34,1,0.0315206886797648,0.237004216829853,0.0846059777439389,0.125035101474438,0.191449777343117,0.100576580994743,0.185260710857931,0.0254271653411487,0.0191197807350657
Q6NLH4,1,0.0273864843684968,0.256689315797718,0.0775377131235151,0.113675803312038,0.220037690774877,0.0892474081884225,0.176951669744548,0.0218731613927696,0.0166007532976149
Q8L7T9,1,0.0239189849731524,0.257370976496117,0.0827137697073405,0.119978905733461,0.196072977177274,0.0939282657676139,0.19357539162235,0.0188251316074197,0.0136155969152717
A0MFP5,1,0.0311120760134009,0.221055311884564,0.089183783038186,0.139473662452058,0.169092778274956,0.113394341065845,0.192890900292109,0.0241773701693256,0.0196197768095551
Q9FM57,1,0.0145725007293665,0.352123229713519,0.0515027296453679,0.102021735016955,0.176829520869699,0.0720557158388407,0.211250279658664,0.0111460928809764,0.00849819564661133
Q9LVC1,1,0.0115628180561162,0.480383117575532,0.0236782454832365,0.0822821530509374,0.119407665531263,0.053434436742555,0.214857989288947,0.00842786264403872,0.00596571162737318
