ID,Cluster,#1,#2,#3,#4,#5,#6,#7,#8,#9
Q9MAM3,1,0.0381603786182135,0.0382089421202737,0.0338383716549816,0.0371160597847648,0.471045944193847,0.146061369965636,0.0369999341854528,0.174499001635422,0.0240699978414091
Q9MAL7,1,0.0445260272712601,0.0424538707633074,0.0330192463678224,0.0385018714328018,0.378407958276937,0.0858556918993859,0.0443561576640302,0.310219864126059,0.0226593121983963
Q84JH9,1,0.0694448142838312,0.0681542870444955,0.0535264267060505,0.0629310414353104,0.259159881743178,0.158251293128037,0.0668854107007761,0.225677451736798,0.0359693932215245
Q06402,1,0.0419391433916117,0.0393505180734768,0.0316068903001187,0.0358526962493244,0.389757366128769,0.160280090242264,0.0427445589242139,0.234963976286523,0.0235047604036981
Q8GUH2,1,0.0406123175897499,0.0411433361428774,0.0374878780060542,0.0403254927432911,0.43223065404118,0.1979534473657,0.0391781753637526,0.142127762030196,0.0289409367171983
Q9LMM0,1,0.024140260792853,0.024047068602694,0.0220745732032387,0.02351124416348,0.547591359333064,0.213540273338805,0.0236931727790822,0.104221888471915,0.0171801593148684
Q9LPC1,1,0.0303928119864504,0.0285288339277254,0.0221026134481928,0.0256789428694415,0.478525153663819,0.0796550715575046,0.0306923970032714,0.289053893059999,0.0153702824835961
Q9FZ21,1,0.0250740400554328,0.0247313269792357,0.0221847365942756,0.0238313738473262,0.569831931143022,0.182571312563694,0.0247636239632668,0.109609920332211,0.0174017345215351
Q1PFZ3,1,0.0433162988780336,0.0439557919498867,0.043419360030656,0.0441999222756683,0.332205059724407,0.295147613149767,0.0423588138249222,0.117956913111145,0.0374402270555144
Q9SRY3,1,0.034197404897465,0.0320375056100997,0.0248836750224398,0.0288649630222189,0.416130594701113,0.0786144962321451,0.0346797214520664,0.333247648510098,0.0173439905523539
Q9ZVS4,1,0.0370597657603829,0.036410970792505,0.0309023430330424,0.0344049384589844,0.514258003988243,0.114069130493215,0.0364502465541894,0.173846359719048,0.0225982412003894
Q43383,1,0.0439805635422992,0.0416470618128293,0.0337040216310654,0.0381603212261645,0.348265587672522,0.225972103464235,0.0442500809790035,0.19860710771439,0.0254131519574917
F4I2G0,1,0.0268329519849299,0.0267152452972831,0.0248248861620973,0.0261397653653767,0.469195417063551,0.278798737100088,0.0264155074068627,0.100758747441332,0.0203187421784799
Q5XEP9,1,0.0259854854614562,0.0264523307350347,0.0254000824667518,0.0265050041173342,0.389759342764652,0.370046083007268,0.0251181628054346,0.0906145577870799,0.0201189508549884
Q8RY24,1,0.059603600435871,0.057943595049947,0.0498476056732219,0.0550425460418,0.276062825334363,0.198943296107682,0.0591514190074707,0.207052503227235,0.0363526091224085
O23035,1,0.0261326315369577,0.0266519548981605,0.02578203672849,0.0267315511768381,0.41550130475854,0.347699880116365,0.0252778554477675,0.0852543757114938,0.0209684096253872
Q9LNE6,1,0.0365378603364413,0.0349893911730031,0.0288041857880708,0.0323656894765974,0.4792578998114,0.131350326068898,0.03660764872393,0.198904877493589,0.0211821211280703
AT1G04513,1,0.0679877825287117,0.0677718867732825,0.0576080126409435,0.0643607509305937,0.251537792413296,0.218144396642195,0.0654808082520009,0.164212504198577,0.0428960656204006
Q9SGD6,1,0.0400243392726467,0.0386711868549835,0.0320078061368711,0.0360800465381214,0.436836261435753,0.102674401818848,0.0398358538038176,0.251286183115248,0.0225839210237114
A0A178W456,1,0.020677880392138,0.0204758658914672,0.0181140057377954,0.0197064544355376,0.67611733881522,0.110351805643175,0.0202926869142252,0.100656639025611,0.0136073231448299
Q9FRR8,1,0.0234354421618222,0.023105149845974,0.0208404977647226,0.0223283188485331,0.556647363263571,0.210563316177398,0.023148846616675,0.103584633637006,0.0163464316842986
Q9XFR5,1,0.0386944608289367,0.036817425694543,0.030184302673764,0.033999377331185,0.391423078564343,0.197758957888012,0.0387943064147231,0.210133053489971,0.0221950371145223
O80494,1,0.0319684009301095,0.0297834946457436,0.0231417381774419,0.0267177016460703,0.475638837812948,0.102921539956379,0.0325388324069581,0.26044440394542,0.0168450504789299
Q8LC45,1,0.0380955077998218,0.037417586747222,0.0340497223099008,0.0361079242326341,0.354471197912319,0.305838347489217,0.0378889640575732,0.127700668038261,0.0284300814130504
O04089,1,0.0401239402832509,0.0394332750491161,0.0341248112280749,0.0374007173797385,0.435549120857386,0.195036627324337,0.0394600263253774,0.15232331137926,0.0265481701734595
Q9SXA5,1,0.0501666737381533,0.0501744652137695,0.043957615830222,0.0485846366091132,0.335411588327759,0.210457068978317,0.0484948339557586,0.18161269697639,0.0311404203705181
O65788,1,0.0166277157988095,0.016584271716169,0.0151919418650206,0.0161989039454074,0.646093053198675,0.189145256868336,0.0162880262488385,0.0719906963201499,0.0118801340385947
Q96514,1,0.0283219921438129,0.0284174234948072,0.0265819333861475,0.0279672907992816,0.491659961147967,0.244133432776441,0.0277210031089662,0.103545432930668,0.0216515302119091
Q9FX55,1,0.0334040623210069,0.0327016261075463,0.029025979324301,0.0313098703688556,0.460215835511215,0.21835745791537,0.0331371816271121,0.139063013531842,0.0227849732927508
AT1G13448,1,0.0670571055563738,0.0673791858965586,0.0594813541750108,0.0655075863157916,0.25006923692518,0.193166852922593,0.0644203279114431,0.190395496862426,0.0425228534346239
Q8VZN5,1,0.0546247154875483,0.0509610501143514,0.0395400377445277,0.0455544864618567,0.343505350057001,0.127113757129963,0.0557180087968722,0.253278139960789,0.0297044542470909
Q9XI72,1,0.0232052806099724,0.0229099968179157,0.0207129716165155,0.022178493346689,0.560390641108484,0.208634081239265,0.0229186556350955,0.102782718866832,0.0162671607592313
Q8RWX7,1,0.0286433675624278,0.0270450721637251,0.0212694749600147,0.0245194803816412,0.537936250006848,0.0944597220624898,0.0288420622536474,0.222034557852864,0.0152500127563427
Q9LMR5,1,0.024942800458407,0.0244612788972855,0.0208071982471462,0.0231801637678929,0.577791002727701,0.15567900977036,0.0244729553421499,0.133521448744329,0.0151441420447276
Q8GXQ3,1,0.0482176257690968,0.0486877853685278,0.0428893172876914,0.0471501461159436,0.364802011903219,0.210929877603069,0.0462633552454485,0.159301934452061,0.0317579462549421
Q9SA36,1,0.0320724718591208,0.0317330241273806,0.0277087379352663,0.0304096130365791,0.54728077730414,0.13037799311502,0.0314105479193887,0.148774228912461,0.0202326057906439
Q9SHI3,1,0.0472850287131002,0.0488518770894292,0.0467104458439483,0.0490404379476493,0.318504525941256,0.280535098838059,0.0450203973115101,0.126657604631349,0.0373945836837
Q9LMS3,1,0.0459285946178894,0.0446487503003335,0.0377476309172551,0.0420419748602318,0.413967537595778,0.129611144542873,0.0455743359305393,0.213607460978031,0.0268725702570685
Q9M9U5,1,0.0502297032865844,0.0489223132354877,0.0394318215834152,0.045367744090499,0.383226727643557,0.105553927003477,0.0492533941942669,0.251267454908011,0.0267469140547016
Q9LMC9,1,0.0414638381598585,0.0415810569386593,0.0391493283998613,0.0410018529357009,0.397123334833953,0.226472328550031,0.0406658911303139,0.140537815563636,0.0320045534879867
Q9LN60,1,0.0375298726823957,0.037916218363745,0.0351035499896861,0.0373228164619991,0.366198834116042,0.304346435825277,0.0363185339397403,0.117448336944345,0.0278154016767696
Q93WK6,1,0.0588014098013642,0.056409122525877,0.04576175880595,0.0519913876446862,0.281826636540902,0.214368394913422,0.0582618834323269,0.198726044867974,0.0338533614674977
Q9FXH5,1,0.0291183438841545,0.0295073457076375,0.0272915817018844,0.0291870656261481,0.538051573065128,0.183164962710711,0.0281380561442894,0.11507976758933,0.0204613035707169
Q9FXI2,1,0.0446886799115626,0.043299100949688,0.0357416691462914,0.0401603769685994,0.424551694248034,0.148887479051168,0.0442726090358331,0.191636818423807,0.0267615722650161
Q7XJ58,1,0.0521754981797841,0.0505966204717368,0.0405954264011711,0.0468253994107716,0.33187784287959,0.112547196561635,0.0513186520857239,0.28651154670117,0.0275518173084168
Q8VY80,1,0.0292156886097525,0.028236370333097,0.0242472762690556,0.0266641179058869,0.481616817449409,0.212967925303382,0.0291568047224267,0.149670679224201,0.0182243201827893
Q9SK92,1,0.0406145898843557,0.0386662319085053,0.0303430869708152,0.0351273368106538,0.417521450151892,0.0936397544050024,0.0406379398661234,0.282069408113984,0.0213802018886675
Q7DLS5,1,0.0309840390172172,0.0290537448731129,0.0221615792206242,0.0260038466737029,0.450842955514432,0.0716834599905129,0.0312530539325058,0.32280938438143,0.015207936396462
F4I4K7,1,0.0327171243589828,0.0304388129761281,0.0237840323128443,0.0273307488077206,0.464512816217205,0.106408606806078,0.0334393553437671,0.263897115067419,0.0174713881098544
O23120,1,0.0269124891685398,0.0254553962799561,0.0204783316251401,0.0232661142446675,0.554463641334421,0.0930631552721631,0.0271860740842267,0.214272912659892,0.0149018853309937
Q9ZUC4,1,0.0485219328185763,0.0464201309880083,0.0355017461487915,0.0419996393084464,0.346803559617772,0.0903414480153673,0.0478929107402481,0.318945940656691,0.0235726917060985
Q9FZ93,1,0.0446131298114142,0.0423043592330035,0.0335134448965604,0.0385817942438031,0.347964238214679,0.176949598930382,0.0445253406588834,0.247741420743998,0.0238066732672758
Q9SGN6,1,0.0371320994955921,0.0349292138079038,0.0270491646785943,0.0314047987284752,0.435031925104461,0.0991762684089008,0.0374233845076237,0.27857551802016,0.0192776272482889
Q9SA87,1,0.0637917790148353,0.0585114139421532,0.0438726508499661,0.0513587116925201,0.286187952193139,0.120461986725729,0.065738508827212,0.27746351609782,0.0326134806566256
Q949S2,1,0.0279077931563916,0.0275014172025307,0.0241436273235844,0.0263225237179689,0.59032989264975,0.129626109896851,0.0275314996774592,0.128307810026682,0.0183293263487826
Q9C858,1,0.0406755174443387,0.037328612863432,0.0280270522454303,0.0328437844649707,0.366130876416202,0.101138904033516,0.0418297079448202,0.331660639992773,0.0203649045945168
AT1G31935,1,0.0338472928948462,0.0349071250002657,0.0338397220853516,0.0353106580415829,0.381140037016461,0.3149690154693,0.0323583088558905,0.107290127394632,0.02633771324167
Q9C615,1,0.0414669831120751,0.0404386138063409,0.0343847877011118,0.0383063942527316,0.410270233012451,0.154870605771646,0.0410162273029449,0.214717897785992,0.0245282572547065
Q6NNH5,1,0.0237509846216882,0.0223550457312288,0.017245658825076,0.0201276997377273,0.547666528309375,0.071917818977291,0.0238511380011248,0.261099877728107,0.011985248068382
Q9C876,1,0.0353067514066658,0.035274941461952,0.0328102351922155,0.0347048009903295,0.459245971452711,0.204447588116342,0.0346515644368728,0.138297091313885,0.0252610556290269
A0A384KC76,1,0.0319278732297922,0.0316357613765118,0.0280507697138376,0.0304484612206641,0.543255495303591,0.148187760601538,0.0313449682681514,0.133904674703137,0.0212442355827776
Q9FEC1,1,0.061727771078584,0.0606618347859542,0.0494177443710629,0.0567508769864724,0.283430935604742,0.180194203431099,0.0598861156729814,0.213269933560305,0.0346605845087996
Q93Z38,1,0.0319073670065334,0.0324700446987769,0.0315056952435591,0.0325894029874071,0.392974052719596,0.318080767373364,0.0309469253921343,0.103617527651594,0.0259082169270358
Q9C7I1,1,0.0169608483551928,0.0169593664597515,0.0154249569744658,0.0165647717010765,0.699427902595445,0.127658098358874,0.0165582034769626,0.0787817399058785,0.0116641121723534
Q6R8G2,1,0.031656881315474,0.030896022949405,0.0264773106288422,0.0292132504565767,0.438229173887037,0.254807119606463,0.0312691824866368,0.137080493693665,0.0203705649759003
Q9C8F3,1,0.0485370035769457,0.0496807875856864,0.0483691784793958,0.0499443445623113,0.310966883741766,0.277133656525097,0.0467370161375651,0.129498622261373,0.0391325071298598
P0CH31,1,0.0513043483530129,0.0516888440931324,0.0468807304511191,0.0504328463876005,0.309842864598031,0.254609487529598,0.0495338778939958,0.149741048677807,0.0359659520157023
Q7G1L2,1,0.031919210102928,0.0304636690415199,0.0242477372595836,0.0278754760482634,0.517708009226265,0.0959974922787321,0.0319073057837095,0.22267598301761,0.0172051172413882
Q94LA9,1,0.0425199884283386,0.0424158930422048,0.0391465908862635,0.0415249974221142,0.350704833016783,0.278353386124464,0.0417780438524418,0.132313926788992,0.0312423404383982
Q8LC30,1,0.0303805489265301,0.0285712382157303,0.0220670714088425,0.025717619256924,0.475255547215118,0.0993103069168179,0.0305408757038745,0.272629949370409,0.0155268429857539
AT1G48698,1,0.0443510835096814,0.0434789448702737,0.0358248131393804,0.0407432117078002,0.382217032470943,0.184527522323869,0.0431684039955999,0.200376622686296,0.0253123652961561
Q1G3E1,1,0.033683847663244,0.032834283016525,0.0285039842767171,0.0311207135334626,0.498336176526753,0.168147383254118,0.0334761101139511,0.151903674113382,0.0219938275018469
Q9XIB6,1,0.0277624787623543,0.0271824284775334,0.0237244268887238,0.0258934951183606,0.522493287270151,0.198775250355715,0.027409175964674,0.128672758768054,0.0180866983944336
Q39102,1,0.0653808860133177,0.0646975385940589,0.054086598238153,0.0611948975054463,0.270151960042046,0.1868352986696,0.0633995863707793,0.195330964332903,0.0389222702336959
Q944R3,1,0.0314343410899945,0.0290044804054373,0.0215866014326074,0.0255489575522757,0.399005465419169,0.0908253246322369,0.0319553288399865,0.355474385946445,0.0151651146818484
Q9C8K0,1,0.052785632576947,0.0496806109054106,0.0384387076543046,0.0445561295394998,0.361665851701436,0.116648893077254,0.0532803383890178,0.254945924081323,0.0279979120748066
Q9C8H6,1,0.0437303705801777,0.0416081387151694,0.0334047855360512,0.0381715050989939,0.375809337980224,0.106207629323087,0.0439400880902039,0.293428685111732,0.0236994595643595
Q9LPH1,1,0.0264293455390485,0.0256099485110089,0.0217087918225531,0.0241295283241599,0.551335969732572,0.145160228937047,0.0262468749555966,0.163540038721174,0.01583927345684
F4HRK6,1,0.0352524873275122,0.0358232991020844,0.0347046494559575,0.0358791349077924,0.442203103195722,0.238645088925256,0.0342939609655516,0.114783101584002,0.0284151745361221
Q9C8M2,1,0.0448796422438547,0.0423046847313105,0.0325652610673388,0.0381863904133388,0.3393214435893,0.114041942769917,0.0449784099870806,0.321532419056796,0.0221898061410639
Q9SYF3,1,0.0584466664801085,0.0592149930011702,0.052655339539731,0.0576568547802081,0.310674170604174,0.203518659022398,0.055973455371037,0.164008765400376,0.037851095800798
Q9SYH0,1,0.0350541450945089,0.0331856915355854,0.0269820066884245,0.0304159624395557,0.455948969518614,0.149192714156088,0.0353961064910493,0.213632570329732,0.0201918337464426
A0A178W0W8,1,0.0314024867716868,0.0304065084168808,0.0254365499830805,0.028494318515303,0.530110021587494,0.0982929002348336,0.03121525763967,0.206440984886916,0.0182009719641357
A0A1P8AVS4,1,0.0638489960024576,0.0606814615219782,0.0474379178173318,0.0551420822684506,0.266877317820089,0.179531787212969,0.0633922616277389,0.229475617832666,0.0336125578963186
Q9C7K7,1,0.040533610378634,0.0392923073584088,0.0324292451333651,0.0367270138675782,0.426270679214292,0.102325648320821,0.0401306888432216,0.259964271575031,0.0223265353086481
A0A1P8AQI7,1,0.0412661360904662,0.0405061075372154,0.0349141131410289,0.0383739970345952,0.446636668151026,0.170600205205793,0.0407820546125927,0.15961541663208,0.0273053015952026
AT1G08173,1,0.0551005497241179,0.0540276987123037,0.0447313962261668,0.050595156596347,0.343255115720492,0.163096716612355,0.0538725884433722,0.203758823560947,0.0315619544038995
Q9C508,1,0.0216709944251743,0.0212260897590321,0.0182954646425966,0.0201442194249037,0.624856115879528,0.150054221208431,0.0213961205117315,0.108487721634789,0.0138690525138138
AT1G08217,1,0.0648140077637613,0.0637590837037946,0.0540730426793595,0.0601626589979498,0.244982637761938,0.240794167229959,0.0632757257648868,0.166706770425402,0.0414319056729502
Q9XIF8,1,0.0314096903154635,0.0312582714808019,0.0280856140541793,0.0302749154743538,0.385603532518626,0.321174525251229,0.0306586071747875,0.119396204951078,0.0221386387794812
Q8LE59,1,0.0330157082879163,0.0324912534184811,0.0286550749032769,0.0310943689523306,0.502989665574344,0.179470714258959,0.0325413424211267,0.137568084092069,0.0221737880914958
O22721,1,0.0426827658111919,0.042466335916198,0.0381210271184569,0.0410708691443473,0.384378270697539,0.229788437332032,0.0416845742028674,0.150313140352803,0.0294945794245646
Q9SY91,1,0.0241731506250021,0.0241347546679277,0.0222033592403458,0.0236165961263869,0.532479004203297,0.234048644830346,0.023678697644537,0.0981434691456514,0.017522323516506
Q1G3Y0,1,0.0233611058961786,0.0223374066636219,0.0179302970460254,0.0205169875756993,0.599068720883143,0.092662155341719,0.0232921695401929,0.188007602379832,0.0128235546735877
O80690,1,0.037657604863184,0.03854656141888,0.0359676882737604,0.0383939569683369,0.403457694281653,0.256737439800064,0.0360106220901359,0.126173587659588,0.0270548446443974
O80698,1,0.0403786794686199,0.0388354717635525,0.0319948090734363,0.0359627566258143,0.460833765860891,0.118937050075286,0.0403350325290363,0.209185194541349,0.0235372400620146
A8MRV9,1,0.0465880656484862,0.0433990111844504,0.0334027865809915,0.0387692768459033,0.36595201161964,0.141886261220567,0.047416979855973,0.257864441816141,0.0247211652278479
O48801,1,0.0366491495205883,0.0370142899749395,0.0350634044651461,0.036665697819197,0.445590950706289,0.225882187822623,0.035742905208618,0.119030850284762,0.0283605641978372
P0CAN7,1,0.0371417639652207,0.0345511185207859,0.0265488267957847,0.0309614421942419,0.36988028466952,0.100740349422723,0.0376552626668675,0.34428326773496,0.0182376840298969
Q8H191,1,0.0455269896872373,0.0423564103434867,0.0325755868878789,0.0377834556708796,0.370593747654766,0.0943596745678011,0.0464879278069044,0.306888148886503,0.0234280584945429
Q9C710,1,0.0480308219574578,0.0463861763196147,0.037545231388832,0.0430875699480638,0.351668917065112,0.126541309702276,0.0473331938314161,0.274021465618066,0.0253853141691609
AT1G67328,1,0.0453103469769375,0.0435327943589791,0.0336703267105212,0.0395859128361242,0.377003386429459,0.112338246911809,0.0445516614399616,0.281372893102958,0.0226344312332511
Q84WF7,1,0.0514178374914436,0.0486121674504707,0.0373992347957664,0.0436593457069331,0.335389703239721,0.127564116075301,0.0513224907227427,0.278179788941838,0.0264553155757827
Q9SX29,1,0.0686142569639086,0.070880500257021,0.0639013317611028,0.0701822702340383,0.231021808196966,0.229879541414557,0.0644910552655607,0.154873321241431,0.0461559146654146
Q9S713,1,0.0663014079466995,0.0680852472113031,0.0606899883139441,0.0668784891060205,0.240573726950534,0.235735773871921,0.0626221841386635,0.154508880496335,0.0446043019645792
Q9LQB4,1,0.0571893435845544,0.0551673569813532,0.0455957131554642,0.0513219848610489,0.296726582964298,0.183519509904014,0.0567195317492657,0.220547001008247,0.0332129757917541
Q94A41,1,0.0465417658052553,0.0441113696149559,0.0362607159058786,0.0407339632769164,0.328475728543651,0.212558200654614,0.0468776695404136,0.217579493052069,0.0268610936062449
F4I5D4,1,0.0411036193725961,0.039530201347029,0.0324414571200181,0.0366259857788884,0.356872014302573,0.242996560433899,0.0407659925493112,0.185391492928666,0.0242726761670192
Q8GUJ2,1,0.0379373965711869,0.0362566114593841,0.0296050011964903,0.0333931115598335,0.479500072679453,0.109535203835864,0.038130171562925,0.213845676417418,0.0217967547174458
Q9SSJ7,1,0.0354085774235651,0.0334531267453956,0.0265123329981355,0.0303731486490928,0.475234972298228,0.105867849536813,0.0356807905900202,0.238339691127138,0.0191295106316119
Q9M9H2,1,0.0311771383851692,0.0302681098618215,0.0253977909365299,0.0283536825504772,0.55891238311848,0.109606186086859,0.0309279076366272,0.166750003972039,0.0186067974519971
Q9C8X0,1,0.0609980481400653,0.0589653044446036,0.0471727652427215,0.0542393202147073,0.30495935981561,0.147144349522603,0.0600202474587865,0.232440340864598,0.0340602642963053
Q84W40,1,0.0369301957677538,0.0345267926562961,0.0268721023922566,0.0310288901148128,0.427529543859718,0.0943754141755529,0.0376071749259212,0.291727328547279,0.0194025575604098
A0A178W4J6,1,0.0308492553356488,0.0304415187489526,0.0258977680961734,0.0289654590368905,0.5267594071604,0.136076536448257,0.03007822976227,0.172663954002034,0.0182678714093736
Q8H0T5,1,0.0466176080637962,0.0454054146705276,0.0376795089238697,0.0424596209217234,0.405708438348755,0.14598061722771,0.0458216524697898,0.203416252029163,0.0269108873446654
Q9C9E1,1,0.0369915298001217,0.0370494107993762,0.0334058787557205,0.036098219603799,0.40768068589399,0.255359346010472,0.0358989424329711,0.132308564634248,0.0252074220693019
Q9CAU3,1,0.0464799498303811,0.047106834401489,0.0442600295715429,0.0466456884172332,0.317079049837047,0.288266790156397,0.0449812585446216,0.130223085986459,0.0349573132548285
A0A178WHC7,1,0.0286492481906228,0.0286204799402446,0.0265631612021216,0.0280819911515257,0.488314492072037,0.242568152573206,0.0280790672047035,0.108244621522111,0.0208787861434276
Q9C9U3,1,0.0374293704018849,0.0380149110295143,0.03622120012576,0.0378370555811782,0.415896547842319,0.253082531213467,0.0363699874409209,0.115459997407586,0.0296883989573693
Q8W568,1,0.0199462763087083,0.0197701772178272,0.0177111135537672,0.0191336981243878,0.613816224313034,0.18618911154231,0.0195751391905345,0.0902995785405003,0.0135586812089307
P94111,1,0.0251508726536758,0.0244204088369508,0.020592432156106,0.0229590629753831,0.615867797228491,0.0896836395884722,0.0249722594416263,0.161491586145176,0.0148619409741193
Q9CA57,1,0.0397931982408575,0.0400015682287451,0.0371403920140661,0.0392928747124239,0.429880459177597,0.208117859102186,0.038837138354046,0.137481229509068,0.0294552806610111
Q9CA52,1,0.0427348478536478,0.0423074920385847,0.0376406972318564,0.0408118314930148,0.402638011064,0.193882064182509,0.0420431080983173,0.168894649084267,0.0290472989538021
Q9S7H8,1,0.0286883269843818,0.0266321811527178,0.02044235733594,0.0238147453900224,0.432966157987565,0.0931132406623596,0.0291620706251129,0.330796373168809,0.014384546693091
Q9SGS5,1,0.0191198680152716,0.0190005205759925,0.0170033791417345,0.0183848789528593,0.673141735227744,0.133351175117323,0.0187166765305813,0.0884181198096596,0.0128636466288343
A4FVS9,1,0.0158275420605827,0.0153020169265852,0.0129498763002647,0.0143535726186636,0.721792510391984,0.0989141928328567,0.0157847235305682,0.0952788544811226,0.00979671085737187
Q9C9R4,1,0.0572622873532232,0.0549597895187555,0.0436369686936971,0.0504096010973916,0.293923511100994,0.170010225293521,0.0566531238217397,0.242160259892451,0.0309842332282268
Q8RX60,1,0.0533280250033809,0.0508425536295169,0.0416410027467375,0.0468263788928364,0.310692501508409,0.207931697349587,0.0534541104268155,0.203598213810095,0.0316855166326219
Q9SSC1,1,0.0338051665392575,0.0328559056348625,0.0273673793688833,0.030838678680841,0.454007012012954,0.176413994910105,0.0332629857076145,0.19196138670875,0.0194874904367322
Q9LFB1,1,0.0313805096998031,0.0305892397028438,0.0260543271599727,0.0288569040995575,0.55649706376415,0.113403156062656,0.0311573578447337,0.162791192715684,0.0192702489505999
Q9M040,1,0.0473178469593267,0.0465980555779501,0.0387703401754373,0.0438327356516612,0.358710600852318,0.200527348355868,0.0459436603568073,0.190109293550523,0.0281901185201077
Q9LZW4,1,0.0286202941480774,0.0280994850011509,0.0236081884293582,0.0265076837772527,0.584584870308987,0.1113984418227,0.0280493239329293,0.152259524245923,0.0168721883336213
Q8GYS4,1,0.0805474504429025,0.0778119433199369,0.0606641917092673,0.071031690103175,0.221157721415749,0.156799331619087,0.0784321468159939,0.212090313812241,0.0414652107616477
A0A1P8BF18,1,0.0247027117685165,0.0244163160460547,0.0222956864146561,0.0236971544658616,0.435554484186113,0.331407438442164,0.0243991482226083,0.0955706907819886,0.0179563696720372
Q9LZ46,1,0.0370405042851465,0.0354434652994579,0.0285846382983645,0.0327047666637351,0.428731360112309,0.0932317731181434,0.036961442948122,0.287683304589162,0.0196187446855597
A0A178UH50,1,0.0416372834661931,0.0399152807588797,0.0331845709750037,0.0370641852761639,0.444394766790028,0.128806694787686,0.041854204948878,0.2086113218155,0.0245316911816665
AT5G03285,1,0.0327221557097963,0.0318822666310032,0.0277508140642783,0.0303396870127165,0.485353860114261,0.177632318247026,0.0324583440151513,0.161215913888043,0.0206446403177247
Q9LZF4,1,0.0301293251129108,0.0291044985883353,0.0240017380912773,0.0270153231148279,0.558824402568963,0.124030053361367,0.0299515847216507,0.159032461194714,0.017910613245954
O22533,1,0.0429677953930254,0.0422847054909381,0.0354492916045241,0.040042572843163,0.417568883439244,0.135783022423867,0.0419167508344939,0.219403455830661,0.0245835221400838
Q9FF65,1,0.0341450909682554,0.033786127588916,0.0290307822712153,0.0322726592361585,0.464902177588556,0.187324853254948,0.0332647672366268,0.164308552985438,0.0209649888698873
Q9FLB1,1,0.020514735655139,0.0201896373126556,0.017597829469685,0.0193096481201101,0.633379603082988,0.149962826398139,0.0201759454804245,0.105687761251224,0.0131820132296355
Q9LHS8,1,0.0598723595113469,0.0599016197488919,0.0535980357115168,0.0581794918516296,0.261330990121547,0.251758127898372,0.0582024646643543,0.156443865413643,0.0407130450786984
Q9FFZ7,1,0.0293377376270783,0.0290975248105289,0.0260916476870721,0.02811374679164,0.513096617451035,0.210892621527876,0.0288147276589117,0.114115288274816,0.0204400881710415
A0A178URN4,1,0.0296815346330857,0.0295074045048728,0.0260924683124336,0.0284879575503189,0.544152071288526,0.149755769657179,0.0289855087459556,0.144010463548558,0.0193268217590709
Q4PSG2,1,0.0625767285743844,0.0609850697298547,0.0488882568512505,0.0563728877733802,0.272110834758091,0.205932982036621,0.0608442219949169,0.197361886627639,0.0349271316538625
P0C1T5,1,0.0354853661030251,0.0340533020697628,0.0283338565317162,0.0316479467657994,0.492659200982101,0.13279661726604,0.0355672248928661,0.188418009116365,0.0210384762723245
Q9SBF3,1,0.0273742496772303,0.0256995970764875,0.0200431020027292,0.0232406671025633,0.478135459401164,0.0801221605282905,0.0276422274780594,0.303833806296007,0.0139087304374696
Q8VZB2,1,0.0316187620648442,0.0301372313159169,0.023387888078989,0.02735150144634,0.467989384721675,0.0897936119747701,0.0313719642572212,0.282435619644974,0.015914036495269
Q8RXY3,1,0.0443938789337587,0.0416145527109975,0.0320760497757913,0.0374761460637896,0.34465334659994,0.118784810268969,0.0446450948607788,0.314467569440939,0.0218885513450355
A0A178UED2,1,0.0419953190850409,0.0418733279192876,0.0369920983334768,0.0403547160191535,0.327085226874525,0.304200211401475,0.0408323221691087,0.137705553255446,0.0289612249424866
Q9LFP0,1,0.0801892280320198,0.08071691334386,0.0692684139218849,0.077373742093798,0.211914960737887,0.18773142285474,0.0764839699305979,0.166491166693898,0.0498301823913151
Q9LYD5,1,0.047223779474109,0.0456745219504251,0.0374149259876707,0.0423102493459095,0.386432231680768,0.153805177894137,0.0467725172124602,0.212941263955819,0.0274253324987025
Q84WM9,1,0.0424196591575071,0.0417848527155386,0.0379254478235704,0.0405075142700245,0.312119469491402,0.309142771204006,0.0418548010681199,0.144604394434606,0.0296410898352252
A0A1P8BET2,1,0.0441795200487275,0.0448888472759559,0.0408930663907695,0.0442713815541977,0.419316169007067,0.167240824035247,0.042500224141343,0.167232860962341,0.0294771065843515
Q9LXV0,1,0.0162408078396057,0.0157696429149605,0.0132591043333344,0.0147929082159063,0.724511159894521,0.0871004778706127,0.016085530897417,0.102410906249845,0.00982946178379706
Q9LYV6,1,0.0508859935714344,0.0479524880034728,0.0379881394023389,0.0435091762881461,0.337126852885852,0.109396809882971,0.0515124239872953,0.294478685741944,0.0271494302365456
AT5G02095,1,0.051828151634092,0.0487938095371426,0.0383823605976889,0.0440879223653818,0.332718769521738,0.13374866311445,0.0523415557025528,0.27020998635629,0.0278887811706641
Q9FNB5,1,0.0365015350994865,0.0365208331109076,0.0340015453326674,0.0359602772182647,0.42586191219867,0.231213137218844,0.0358141989392716,0.137557152333104,0.0265694085487831
Q9XIW1,1,0.0570164923167842,0.0556958870880891,0.0449592425895102,0.0516458463045503,0.324824541706424,0.166110329815626,0.0554618392097896,0.213163300748313,0.0311225202209141
Q9FFY3,1,0.0313979431541273,0.0317112554324652,0.0291190349247995,0.0312396292635206,0.498033564629914,0.197311390571939,0.0303802296952113,0.129042880116992,0.0217640722110309
Q9LF22,1,0.0396328751611478,0.0386309788888147,0.0332005259627798,0.0365133999426444,0.462467804103908,0.158781748066635,0.0393524843259835,0.166337658963894,0.0250825245841935
A0A1P8BEX4,1,0.0487298875031815,0.046481591208209,0.035641905996777,0.0420863583028871,0.326928692591209,0.103559991695193,0.0480376663293094,0.324992791378377,0.0235411149948572
Q9FFE6,1,0.055758312050246,0.0570638273553085,0.0516567071122968,0.0562465935959819,0.288831367068294,0.245063217041406,0.0530312102663891,0.153795671398764,0.0385530941113143
Q9LF64,1,0.0529481485448677,0.0502685463662294,0.0396017464695824,0.0459217620064719,0.298091344854794,0.142397093502693,0.0528244291017501,0.290629548420425,0.0273173807331862
Q700D5,1,0.0312647813780645,0.0305038069736188,0.0256232266726175,0.0286555069801051,0.52086094134537,0.158095077425829,0.0307370521261611,0.155645838292512,0.0186137688057225
Q940K1,1,0.0380239467760792,0.0377195793660083,0.032242001924809,0.0359410421828206,0.506474624293591,0.114391888443578,0.0370672391283272,0.175134183310817,0.0230054945739694
Q84VZ5,1,0.0341072310627445,0.0348129291838355,0.0340838133572702,0.0350237774765194,0.4075599566529,0.288756632068683,0.0330585781686343,0.104408113975257,0.0281889680541552
A0A178UP49,1,0.030515341893747,0.0284453613352238,0.0223988233636862,0.0256513195935269,0.474275224625596,0.129183853677854,0.0310909298025854,0.24192911768205,0.01651002802573
P48007,1,0.0567901524653461,0.0561097075012723,0.0485238740092723,0.0533552711421692,0.327107979502403,0.182701908648926,0.0554818761783619,0.182985894357107,0.0369433361951421
Q93ZH9,1,0.0446513536507235,0.0444002488923545,0.039415197709466,0.042969461786006,0.335181193820617,0.257768207043047,0.0435755441081643,0.162372410378592,0.0296663826110295
A0A384L1G6,1,0.0328377337549928,0.0302651571881434,0.0229851804734434,0.0268627587384693,0.395371719010884,0.0968495084855606,0.0335979981391501,0.345034335766988,0.0161956084423687
Q9FMY1,1,0.0323109819764832,0.0320401963036379,0.0289912544796542,0.0311400260825349,0.514827839355493,0.160253158663758,0.0318277702320016,0.146709783773711,0.0218989891327254
Q9FMX8,1,0.0382931825264895,0.036779000130134,0.0307790028062121,0.0343461579627394,0.451384001343548,0.126402871266281,0.0383310815034014,0.221569028600482,0.0221156738607124
Q9FMW7,1,0.0280637812017963,0.0272062872744129,0.0222844431543888,0.0253218153993566,0.581961982057469,0.0910321488983578,0.027731700553429,0.180690030561513,0.0157078108992772
A0A178UT10,1,0.0363401435706771,0.0365171623878916,0.0342854348547858,0.0360028005356943,0.40188954435831,0.27474362209959,0.0355075124792423,0.117212991246928,0.027500788466881
A0A178U9Q7,1,0.0214106147246446,0.0211234106293331,0.0191187403678364,0.020454231850872,0.462063735755921,0.3272505867169,0.0211294390702844,0.0923160400689926,0.0151332008152159
Q9FLV8,1,0.0396636195377581,0.0393900596653741,0.0359054562529068,0.0381960937000023,0.435382743372325,0.2061865978141,0.0390788490803132,0.137005210124421,0.0291913704527994
Q9FNF2,1,0.057236166940777,0.0565885107036152,0.0472689859833194,0.0535519123437232,0.282653161404939,0.226431933352876,0.0552813822532642,0.187704026311379,0.0332839207061058
Q6R3K9,1,0.0464065521475293,0.0429484910460969,0.0317101180090584,0.0377330958322992,0.345149749973528,0.090026124487152,0.0470773159158779,0.337207787233512,0.0217407653549461
P58049,1,0.0442462639307472,0.0431699683474306,0.0367846671381493,0.0407551762233141,0.336008616077028,0.260007870419546,0.0436621074105897,0.167044379589028,0.0283209508641675
P58050,1,0.0382541834018928,0.0352011875651224,0.0263637794000779,0.0310243862537323,0.366437111822715,0.107483062557207,0.0390727172090473,0.337320127251903,0.0188434445383015
F4JWS8,1,0.0510154813617514,0.0488870751689716,0.0409457521250379,0.0456819218802957,0.333189490570816,0.155496929015415,0.0510268651455066,0.244257055725014,0.0294994290071921
A0A1P8BG76,1,0.0823189894228125,0.0817367274304687,0.0651807755773811,0.0761322777073161,0.216353323513822,0.152154690882993,0.0784421459351448,0.203879090783116,0.0438019787469448
Q6NPN5,1,0.0479397074701782,0.0464848245394052,0.0374567432588453,0.0431147679060328,0.35338699285419,0.162417662368247,0.0470415767780248,0.236156120544554,0.0260016042805238
Q94CI7,1,0.0222539235977241,0.0211442504065228,0.0168433632222405,0.0193255263012115,0.606369762826899,0.085458532885285,0.022290252269634,0.19429498902085,0.0120193994696336
Q0WRB2,1,0.0412213243452623,0.0384230804608254,0.0295766667438612,0.0343479520838844,0.390387790663834,0.0904463223308396,0.041972156040935,0.31246572619905,0.0211589811315082
Q9FG44,1,0.0605023053685675,0.0576649483886724,0.0457867480895312,0.052576993774519,0.293154815290712,0.161195776789844,0.0601841793507406,0.235308851901264,0.0336253810461499
Q9FHQ3,1,0.0654604467937822,0.0659319311441625,0.0590533307597547,0.0645504202740448,0.255373055552952,0.202048115744478,0.0628724040667709,0.182595562580559,0.0421147330834961
Q8W036,1,0.0313286368512939,0.029986461763137,0.0244637253401265,0.0277077985670492,0.519604569352209,0.0956794165327108,0.0314002128652691,0.222250728050284,0.0175784506779198
Q9FKQ9,1,0.0502256672475139,0.0474487708341214,0.03592152943503,0.0424923293214034,0.325612801017218,0.099636704905459,0.0499036581381938,0.324942433533535,0.0238161055675257
Q9FID6,1,0.0397608112068927,0.0394437313780515,0.0354466225198068,0.0380469272472224,0.440046698259957,0.198039360397946,0.0390821658393139,0.14184186905645,0.0282918140943592
F4KFX2,1,0.033556486415038,0.0327224214813182,0.0277360020945944,0.0308076994696637,0.538549867205244,0.116200870051333,0.0332202671042074,0.16677678297176,0.0204296032068418
Q94CD1,1,0.0243850759412079,0.0242063459847815,0.0221256617122364,0.0235780678090206,0.547147777053304,0.213152105997087,0.0240138507044447,0.103960219091165,0.0174308957067524
Q9FFS3,1,0.0486519843235431,0.0464848374049906,0.0374157795860568,0.0428993321209515,0.333231731714068,0.105424807048003,0.0486878172096014,0.311742234239353,0.0254614763534329
Q9FJ33,1,0.02127219028102,0.0206672053102037,0.0177078322272805,0.0194985927022383,0.632292664071909,0.139097030901521,0.0211505332718544,0.114811802370223,0.0135021488637496
Q43872,1,0.0319204664902237,0.0315541162209159,0.0277447823188068,0.0302786607587096,0.556557198069689,0.125098662800346,0.0314099375001125,0.144747952462456,0.0206882233787411
A0A178UJJ3,1,0.0360989329053459,0.0342383598029087,0.026868502741509,0.0310878592132471,0.434886731398878,0.101718129710726,0.0361220012247533,0.280298952470509,0.0186805305321229
Q9FH66,1,0.0472233290919913,0.0470759436496969,0.0434157718110934,0.0460341765660745,0.363320942080507,0.220044688357338,0.0464464029169729,0.152666648159207,0.0337720973671196
Q96242,1,0.0499991198955745,0.0486290241199173,0.0404973674446378,0.0455406542590429,0.325190165579383,0.215473177960696,0.0491817424719795,0.195630469068062,0.0298582792007063
Q9FIY6,1,0.0309456781931939,0.03074723322054,0.0274859363316839,0.0297366995280136,0.528374848323853,0.176111698173349,0.0303245466477569,0.125252339650251,0.0210210199313586
Q8H185,1,0.0637635610866158,0.0646697791173498,0.056872032708673,0.0630015991182701,0.258312106060696,0.223745979940092,0.0608117277606463,0.167903362362188,0.0409198518454692
A8MS31,1,0.0357574869813085,0.0347170132764243,0.028413234603758,0.0322899963573075,0.481999446236117,0.105913134081085,0.035268791755347,0.22557842219972,0.0200624745089323
Q9LU05,1,0.0319623385927481,0.0326096205738223,0.0319792339345729,0.0328499119501719,0.391019621461751,0.32521280627575,0.0309828502062156,0.096981475377354,0.0264021416276141
Q9FK76,1,0.0308041033894081,0.0304823318130253,0.0277342290359139,0.0295413756959663,0.371063144981323,0.350701774454763,0.0303752133453429,0.106793611670357,0.0225042156139004
Q9FK63,1,0.0294194724725767,0.0279043356259692,0.0220003603010846,0.0254401390867773,0.483222233894668,0.0773654134184597,0.0294905713808298,0.29005425880148,0.015103215018155
Q9FJ55,1,0.0256372536266381,0.0261543725077205,0.0257110080802434,0.0263775346115318,0.402320235695,0.364972362426481,0.0248662253237063,0.0826043134850614,0.0213566942436173
Q8LET2,1,0.0293504344425216,0.0294356476022065,0.0267610333125013,0.0287967964968321,0.418183164774394,0.302179756978223,0.0284746394527037,0.11658106988505,0.0202374570555684
Q9FNL6,1,0.0342466174120709,0.0346912264482603,0.033447653477202,0.0346126371259896,0.415708383413022,0.278063031872403,0.0333894022574633,0.107952061985865,0.0278889860077242
Q9FGL2,1,0.0367894844530566,0.0344027793918215,0.0271686925957444,0.0311723398602174,0.397305161116132,0.145292927149901,0.0373616412257607,0.270994620680966,0.0195123535264007
Q9FGK4,1,0.0256618988540706,0.0263718621405813,0.0262695195014187,0.0268261962067127,0.398874485146473,0.368391876956717,0.0247630185758134,0.0813135988322262,0.0215275437859867
Q84JS4,1,0.0200965314927841,0.0191605324943717,0.0157678250054906,0.0177292928964561,0.642334174461474,0.100567466751559,0.0201824893033998,0.152608530867388,0.0115531567270776
Q1ECG7,1,0.0369106849464581,0.03431705367865,0.0262957896014111,0.0307095674781811,0.37549768568279,0.100435030801077,0.0374191009789824,0.340218678153373,0.0181964086790768
Q9LV60,1,0.0297331407101396,0.0294275497589755,0.0267020393251394,0.0284913129151934,0.38301832413695,0.345087452951996,0.029267152621341,0.106796174022648,0.0214768535576164
Q9FKB9,1,0.0398608297053868,0.0396080982424565,0.0354862066472555,0.0381996391096277,0.435367474905706,0.208218927157862,0.0391507615245274,0.135679236823564,0.0284288258836146
Q570C8,1,0.0450227511240141,0.0435114672331389,0.035159260477124,0.04010715451017,0.422067739421927,0.122962690551399,0.0444795512688529,0.221760640812286,0.024928744601088
Q0WQJ1,1,0.0573303921900316,0.0567905767404094,0.0493997820925668,0.0544259813656775,0.276373818240217,0.237807958840024,0.0559649526911333,0.174173899697414,0.0377326381425263
Q64J17,1,0.0413016754684612,0.0396782399910384,0.0331251208205801,0.0370198951674399,0.373314747510344,0.204858698364535,0.0412513505504858,0.204660103107807,0.0247901690193079
Q9FK27,1,0.0461088914145982,0.0428610439025199,0.032413690719783,0.0381568962962549,0.32284962044024,0.135234021064852,0.0466192456014564,0.312880087225764,0.0228765033345311
Q9LU58,1,0.0240187203236749,0.0233210616123795,0.0195223621759508,0.0218436912874955,0.62219532674769,0.10383648692158,0.0237997009975357,0.147118089592212,0.0143445603414821
Q9FLJ1,1,0.0433948113122924,0.040266447932345,0.030928717817327,0.035965458106641,0.368918939297196,0.0957332425737397,0.0443710512834787,0.31871660344348,0.0217047282335002
Q9FLI1,1,0.0438472193313647,0.0419885600264513,0.0321416031135756,0.0380310866828676,0.36170653069396,0.0927706838181977,0.0431792666711941,0.325182148760887,0.0211529009015016
Q9FGM5,1,0.0202078062331898,0.0197329637936447,0.016976786368678,0.0186928414219068,0.669541914140353,0.110380850845323,0.0199995656394404,0.111765135133178,0.0127021364242863
Q9FI03,1,0.0516092003567627,0.0503880483002301,0.0431511829650479,0.047785058761309,0.311331291773883,0.211193043538846,0.0508728277674912,0.201515179696373,0.032154166840057
Q9FK25,1,0.0302943244621534,0.0283818691107744,0.0215303280491849,0.0253485839391079,0.440419371084406,0.0682695828046692,0.030527101451384,0.340531281995151,0.0146975571031695
Q9FFT6,1,0.0452629962049555,0.0435238794190287,0.0350667399821522,0.0402275401122929,0.35303804788414,0.165621568012386,0.0446826536484496,0.248186273791392,0.0243903009452031
Q9FLN8,1,0.0437893803693267,0.0436562129774165,0.0411430673462228,0.0430204647159109,0.373522310692038,0.233699862156893,0.0431957250120792,0.145275067431658,0.0326979092984545
