ID,Cluster,#1,#2,#3,#4,#5,#6,#7,#8,#9
Q6R0H1,1,0.0136721281647904,0.0136438422804475,0.0151434661853163,0.148984610329302,0.161691945473413,0.306544174476539,0.177444137087987,0.148605257239616,0.0142704387625894
Q9LNJ0,1,0.0158035835095137,0.0156685792301167,0.0177567644240283,0.139712928658867,0.152485117582834,0.334080410812496,0.168579566889462,0.13933089319495,0.0165821556977329
Q0WMJ8,1,0.0106381409467793,0.0105770229151183,0.0119327504110677,0.115555522605641,0.128561398348324,0.450854626138043,0.145567232610369,0.115166613473522,0.0111466925511344
F4HVZ1,1,0.0151136083897023,0.0151082504177721,0.0170039981647982,0.125325289999818,0.138001032490435,0.394894765937348,0.153779437078193,0.124930354203607,0.0158432633183256
Q94KD8,1,0.0100112324886094,0.00998823229517569,0.0110490172887732,0.125812346462868,0.139186615384546,0.411698688176812,0.156414088721115,0.125409717817344,0.0104300613647562
Q42523,1,0.0121638960241249,0.0121428483825003,0.0134685708176155,0.141785934102436,0.154319548043034,0.341095863320136,0.170892066959897,0.141434821360599,0.0126964509896573
Q9SCW7,1,0.018851462586353,0.0186662425753796,0.0215461911416492,0.130078097540564,0.142970789610264,0.359896757275333,0.158458328295413,0.129664000628992,0.019868130346052
AT1G11175,1,0.00775885985441693,0.00775131274137644,0.00846151545293583,0.130053954540219,0.144336159208307,0.401242293095154,0.162721129101139,0.129625119261388,0.00804965674506416
Q8LDI5,1,0.0189475214306704,0.0189414090158833,0.021151885554433,0.14751152755613,0.15920498140182,0.294394266293445,0.172899798602757,0.147139034115951,0.01980957602891
Q9LQV2,1,0.0209623504007167,0.0208923382468763,0.0238201746176278,0.132528820645057,0.14446423481849,0.344431334795087,0.158719967691655,0.132144315213704,0.0220364635707856
Q9XI37,1,0.0186354606138696,0.0186653039668705,0.0207617736820471,0.139164093893355,0.151907455508997,0.326219650179251,0.166442806240244,0.13873833543008,0.0194651204852864
A0A178WBQ2,1,0.0109566572663144,0.0108681477999291,0.0122122465680621,0.127692917731844,0.141385734523241,0.399400718522398,0.158757783766717,0.127275639720874,0.0114501541006202
Q9LN65,1,0.0100710496497309,0.010057788641577,0.0111446300910919,0.122859554171977,0.137357887406242,0.420385326864075,0.155226513062805,0.122399472728514,0.0104977773839879
Q9LM84,1,0.0218347826319451,0.0218433273984025,0.0244248376244549,0.141802463173373,0.152886419770789,0.306998018022056,0.165915768853458,0.141444301490162,0.0228500810353595
A0MDN4,1,0.0153831922073098,0.0152583458545293,0.0174165306059243,0.129527812746212,0.142919949076691,0.374980020968211,0.159249502716124,0.129103088444274,0.016161557380724
P61430,1,0.0212551528596239,0.0212060694550565,0.0238858902574584,0.142551319424467,0.155767180526731,0.300476322079885,0.170451852017077,0.142103136592885,0.0223030767868157
B9DGG8,1,0.0055862351938397,0.0055863877419539,0.00600343034382454,0.154645060852448,0.171211159285887,0.304302338408211,0.192722620548126,0.154172520729832,0.0057702468958774
A0A178WN36,1,0.00756095091315204,0.00752656445821133,0.00833158434810809,0.121089257426945,0.136713473468444,0.433240347331825,0.157040328291675,0.120620209219485,0.00787728454215468
AT1G07407,1,0.00989752725513666,0.00987035969441258,0.0107968969909042,0.142044477417194,0.159721275226354,0.335987773747632,0.179947598496984,0.14145338544198,0.0102807057294022
A0A1P8AMQ8,1,0.0199322470997323,0.0197934843256127,0.0229044129734059,0.129253689653093,0.140757457451759,0.362242444876001,0.15517820099578,0.128901932596814,0.0210361300278035
Q8GX22,1,0.0158266611308869,0.0157639847976716,0.0178451058491865,0.131783005792208,0.144207072312136,0.367044316735902,0.159540909406649,0.13139699873144,0.0165919452439196
F4I1N8,1,0.0223480873835601,0.0222940042606152,0.0253337447931117,0.135469723475649,0.14676314139881,0.329079458929969,0.160146854925959,0.135104791332328,0.0234601934999985
F4I7X9,1,0.00994151996326224,0.00991678732562446,0.0108926743647762,0.137133206489535,0.151701662680151,0.363762595028504,0.169637028119307,0.13667778587051,0.0103367401583299
A0A384K9V1,1,0.0054974585822002,0.00547962929138464,0.00600458940364084,0.114274952020749,0.130341216703395,0.46739930411966,0.151501745672044,0.113793309161088,0.00570779504583964
Q9SYB0,1,0.0142857151980606,0.0142449890763581,0.0160038860587792,0.132263095976973,0.144422342223518,0.371730881066801,0.160185359287731,0.131906859971706,0.0149568711400733
Q8LDN8,1,0.0193688339124449,0.0193449551496051,0.0217536052955179,0.135268960854452,0.147311815396755,0.34025149714949,0.161540648518911,0.134877333971824,0.0202823497509995
Q9CA37,1,0.0187099012568509,0.018598006330536,0.0213720224028295,0.12902600623895,0.140742519944315,0.367879719576252,0.155309249542379,0.128663813111283,0.0196987615966039
Q9CA34,1,0.0131455930770969,0.0130807767478005,0.0146644197310712,0.13211538722279,0.146698152916149,0.371153648471303,0.163773924984727,0.131634793458305,0.0137333033907565
Q9CAS2,1,0.00942370910756834,0.00941440916955111,0.0101634580686,0.155546253924998,0.169627119595197,0.296022004213702,0.185006165161082,0.15506444146578,0.00973243929352064
Q94BQ6,1,0.0170375848154466,0.0170228406815807,0.0191616121417008,0.135060606262122,0.147125314157329,0.350137829994887,0.161917125334025,0.134685120652041,0.0178519659608673
Q9SSN7,1,0.011722912624728,0.0117084018777564,0.012990334852291,0.137170065427224,0.150207916712403,0.359934055634616,0.167236102462292,0.136794427342531,0.0122357830661597
Q9SSN6,1,0.00607626826846437,0.0060553076757712,0.0066002076717129,0.143470014090399,0.159354877908754,0.348735510835479,0.180390138290275,0.143018929988117,0.00629874527102797
Q9FRL0,1,0.015323729631115,0.0153658894924801,0.0168366036789921,0.145197699339185,0.159619107671948,0.311440516784091,0.175568902435726,0.144704806581741,0.0159427443847216
Q9SYQ8,1,0.0189049812572056,0.0187871260285053,0.0215825354986934,0.128124425392567,0.140120384514697,0.369841518707722,0.154972040494382,0.127750183869404,0.0199168042368243
Q9SGZ8,1,0.015673513261303,0.0156191876895044,0.0176415437341015,0.137413257808206,0.150538383987093,0.342886999058273,0.166767140324729,0.137009882683363,0.0164500914534276
F4IBV1,1,0.017260046925371,0.0172029134726654,0.0193277151985166,0.13524469558057,0.148741204435398,0.344737557867498,0.164605422519041,0.134803395798826,0.018077048202114
B6EXY6,1,0.0223007118699069,0.0221339446982815,0.025668358433064,0.134573755375754,0.146888141244793,0.329216631743686,0.161490330659336,0.134178221348607,0.0235499046265726
A0JPZ8,1,0.0106510984319397,0.0106699429288753,0.0116181125092242,0.152429251089073,0.167103450178753,0.299578570667852,0.184906266572051,0.151979496418474,0.0110638112037574
Q9LZS0,1,0.013851447521532,0.0137879259857903,0.015436546938737,0.133847697729687,0.149810249148049,0.356999257932244,0.168450672833078,0.133321476805206,0.014494725105677
Q9LXB5,1,0.0156459352760775,0.0155823566755765,0.0177215414798051,0.123592623663998,0.137594403896992,0.395743217598758,0.154523762455842,0.123141466785569,0.0164546921673806
Q94A21,1,0.0173973891552608,0.0173416694063266,0.0197515138683925,0.125277363300454,0.137912400966125,0.385874548297126,0.153280299334162,0.124873738467941,0.0182910772042114
Q9FMD9,1,0.0154394673654342,0.0153751033794884,0.0173743065539369,0.131989097417945,0.144350130786019,0.367890140820089,0.159784874572656,0.131610042800438,0.0161868363039928
AT5G02575,1,0.0180682936594432,0.0180689687608628,0.0200580803442691,0.146838057959914,0.158883927239832,0.29961307482355,0.173131269739721,0.146454737335459,0.0188835901369488
Q9FKP2,1,0.0199138036369091,0.019847637870248,0.0227796583870099,0.127754274461727,0.139425951323882,0.368009679361503,0.153895706061921,0.12739171769743,0.02098157119937
Q9FK47,1,0.016232972215579,0.0162830543994385,0.017819620998765,0.148144582018723,0.160840673321752,0.30104681745132,0.175042557920736,0.147717065336843,0.0168726563368434
A0A178UKY2,1,0.0196399588224211,0.0196837094852409,0.0217543339044125,0.144726227461715,0.155453077974245,0.305784155334645,0.168116198674915,0.144383048712616,0.0204592896297908
Q39152,1,0.0111695603377164,0.011124042098319,0.012526843048516,0.115051906236755,0.129248332417689,0.447765314956221,0.146815889300569,0.114601189474242,0.0116969221299718
A0A1P8BD57,1,0.0223676605542987,0.0222738345743795,0.0256899317137757,0.129390684638585,0.141064826098772,0.351514980795099,0.155091548399793,0.129016142542786,0.023590390682511
Q6LA42,1,0.0137174923038885,0.0135869348945953,0.015234799802178,0.146761287647827,0.158526403968755,0.317994155869563,0.173441997909994,0.146416456701574,0.0143204709016258
Q94AZ2,1,0.021001106423814,0.0207902817760797,0.0237819503072767,0.142510984884424,0.153722973366092,0.306622030894642,0.167346986297202,0.142164645807641,0.0220590402428294
B9DGI8,1,0.0111006735853605,0.01109489649679,0.012197436633982,0.137180893370915,0.150729718290124,0.362307852966154,0.167098278242078,0.136751851197852,0.0115383992167434
Q6NL09,1,0.0199083274144032,0.0198541792526159,0.0226062058550619,0.133672483153285,0.146045587028274,0.342897914531324,0.160802858729286,0.13327534435109,0.0209370996846602
F4KBM7,1,0.0188884377952082,0.0187372218362566,0.0213136047325043,0.140212041062541,0.153351516418722,0.319628280035321,0.168289447689203,0.139773117923857,0.0198063325063868
Q93ZL5,1,0.0126195921326097,0.0125888780264447,0.0141197085555743,0.122867821749537,0.135203377980841,0.415762134104201,0.151136974258613,0.122498280464677,0.0132032327275016
Q9FJV7,1,0.0103404891221172,0.0103215698210988,0.0112360053395314,0.155014357276202,0.168477446779157,0.295682918358918,0.183650506207847,0.154570125456543,0.0107065816385854
Q9FKU8,1,0.00725863680840313,0.00724702004732946,0.00788012827768468,0.147965364688496,0.164430917092738,0.325833511798818,0.184411697777052,0.147453160153133,0.00751956335634505
F4KD45,1,0.00943196414844481,0.00939231319064932,0.0104533284582327,0.118322704338543,0.133357183931564,0.4393915184526,0.151963481593008,0.117844294677273,0.00984321120968412
Q9FL35,1,0.0149214841376022,0.0148372193254289,0.016649814863926,0.141719597313753,0.152767727179427,0.33473557587835,0.167352679685663,0.141410120460901,0.0156057811549489
Q8L7W2,1,0.0112948686023498,0.0113179716140783,0.0123262067711804,0.145561089116145,0.158430723406119,0.329529259898774,0.17463615049558,0.145177424096008,0.0117263059997662
Q9LUA9,1,0.00929735442673028,0.00925902733663466,0.0102484835510583,0.134227402478668,0.150113840694476,0.373604811332686,0.169827238551873,0.133732142737583,0.00968969889028987
Q9FJK8,1,0.00920072324497422,0.00920195636790763,0.0101354993242338,0.129662573598797,0.143770106114507,0.396843692800708,0.162347510321242,0.129252291957176,0.00958564627045406
A0A1R7T3B9,1,0.0119818763477003,0.0119602322210588,0.0132945931003882,0.127666820019031,0.14336055308877,0.390437197740868,0.161648676919213,0.127143434024452,0.01250661653852
Q2EF88,1,0.0105934863478834,0.0105234944757564,0.0116892295880023,0.137699579429721,0.152309428799264,0.359091385569673,0.169829867106882,0.137230897024228,0.0110326316585902
Q9FJS9,1,0.00953783012409911,0.00949360567230062,0.0104397509124162,0.144403439554875,0.160514920435111,0.332542081179735,0.1792847961741,0.143876306367722,0.00990726957964114
Q9LTH4,1,0.00509409333007537,0.00507723737627251,0.00552718940232693,0.12939566667365,0.14700009479566,0.40380886188995,0.169951747923634,0.128867645830493,0.00527746277793929
Q9XFI1,1,0.00925329550029426,0.00923980250071537,0.0101581025213831,0.127424978717919,0.141768346406159,0.406283819666885,0.159288766120064,0.126968503756427,0.00961438481015338
Q9FIS1,1,0.00797574635825754,0.00795883390922356,0.00864738387255027,0.154145997511159,0.169808579662449,0.299888090292347,0.189619588583411,0.153685165360503,0.00827061445010094
Q9FFQ7,1,0.0209057683891734,0.0207681712159177,0.0237886867470547,0.134684369858296,0.147140217681656,0.334933858055993,0.161531984271822,0.134271717505877,0.0219752262742101
Q9FLG3,1,0.00784749450596498,0.00781522048419302,0.00861333813424569,0.138712817515784,0.153618646820923,0.363094557435125,0.173828200707246,0.138300472477926,0.00816925191859224
Q8GW83,1,0.00936542144126986,0.00936361762708187,0.0103919251265879,0.117560004007107,0.131578826643202,0.445146433603429,0.149680461098406,0.117135214464574,0.00977809598834159
Q84JF0,1,0.0112155334874965,0.0111866611923525,0.0124426717219181,0.125011662953961,0.141023410007963,0.402644733259609,0.160271240275571,0.124492060645445,0.0117120264556847
Q9S7Z2,1,0.0101564335517806,0.0101033635362117,0.011153519352724,0.14617123806192,0.159471288620379,0.33027243679139,0.176326799689491,0.145780015105531,0.0105649052905728
Q9SCW5,1,0.00710993641484281,0.00709549601789046,0.00768073236228529,0.147109518542849,0.165413124426515,0.325906965803135,0.185844320451539,0.14648831618705,0.00735158979389401
Q9SFC7,1,0.0122461819813012,0.0121860175409086,0.0136688222378883,0.137253786144943,0.150575108998349,0.356373857596066,0.168007284254097,0.136870821437461,0.012818119808985
Q8RWU3,1,0.0143982001392987,0.0143649098097928,0.0161198944880709,0.129099979442776,0.141747133443846,0.383319640373392,0.157192031989727,0.128699497865894,0.0150587124472021
Q6R2K2,1,0.0108154343840177,0.0108240722715762,0.0118482020466663,0.142867309534498,0.156525287734962,0.339375170360931,0.174025600323793,0.14246540329557,0.0112535200479859
Q9LJR3,1,0.0203026732642539,0.0202337611081236,0.0232068158466051,0.132959962813587,0.144518782002628,0.345927248015276,0.158850817320899,0.132604603099752,0.0213953365288739
O48652,1,0.010645786704359,0.0106109508624163,0.0116655440768242,0.145756140252335,0.15891233812883,0.331233671655731,0.174776932028512,0.145345092729602,0.0110535435613892
O04311,1,0.0110613830257564,0.0110088645761421,0.0123822952611378,0.122589538170382,0.13639489724596,0.41836323713799,0.154431970380246,0.122179631929016,0.0115881822733703
A0A384LCB2,1,0.0151686364659489,0.0150776369835554,0.0172295448450412,0.121912233795019,0.135422550007045,0.4058871266614,0.151872324589956,0.121479997752824,0.0159499488992119
F4IXJ9,1,0.0238621161200591,0.0237452680064868,0.0273961950596186,0.134318715815042,0.146325687437587,0.325039216623647,0.16023195287405,0.133922580062719,0.0251582680007908
Q9LUI6,1,0.0223669403972927,0.0222025342744203,0.0257952363290787,0.13096586856097,0.142304804741387,0.345965870490286,0.156164283518032,0.130610259816765,0.0236242018717678
Q9LV52,1,0.00682596052904925,0.00679060982643967,0.00748936252399009,0.128792454839061,0.144347089849027,0.405614753150941,0.16470850830097,0.128333312140436,0.00709794884008684
Q9LSG4,1,0.0127669943397148,0.0126975934141985,0.0140286137741595,0.149422764419266,0.163906883625984,0.304564702085027,0.180385916146243,0.148942306471006,0.0132842257244012
Q9LW35,1,0.0157909089059216,0.0157257777172848,0.0179299554664141,0.122674928497936,0.134943441478982,0.403668761834059,0.150373717512101,0.122296382246933,0.0165961263403691
Q9M170,1,0.00881146235311086,0.00879466952313409,0.00969490719636691,0.126004503088452,0.13927388797938,0.416167735332767,0.156477352587315,0.125609698290569,0.00916578364890508
Q6NMA7,1,0.0130333972374068,0.0129367436770481,0.0144786480116994,0.141490739964729,0.155650365308647,0.335391572442419,0.172372804196464,0.141034689507752,0.0136110396538355
Q9STY7,1,0.019899126464269,0.0198484982768574,0.0226630457948811,0.12901823865821,0.141668625458593,0.360704395367472,0.156650657783937,0.128605644258159,0.0209417679376206
Q9C5L3,1,0.0181412235654195,0.0179578665298366,0.0205409496939552,0.142492724972989,0.154065991075368,0.316960509917818,0.168616558550869,0.14214851160679,0.019075664086954
Q8L5Z2,1,0.0196131591919193,0.0195327846882669,0.0222089558656534,0.132216950648878,0.14417997814225,0.351299589371063,0.158524924964004,0.131832421127735,0.0205912360002302
Q8LPK0,1,0.0194896654550358,0.0194736441041899,0.0217296148752559,0.14201977340838,0.154464920459864,0.312474149356553,0.168404331954075,0.141598759409749,0.0203451409768967
Q9STL5,1,0.0119852995025568,0.0119877816900772,0.0132308283604644,0.141411234783351,0.154860313962104,0.341295621388139,0.171732100915969,0.141007241863713,0.0124895775336259
Q9SN06,1,0.0134991474138635,0.0133633224582488,0.0149640403827881,0.148478663598464,0.162424876359004,0.306231423318747,0.178906236087828,0.148035676704743,0.014096613676313
Q9SV37,1,0.0076135708461325,0.00759633984757651,0.00833383297009534,0.124392346988103,0.139061526976888,0.423756887110045,0.157406279381556,0.123934980130181,0.00790423574942353
Q94AL3,1,0.0148967579402562,0.0147648425284844,0.0166161048168629,0.14173748696714,0.155435526190372,0.327931282333105,0.171732278511969,0.141299432883995,0.0155862878278161
O82089,1,0.0127639030610685,0.0127003497667853,0.0140899202816172,0.151065926595267,0.165649275733904,0.29669014005697,0.183109993696705,0.150610297681737,0.0133201931259463
F4J3D9,1,0.0181505214594533,0.018178584728963,0.0202161503435824,0.139522816961675,0.153618852767886,0.32288445347788,0.169405013010478,0.139043469174247,0.0189801380758355
F4J3H8,1,0.0139325051440831,0.0138998974103026,0.0156051794887032,0.1259713142667,0.139779136888287,0.39449890528766,0.156216455709635,0.125520290835676,0.0145763149689548
Q9M1B9,1,0.016613107283801,0.0165058375026967,0.0184149542565767,0.146953293814498,0.161438667066421,0.298597380076566,0.177650349398938,0.146465756117293,0.0173606544832101
Q9LZZ4,1,0.0201401750317555,0.0199958324420347,0.022990165984127,0.134524787560415,0.146987900209732,0.338186780152982,0.16183516962306,0.134125449945144,0.0212137390507508
Q9M272,1,0.0118720686639268,0.0117840311335953,0.0130782952228009,0.148292451386803,0.160545758977121,0.318552829341537,0.175603631200005,0.147919700719501,0.0123512333547104
Q9LZJ1,1,0.014292000053912,0.0142725543340182,0.0156915727696144,0.147002035699721,0.16072842938065,0.310315440564572,0.176288370372318,0.14654299454736,0.0148666022778347
Q9ZVR0,1,0.0104833830682432,0.0104356913095933,0.0114697315743834,0.146653956368346,0.159162855218205,0.329740529764898,0.174890850974155,0.146281987832591,0.0108810138895856
O64511,1,0.0238547127649763,0.0239164339308957,0.0266645607562416,0.145116611207869,0.154764677576089,0.289522711610526,0.166410963094367,0.14481796689746,0.0249313621615757
F4ISD8,1,0.0172461389699384,0.0171944101350016,0.0194611136712059,0.128856855164588,0.142613727236343,0.36948483544006,0.158647649611165,0.128400206023072,0.0180950637486269
O82199,1,0.00974805327909468,0.00975793061956606,0.0105544926010611,0.148188439748916,0.161248036707293,0.325552371044227,0.177083579989632,0.147781742508809,0.010085353501402
Q9ZNV5,1,0.0147468679839404,0.0146517178953865,0.0163760533109169,0.141294241622389,0.155663915921308,0.328992477714526,0.172060586227466,0.140813269307892,0.0154008700161749
Q8L7D0,1,0.0176927185583563,0.0176607699012337,0.0197358241411482,0.140419526136264,0.155921266548642,0.317484095538393,0.172701563371255,0.13987872986228,0.0185055059424284
Q8LEV3,1,0.00821777127348058,0.0082125480700812,0.00903223188890028,0.123575947560128,0.137225984372632,0.426815062037369,0.155196362752762,0.123175402942149,0.00854868910249852
P93017,1,0.00964485880538187,0.00964585911736516,0.010420444525471,0.155034317825463,0.167669974679773,0.299599748604018,0.183347542973395,0.154656711312822,0.00998054215631101
Q9SJM6,1,0.012858944828967,0.012820086569599,0.0144534855299924,0.120433076963133,0.133045948752065,0.423553935259878,0.149303560243476,0.120053389236911,0.0134775726159786
Q9ZUT8,1,0.0209951107347641,0.0208381431054937,0.0239647724915993,0.133527627263393,0.145466229344976,0.340427099370771,0.159552388296775,0.13313923838911,0.0220893910031185
O80961,1,0.0148661387094985,0.0147243786603947,0.0165014141837387,0.150211463519813,0.162094433928332,0.299186754181039,0.177017156413553,0.149861991716567,0.0155362686870635
O80959,1,0.0147215030360826,0.0146499703228704,0.0165431789578209,0.129779229913958,0.144815472793794,0.372599153853863,0.162187187357183,0.12927651049871,0.0154277932657184
O80644,1,0.0128554724788473,0.0128220630252515,0.0142710123213277,0.138726669942328,0.15163794436586,0.350412410053378,0.167533972141826,0.138328351248464,0.013412104422717
F4IGZ2,1,0.00912223655935239,0.00908375483950644,0.0100487076715413,0.128418181176969,0.146263999317114,0.392709617512857,0.167034421239551,0.127821733928134,0.00949734775497665
O22230,1,0.0212907814166697,0.0211849664366842,0.0243331892663665,0.132856424570385,0.145239555117194,0.340496642168736,0.159732091140704,0.132450424705347,0.0224159251779145
O64882,1,0.0097860870940771,0.00973757695425122,0.0107561280747634,0.134402963329458,0.148626408191391,0.375990439173458,0.166550104997399,0.133968321198187,0.010181970987015
O80506,1,0.0267863316192132,0.0265923407871431,0.0310919513638865,0.1338396535172,0.144557322260461,0.317911911664924,0.157381818127054,0.133498358480884,0.0283403121792347
AT2G09745,1,0.0107489701007678,0.0107558846405798,0.0116540648456551,0.150402485121091,0.166273769884017,0.30497916357581,0.184170247314185,0.149872120279699,0.011143294238196
P92973,1,0.0238078006842814,0.0237664542464024,0.0272177071815257,0.136105988049962,0.146769396079823,0.321692903698086,0.159787267698574,0.135774612608206,0.0250778697531386
O22901,1,0.0154519364894419,0.0153451872884046,0.017587546494147,0.121279610097121,0.134206243017851,0.408583169214267,0.15040248293161,0.120877770701239,0.0162660537659181
Q9M0Y3,1,0.0178809180034235,0.0177653192845215,0.0203135874819109,0.131087079589986,0.145541969928134,0.355793549695168,0.162199120380207,0.130603879122171,0.0188145765144783
Q38838,1,0.00792223987716784,0.00789683820219843,0.00863368002542409,0.136711685968485,0.152124210486158,0.371139664851491,0.171124561530511,0.136228505576823,0.00821861348174256
F4JS75,1,0.00799971972990988,0.00797660691690501,0.00872865345252043,0.137499232528123,0.151130396663967,0.371912017203363,0.16933544188563,0.137114162542509,0.00830376907707233
O65405,1,0.00960710573372341,0.00957590540395498,0.0106573934877856,0.117599900465686,0.13296173355809,0.440865863988849,0.15160489258625,0.117102295969492,0.0100249088061691
Q9SUP6,1,0.0190318282014948,0.0188259137163026,0.0213333253018508,0.147276193231909,0.159305982566931,0.293860536068691,0.173516055423653,0.146893930921579,0.0199562345675893
Q9STX1,1,0.00664484374774899,0.00664743939051798,0.00717716376031916,0.151025757358689,0.165501461824039,0.32071380304411,0.184786373684515,0.150628630571773,0.00687452661828759
Q6R8G6,1,0.0081608041569839,0.00811592732443571,0.00898612331006329,0.127370181247958,0.143514922638239,0.404558504326999,0.163918440990391,0.126872005165198,0.00850309083973181
P92965,1,0.011303162308351,0.0112711329186287,0.0125734856534353,0.123298699458482,0.13885001513788,0.410754525794133,0.157353215405665,0.122787418919877,0.0118083444035487
Q9M0B9,1,0.0164640787838248,0.0163044882817436,0.0186473047672972,0.13476200032768,0.147980735397739,0.349860919091222,0.164308775241603,0.134353287979922,0.0173184101289677
Q9M095,1,0.0165759170535664,0.0164570967267336,0.018492000855356,0.144126657709822,0.158551958465512,0.310520690383467,0.174320817248273,0.143629463001107,0.0173253985561629
Q94B52,1,0.0149140784924167,0.0149136925014297,0.0167136555548557,0.134877683923496,0.148054570720403,0.355848193650752,0.164570258685452,0.134476827170013,0.0156310393011812
Q84JK2,1,0.018414424376441,0.0183647243406609,0.020711526941563,0.134551238247174,0.147905030490177,0.343517060027448,0.163146068650653,0.134102865180887,0.0192870617449957
O23203,1,0.0141016593991682,0.0140412898365801,0.0158135879714691,0.126321160240101,0.140579596055448,0.391156399991612,0.157373931566933,0.125850782896115,0.014761592042574
Q6EJ98,1,0.0147275482581784,0.014766568685529,0.0160703866343215,0.151119351736497,0.162447732754072,0.299221082811175,0.17562418682028,0.150755119949298,0.0152680223506486
Q38914,1,0.0192925235913254,0.0192575674427974,0.0214435741996809,0.145737608889594,0.159190726152338,0.295530507544772,0.17409709484135,0.14527956727289,0.0201708300652523
F4JTP5,1,0.00924169538469927,0.00922496193021604,0.0101800647855752,0.127073085587977,0.140175707399634,0.410423123491193,0.157372831203605,0.126689790280413,0.0096187399366875
O65670,1,0.0145479390081776,0.014579137335465,0.0159374093120829,0.144721119892529,0.159426693756227,0.315852244149556,0.175599563232724,0.144215116771176,0.0151207765420621
Q9SMR1,1,0.0172322709713012,0.0172193222426872,0.019047337929427,0.150520476184247,0.160347467175696,0.29421890410056,0.173193301036964,0.150249260970529,0.0179716593885883
A0A1P8AX35,2,0.214276906504975,0.187377284224865,0.254572077567897,0.0207521839206094,0.0209446524277168,0.0215491714144733,0.021134706465554,0.0207457303263233,0.238647287147586
Q9FZ21,2,0.175273849234245,0.155994009078263,0.353639193720178,0.0177431251587199,0.0180118925470435,0.019493337540047,0.0182867653186833,0.017734055602558,0.223823771800263
Q9SRX4,2,0.219221465120897,0.189864677705801,0.283450119494458,0.0109816129994208,0.0111004710106423,0.0115843528793931,0.0112130700591854,0.0109773463828044,0.251606884347397
Q5XEP9,2,0.185518164805787,0.175277606461414,0.336735294868367,0.0130650068428963,0.0132448274897594,0.0141210839592275,0.013425911584619,0.0130589056157553,0.235553198372175
Q8L730,2,0.216632989240977,0.18504466391768,0.289832044399832,0.00926997220655823,0.00936164932355636,0.00970428164289232,0.00945086402512467,0.00926680349684462,0.261436731746534
Q9ZVN4,2,0.202022821458303,0.172006728050122,0.320669305536101,0.0113485499964601,0.0114838857960125,0.0120418724272702,0.0116130095224144,0.0113437306767747,0.247470096536541
Q9LNE6,2,0.190058041084911,0.166784937001369,0.340955073565002,0.011696907545742,0.01184294150174,0.012519059354877,0.011986721417018,0.0116918338916581,0.242464484637683
Q96288,2,0.176303478576539,0.170103114413957,0.338868158134632,0.0188100727029413,0.0191036576953527,0.0210933418442838,0.0194129014526484,0.0188003046030405,0.217504970576605
Q9FPD5,2,0.193242790068546,0.172906092142666,0.28459072618364,0.0244138904810489,0.024738860831959,0.0263575038700086,0.0250634201138621,0.0244027251230309,0.224283991185238
Q9SGD2,2,0.214159189806629,0.197419191021465,0.285274736990809,0.00928344605509082,0.00940065980376767,0.00981609447914996,0.00950696131295945,0.00927907879463316,0.255860641735496
P24704,2,0.188964094984121,0.181516965646176,0.305574719859308,0.0195965062820961,0.0198923018600747,0.0215968713052154,0.0201845978079239,0.0195860752961012,0.223087866958984
Q9XFR5,2,0.166002822033208,0.159707462382614,0.350715927913226,0.021921597448497,0.0223352534475244,0.0251990549749862,0.0227679639140766,0.0219076374080661,0.209442280477801
Q9SY65,2,0.17377632573195,0.171627324258717,0.288882843457989,0.0305857908190821,0.0312271705773715,0.0353275184769158,0.0318625927587883,0.0305628873379883,0.206147546581198
Q05085,2,0.198309128112777,0.177108485885672,0.278762271900563,0.0224101274715281,0.0226681720191275,0.0236935686571001,0.0229276375453913,0.0224015300253143,0.231719078382526
Q56Y29,2,0.214414740831222,0.189160719936247,0.273530492843032,0.0153070802920369,0.0154974627987808,0.01613786161745,0.0156679282687243,0.015299913749051,0.244983799663456
Q9LQU4,2,0.213997199374137,0.186157160685779,0.272844831201593,0.0155146228757668,0.0156764152441703,0.0162391187969938,0.0158351545546333,0.0155091103707776,0.24822638689615
Q39103,2,0.164808929699887,0.160681604826318,0.354104646337533,0.021390629697775,0.021819418536799,0.0246628572760625,0.0222571452081212,0.0213757943842723,0.208898974033232
Q9M9D3,2,0.196843801840831,0.176340645731537,0.28807625012719,0.0206773064317266,0.0209386006027465,0.0221567434045698,0.0212016602158313,0.0206684615287822,0.233096530116786
Q9SHH6,2,0.164916332627319,0.151986609342821,0.394022688025296,0.0140978328889047,0.0143385434525558,0.0156551985474263,0.0145748966959904,0.0140893035078291,0.216318594911857
A0A1P8AS82,2,0.194563594793829,0.17892115045048,0.306008774788328,0.0172464596394568,0.0175005485336763,0.0186937122738681,0.0177414547826999,0.0172372161914462,0.232087088546214
F4IAQ4,2,0.168955147195052,0.168195253479022,0.315523160039125,0.0268605886692117,0.0274175647030105,0.0311984834854075,0.0279886604014976,0.0268413620854102,0.207019779942263
Q7XJ58,2,0.187342975450331,0.182658965652186,0.343904114729638,0.00733516960756705,0.00742873089643743,0.00783520451118798,0.00751950376807379,0.00733188847190938,0.248643446912669
Q8L743,2,0.16808415439377,0.157013669770047,0.366248745476331,0.0174905115947098,0.0178165433449283,0.0195826196706602,0.018133402307849,0.0174788162465236,0.218151537195181
Q67YG7,2,0.177531344400906,0.176908221185872,0.29778845878241,0.0263073462981089,0.0267631111350662,0.0297352463111469,0.0272339181549578,0.0262918948606041,0.211440458870929
Q9LDR9,2,0.200121760822319,0.21065303941577,0.265374942996801,0.018424213702276,0.0186764927222705,0.0198357797147027,0.0189196509143358,0.0184152609216211,0.229578858789904
Q9C8R4,2,0.185444951794187,0.181115939400901,0.300873704052386,0.021042890755319,0.0213918239877531,0.0232350762203676,0.0217308689865094,0.0210303991058905,0.224134345696687
Q5EAF2,2,0.204222702489109,0.186366687918334,0.268375210999694,0.0212149268717123,0.0214984219655995,0.0224896309616975,0.0217607646647053,0.0212046056991559,0.232867048429992
Q949Z1,2,0.178266284170162,0.175001175521864,0.299530606597756,0.0255520945867124,0.025975520280673,0.0286645870888012,0.0264167515229424,0.0255379131156092,0.21505506711548
Q9XIB6,2,0.171423334322769,0.15991876108094,0.322852175664327,0.0259385997172563,0.0263784399685098,0.0292608416264913,0.0268465837219995,0.0259242138985728,0.211457049999135
A0A178WA70,2,0.171197470325314,0.169436361478959,0.34724866345279,0.0185943632535364,0.0189161830538156,0.0210076700921814,0.0192493881170351,0.0185834599629902,0.215766440263378
Q9SSQ8,2,0.17068262029427,0.155283217446181,0.366819948923093,0.0170567090411001,0.0173380860239362,0.0189718134483441,0.0176237262661889,0.0170470491857011,0.219176829371184
A0A1P8AVS4,2,0.195945025748602,0.200746055841217,0.287041261282448,0.0170065249622996,0.0172264170927042,0.0184372214158817,0.0174498153057431,0.0169990731062304,0.229148605244874
A0A178WQL1,2,0.153647244610567,0.140834503440459,0.431682365520658,0.0125410163294104,0.0127520040184898,0.0139541889820006,0.0129642812948467,0.0125337260803417,0.209090669723227
AT1G08043,2,0.166554720249609,0.159864699183402,0.31083850774794,0.0305880458907217,0.0312125106816923,0.0355836821653659,0.031862214406929,0.0305668045102512,0.20292881516409
Q42588,2,0.14828952783856,0.134493528751629,0.454501406097524,0.0111392743746151,0.0113194005765733,0.012376285178517,0.0115024659951813,0.0111331040489252,0.205245007138475
A0A178WAJ6,2,0.164480982733935,0.156054662621776,0.385319486746855,0.0156950955283231,0.0159670717010078,0.0176046458620658,0.0162400114814869,0.0156856145339992,0.212952428790552
Q9XIF8,2,0.185323068979527,0.184445832405932,0.339747171984831,0.0107608640762897,0.0109063910895,0.0116074679784167,0.0110495638060404,0.0107557979099076,0.235403841769556
Q9ASZ9,2,0.158703689062651,0.149386850835982,0.432321144186727,0.00707694523503665,0.00717638976688108,0.00766182586109481,0.00727374066249046,0.00707345488032329,0.223325959508814
O22721,2,0.201263326050238,0.188429551112851,0.276337388562067,0.0201413784140376,0.0203953204485321,0.021545545191221,0.0206433455602986,0.0201325184899332,0.231111626170823
A0A1P8AR38,2,0.166821779314193,0.158828366407857,0.366030909144872,0.0182044287943983,0.0185250915355803,0.0205592919787185,0.0188559221745872,0.0181935355006603,0.213980675149133
Q9SRB0,2,0.177956888323657,0.165989034918723,0.316255777681711,0.0239970871361653,0.0244166995240252,0.026711565309566,0.0248293923446073,0.0239822751140833,0.215861279647462
Q9ZPJ8,2,0.1935337360322,0.172629287964673,0.302332531011176,0.0190175528408758,0.01926897652925,0.0203040556743209,0.0195154785431862,0.019008878722134,0.234389502682185
Q9XIQ1,2,0.154194764249124,0.143697587952418,0.425492552170757,0.0128908588406078,0.01311040589013,0.014373269026672,0.0133314115027442,0.012883262726894,0.210025887640652
O80803,2,0.193101665206236,0.168711558889791,0.311507842228577,0.0182888866617711,0.0185343955424693,0.0196492166715303,0.0187744569630046,0.0182803073409881,0.233151670495633
Q0WR90,2,0.172499411522615,0.162289739357921,0.37314672589555,0.0133955085265879,0.0135987046766158,0.0147957581610117,0.0138067010731315,0.0133886165378818,0.223078834248685
Q84WF7,2,0.171808326727915,0.166181839540706,0.346136878711876,0.0189776771003444,0.0193032725617367,0.0213195271374618,0.0196397052780082,0.0189666758697271,0.217666097072225
Q9FXE3,2,0.191822511037446,0.185984815820264,0.288619331547,0.0207133061274186,0.0210479801653005,0.0225496856136233,0.021365796426739,0.020701195888927,0.227195377373282
Q1G3X3,2,0.184439615468814,0.183828151844804,0.302228832017612,0.0207696698083786,0.0211096520327683,0.0229240185654016,0.0214421022515757,0.020757602965819,0.222500355044827
Q9S740,2,0.203647342659689,0.187791817076169,0.282278381818863,0.0174049159642962,0.0176122047006297,0.0184250261240823,0.0178158419091591,0.0173978186035117,0.237626651143601
Q9C9H5,2,0.211145128103878,0.195275528917117,0.274889186667813,0.0150479372077248,0.0152415232484924,0.016030927077035,0.0154221904072768,0.0150408738739096,0.241906704496752
Q8LFY8,2,0.16964667913629,0.156317170354753,0.344473266082764,0.0225088359995117,0.0228908916691419,0.0253907982783386,0.0232945197138532,0.0224962162028697,0.212981622562478
Q9CAI1,2,0.191598419254327,0.189884882860015,0.286453276954973,0.0205468287257077,0.020846955253223,0.0225178944324341,0.0211533412459224,0.0205366512852659,0.226461749988132
Q9S7H8,2,0.166927477691134,0.158202526529679,0.36703660375769,0.0182117500757878,0.0185492225912524,0.0205688441001722,0.0188845623269251,0.0181998489012862,0.213419164026073
Q9FRL8,2,0.161872429037817,0.148286100557117,0.406962186734477,0.0133425635703934,0.0135663129749885,0.014862904841379,0.0137889686540425,0.0133347066528634,0.213983826976922
Q9FWT2,2,0.14679351956071,0.137405555210777,0.457725254928509,0.0102339145736314,0.010400415396422,0.0113893507451167,0.0105705439687093,0.0102282400365353,0.205253205579589
Q9C9K5,2,0.19511819895835,0.200276311609788,0.263963326289827,0.0230259809567724,0.0233597361369759,0.0249200927603068,0.0236860137505524,0.0230143100301461,0.222636029507281
Q8GYB8,2,0.164180878172838,0.147212700035904,0.406025488024829,0.0125280926399059,0.0127224213002214,0.0137758808009325,0.0129164265844823,0.0125213549975091,0.218116757443377
P11832,2,0.179716572968978,0.174497632243701,0.293422257704602,0.0272141567675587,0.0276845864429449,0.0306850877595505,0.0281608632127253,0.0271978554099447,0.211420987489995
Q9C972,2,0.169886085020324,0.162039929754866,0.348163106539775,0.0200812981244071,0.020428327020946,0.0225631567916739,0.0207848865870204,0.0200695066098024,0.215983703551184
Q9LZX2,2,0.181655824605368,0.178914936716473,0.316008361627551,0.0200632706059913,0.0203921058500496,0.0222955713969952,0.020718059222058,0.0200516963521984,0.219900173623316
Q8LPF4,2,0.196571440531109,0.198964162463328,0.286961573998746,0.0170311128839945,0.0172809064520354,0.0185599209893163,0.0175211490077053,0.0170221067097963,0.230087626963969
A0A178UH50,2,0.177570178175048,0.157140976121937,0.353794326100879,0.0167061404266373,0.0169589126232115,0.0182614949251072,0.0172093738357712,0.0166973342356818,0.225661263555727
AT5G03285,2,0.175073160065313,0.159105624770708,0.348809491859521,0.0185197614359762,0.0187990841911333,0.0205118379431719,0.0190925913996409,0.01851052909643,0.221577919238106
Q5EAE9,2,0.179750298182064,0.164342205816753,0.332263954765126,0.0188673282266533,0.0191843070749329,0.0206960037566702,0.0194881099530108,0.0188559213860461,0.226551870838744
Q9LDZ0,2,0.174641198782139,0.168329026519401,0.344440324739366,0.0177458715576027,0.0180625629104259,0.0198283620545613,0.0183715667387667,0.0177345294707266,0.220846557227011
Q9LXD9,2,0.170246700167367,0.167995236545975,0.330107727337544,0.0231284423620343,0.0235874602775532,0.0265510517193781,0.0240521547185025,0.0231124385745396,0.211218788297107
Q9LX09,2,0.178488076167575,0.181258868270674,0.33441538324753,0.0159861216942513,0.016257321958777,0.0177421841817398,0.0165231188980772,0.0159764926893393,0.223352432892036
Q9LXB0,2,0.172402050977522,0.171660851181618,0.310572412685841,0.0259509921989508,0.0264817369277692,0.0298178292994107,0.027011179758415,0.0259322282841971,0.210170718686275
A0JJX5,2,0.161794119087671,0.144147654322424,0.428175177372007,0.00862998020997223,0.00875050698759997,0.00940601039934817,0.00887151064600505,0.00862582346175123,0.221599217513222
P40941,2,0.176221654297596,0.175638183208005,0.292810008838106,0.0279804670436759,0.0285535935533623,0.0320314165803976,0.0291139009746236,0.0279598144146267,0.209690961089607
Q9XIW1,2,0.209652554147879,0.207564981919252,0.259860482152888,0.0160488226901258,0.0162608783228901,0.0170525176220035,0.0164551106567989,0.0160409600561867,0.241063692431976
P13114,2,0.202450385773076,0.180585698011871,0.259964681876987,0.0247644374452434,0.0250633155487996,0.0259442085497504,0.0253413951138248,0.0247537247539616,0.231132152926487
A0A1P8BEX4,2,0.19738632366891,0.193067321493064,0.261254239415088,0.0244401508823054,0.0248462513936878,0.0267274600721886,0.0252201718987581,0.0244249195072925,0.222633161668705
Q93Z72,2,0.165436405604377,0.144811549963106,0.40082368632159,0.0130800109297161,0.0132798150829551,0.014321032621359,0.0134797514972488,0.0130731228077226,0.221694625171926
Q8GY25,2,0.181315666356983,0.179776868017897,0.307902710381819,0.021308919654143,0.0216684758022301,0.023656801656927,0.0220238739971588,0.0212962506878872,0.221050433444954
Q43314,2,0.186365052816779,0.193912825004813,0.283127845613439,0.0227789289024308,0.0231666390925722,0.0254179594591443,0.0235527479276451,0.0227653315704963,0.218912669612681
Q6J9Q2,2,0.177763664702635,0.16434184538864,0.344477206086301,0.0173542275295646,0.0176321303110733,0.0190575504693005,0.0179032253680671,0.0173443636359766,0.224125786508442
Q84VZ5,2,0.216596890257536,0.185891258984626,0.26888694343269,0.0153474687742912,0.0155052776781276,0.015951413746379,0.0156539886650813,0.015341907493034,0.250824850968235
Q8VYZ3,2,0.167213916207584,0.163326467268572,0.325509031196074,0.02638150247492,0.0269107581441362,0.0306441431549936,0.027462598178186,0.026363539085981,0.206188044289553
Q93ZH9,2,0.188064296050394,0.192638565270774,0.279453170383093,0.0233988284286266,0.0237591281241514,0.0258175551998439,0.0241270204977065,0.0233866157226698,0.219354820322741
Q8GYX2,2,0.161264558915045,0.150874243198574,0.385320782206426,0.0180027382976442,0.0183257146446545,0.0204489566560557,0.0186597759519261,0.0179917676057703,0.209111462523904
A0A384L1G6,2,0.162216813987172,0.152681659528804,0.377348339346754,0.0189614828529161,0.0193212054977223,0.0216465901955982,0.019687759685597,0.0189490497969546,0.209187099108482
Q940U3,2,0.221404235319262,0.192473314760976,0.267568663583397,0.0136930494768669,0.0138344626166148,0.0143257331745599,0.0139692662679268,0.0136880722091692,0.249043202591228
Q9FLV9,2,0.199794415925848,0.20779074591143,0.287763433669269,0.0130803664246304,0.0132459261169991,0.0140890402385158,0.0134105976960341,0.0130746374951896,0.237750836522084
F4JWS8,2,0.22550592467821,0.200275930217142,0.273812489225963,0.00887220860063539,0.00895819225607134,0.00933649480357034,0.00904288793804065,0.00886924251522803,0.255326629765139
Q94F20,2,0.16581536680128,0.144662521263587,0.418702947784463,0.00841167662051612,0.00852666841141738,0.00909329816188547,0.00864045146428547,0.00840768534382761,0.227739384148738
Q0WRB2,2,0.170586140461549,0.155646615938054,0.350954083690753,0.0209552783753584,0.0213104405561961,0.0234809290186291,0.021675850757766,0.0209432485127573,0.214447412688938
