ID,Cluster,#1,#2,#3,#4,#5,#6,#7,#8,#9
Q9SP32,1,0.0137477144461605,0.498030595741989,0.00557920377069726,0.0189461149704126,0.0142809054586334,0.120532534797588,0.00891954311696934,0.0249374214292416,0.295025966268309
Q84MC7,1,0.0181737991588962,0.382429365263378,0.00819709919164401,0.0227124300392017,0.027427943693867,0.274737364164978,0.0126446889543667,0.0508997819763637,0.202777527557305
Q6NQ63,1,0.0364901506900736,0.316427166215351,0.0143268060168236,0.0468934176276063,0.0323126860745818,0.178644991446578,0.0235661231022005,0.0536545096205512,0.297684149206234
AT1G01448,1,0.014970221176732,0.450939744846058,0.00668071909176184,0.0191046490472076,0.0216061446462304,0.239939475471331,0.010325638604355,0.039986855256952,0.196446551859371
F4HU58,1,0.0363472563608062,0.352246706594529,0.0140055934765101,0.0552879778370503,0.0273833320027263,0.145076738533002,0.0227333462690956,0.0443210482137702,0.30259800071251
A0A384KQY8,1,0.0142300542756866,0.453387275903107,0.00568381664713941,0.0198050893555292,0.0140129215627937,0.112626109026513,0.00918467722939029,0.0242626110528629,0.346807444946978
A0A178WD37,1,0.0245684716806766,0.355088486895976,0.010360193301785,0.0349065310265697,0.024540174481443,0.139761165122374,0.0162310615604817,0.0401535588918726,0.354390357038821
Q9ZWA4,1,0.0544690860588537,0.252660737480752,0.0235954867131912,0.0706241198137995,0.0501996237534325,0.182602836708354,0.0371023622068192,0.0775701027180039,0.251175644546795
Q4VCM1,1,0.0262853310699882,0.40119531279609,0.0111976035357781,0.0350537452391541,0.0294802505174938,0.230247416538674,0.017644258808665,0.0523898428592597,0.196506238634897
P93825,1,0.0174431446912025,0.436113812401536,0.00793628077444333,0.0229557262695467,0.0254007085997562,0.244098163565752,0.0120835265130439,0.0464015675686254,0.187567069616094
Q940J9,1,0.0242300232372638,0.424635461580996,0.0102961285684876,0.032478889640844,0.0270768530446767,0.223291640772738,0.0162534992369103,0.048424714645899,0.193312789272185
F4IAD5,1,0.0165991123155182,0.392642621232858,0.00670208345653139,0.0225825182780182,0.0165945480137322,0.121582409391512,0.0107778895873391,0.0283358612804607,0.38418295644403
Q9SHJ7,1,0.0322613833430908,0.33616776902328,0.0143703630951378,0.041213616547822,0.0391253621392586,0.257735930097643,0.0223892086208222,0.0697177239639719,0.187018643168974
Q8H1U4,1,0.0360609583672847,0.313548319321388,0.0162040864862458,0.0453369122020065,0.0434674191650823,0.274526547310456,0.0251928352293781,0.0773994267027201,0.168263495215439
AT1G07128,1,0.036182548595345,0.286897796920032,0.0160197055596912,0.0439085388635448,0.0466655132499897,0.248197697872697,0.0249677574844976,0.0797908041451248,0.217369637309078
Q9LML2,1,0.013312092977012,0.453092806280522,0.0056595993192093,0.0181173034487953,0.0156711731237299,0.128164673067492,0.0088813772316742,0.0273942970595556,0.32970667749201
Q9XE58,1,0.0181797351505918,0.406748395939437,0.00737578442176065,0.0248795467014092,0.0182173530102172,0.131959988762325,0.0118274148786568,0.0310612981212379,0.349750483014365
Q06548,1,0.0410166382001279,0.29858805919156,0.0179255572609015,0.0545987827292183,0.043573886154237,0.199587241129502,0.0279391993049516,0.071396893550554,0.245373742478947
Q9LQQ9,1,0.0303061624211597,0.337040542230891,0.0132660885788713,0.0405409155447522,0.0342895418491668,0.188852348285467,0.0205902635034957,0.0575303043759676,0.277583833210229
Q9SGE2,1,0.0318924557224216,0.344034635620249,0.0126774764290142,0.0409626592101931,0.0297394111046671,0.18425707450243,0.0207645383336852,0.050358729992572,0.285313019084767
O64654,1,0.0366970145079487,0.319340382340838,0.0146705365856028,0.0510654114683033,0.0309268187081888,0.155232709105456,0.0237172951948308,0.0499685315931347,0.318381300495697
Q8RXE7,1,0.0149136323422857,0.442802635175871,0.00629727394275126,0.0198426407891623,0.0179756364027413,0.156430804855901,0.00993705503232377,0.03184331512974,0.299957006329224
A0A1P8AS27,1,0.0193241638621771,0.36033735136645,0.00896727325182824,0.0250960338146923,0.0310940529817518,0.227556894280947,0.0135123276101911,0.0551356158252752,0.258976287006687
Q500V5,1,0.0456256839976557,0.327934242446723,0.016035941515881,0.0701217528409345,0.0270171885704268,0.138647098074258,0.0273877496779297,0.0436539117705648,0.303576431105627
O80531,1,0.0373670806075736,0.303809945077194,0.0164649408893694,0.0467473848768734,0.0440775659060716,0.242312371454558,0.0258496901463786,0.0757296071001882,0.207641413941793
O04486,1,0.0485803050379477,0.284391941768144,0.0212249487356348,0.0623920389118451,0.0491335283880283,0.233269158647186,0.0333373291032217,0.082282555178849,0.185388194229143
O04491,1,0.0388058094911123,0.320338496874306,0.016860433531692,0.0500589477173603,0.0411061832239797,0.226452443126187,0.0265104796572797,0.0703220530084856,0.209545153369597
A0A178WAE8,1,0.026349769031491,0.348420558377975,0.0119979303957899,0.0340493719123301,0.036818507543968,0.274674804880079,0.0183524527657888,0.0666810552106814,0.182655549881897
Q9SY74,1,0.0265004105300022,0.358174473432657,0.012121317754121,0.0347471243670719,0.0360136849820149,0.235821724445585,0.0183843433072723,0.0627829942689884,0.215453926912287
Q8RWN0,1,0.0196982471414125,0.374955674766821,0.00930184768531449,0.0256497199630843,0.032353088550145,0.267214037416418,0.0139097143732332,0.0588854300832613,0.198032240020311
F4I5X3,1,0.0410340287150984,0.313953660252992,0.0157542983695695,0.0555798349394004,0.0326102378469992,0.164625185157491,0.0259788144424795,0.0530160816853308,0.29744785859064
A0A178WJ19,1,0.0370973977445839,0.368413736507237,0.0141804150250437,0.053810541475245,0.0278178137533034,0.159587258827441,0.0233670542960895,0.0461693089188725,0.269556473452184
Q8RWZ1,1,0.0427054846329097,0.341069399344435,0.0170225003958252,0.0586861772237349,0.034376681241765,0.1880839625603,0.0277892375814577,0.0573557770220011,0.232910779997572
Q9SXB8,1,0.0244905071912517,0.320928876002505,0.0119729023420945,0.0313711892171536,0.0419196145852402,0.248822534708789,0.017680385953395,0.0729815695494232,0.229832420450147
A0A178W9F1,1,0.0324237998730918,0.303006775746767,0.0143078406723641,0.038017379490856,0.0422524002354114,0.288865666968695,0.0225865576511458,0.0761071545965986,0.18243242476507
B5TYT3,1,0.0164129197457816,0.404340046819618,0.00740016641576918,0.0210574409819684,0.0254296060851509,0.251503053853737,0.011333154913153,0.0468176402530641,0.215705970931758
O64973,1,0.0199845200660159,0.353868710400154,0.00931699552998327,0.0252803945983065,0.0325613670000237,0.259794027597603,0.0141160639823987,0.0591890612361566,0.225888859589359
Q39041,1,0.0311797336653505,0.313576906514728,0.0141149560007282,0.0398823538300362,0.0431153793040862,0.255288214885985,0.0216747910151217,0.0759531061575252,0.205214558626439
Q6NNI8,1,0.020380033799667,0.362380317371635,0.00905949029878097,0.0249451220038173,0.0297166689714093,0.316767609163357,0.0141546266712289,0.0566601949038917,0.165935936816213
Q8VZ48,1,0.0168940369702956,0.426120172452449,0.00738657921019145,0.0237788378022892,0.0203306330523988,0.144191595728581,0.0113605624663084,0.0347252625561098,0.315212319761376
F4IDW9,1,0.0389033190421578,0.301820672979239,0.0176114255318771,0.0478723427006032,0.0460248123269801,0.259338556115382,0.0273960684978407,0.0803362336372087,0.180696569168711
Q93ZY7,1,0.0376044860300761,0.285257677616891,0.0172141826803156,0.0478393820050548,0.0494929855527399,0.229569347832026,0.0261946790682705,0.0820721965072632,0.224755062707363
F4HNZ9,1,0.020719333676493,0.409455246223464,0.00904103336981165,0.0290415052284655,0.0240378491731696,0.160856370007233,0.0139352379426004,0.0408133252316535,0.29210009914711
Q9FX63,1,0.0297816411881763,0.312021295529941,0.0138504318578295,0.0372397479700725,0.0430717462531706,0.270951029883913,0.0211943708713762,0.0770709367306566,0.194818799714864
Q9FX59,1,0.0158578754487058,0.51858944465876,0.00643049743584239,0.0226265623007435,0.0158572297734217,0.130374503128596,0.0102839767124009,0.0277055709278534,0.252274339613676
Q9XI90,1,0.0225511659703641,0.371174539422186,0.00962396726353698,0.0281849298974197,0.0282513022356568,0.229999607674548,0.015256624321306,0.0507197626631234,0.244238100551859
Q3YL57,1,0.0314999628156769,0.350512170975989,0.012207299008061,0.0451254158009205,0.0252384045106947,0.140687481724441,0.0198454745459828,0.0412605378198315,0.333623252798403
Q8L836,1,0.0145966632793853,0.435378059150057,0.00601527336286831,0.0208326589135824,0.0148206609086118,0.107259943551351,0.00950541828691425,0.0250697053160297,0.3665216172312
Q38909,1,0.0337550258644702,0.332520215850471,0.0134690095907853,0.0463884588965666,0.029656409497461,0.162207164341624,0.0219103651924292,0.0490305613803402,0.311062789385853
Q9LQT8,1,0.0256208755058894,0.37701926300333,0.0114482923165849,0.0337282116841012,0.0333646470405265,0.253702839479421,0.0176398720892723,0.0597978362284388,0.187678162652436
Q940G8,1,0.016933103917504,0.462865395333352,0.00697854078103718,0.0219693466889119,0.0188647267814983,0.175296045541525,0.0112043608591426,0.0338479850089065,0.252040495088122
F4I7L1,1,0.0320708094005663,0.354661663685482,0.0124938874716228,0.0480275727554179,0.0250388705089037,0.136868895427747,0.0202477084315459,0.0405697499639976,0.330020842354717
Q9LNP6,1,0.0208985293394737,0.350053110341654,0.00988290346718253,0.0263675049902233,0.0347610836019663,0.293092725397918,0.0148576113735151,0.0638684762774447,0.186218055210622
Q6NNH6,1,0.0233711354455374,0.334631547120077,0.0112807290540806,0.0297805204253473,0.0399119308342748,0.285931939485649,0.0167045971891655,0.0714684833787204,0.186919117067148
Q9LN61,1,0.0406112186114021,0.336171097950005,0.0164115002665456,0.056343034731293,0.0350035109710812,0.190711841779975,0.0264594828122847,0.0582188653298881,0.240069447547526
Q9FXG6,1,0.0177666080740544,0.407674073224155,0.00799073960014784,0.0235638692615733,0.025108827237311,0.197824052760898,0.0122210341246149,0.0445175844112875,0.263333211305958
Q0WSY2,1,0.024669683854708,0.353756343880891,0.0103985036584101,0.0318936605098783,0.0287808212346462,0.194275922740871,0.0164697954424728,0.0497164771690269,0.290038791509096
A0A178WQC8,1,0.022839281209691,0.451311458893279,0.00894614396440844,0.0329460331203919,0.0197788353353618,0.140809654078916,0.0145452825430587,0.0338408250058205,0.274982485849073
O49596,1,0.0226569203775879,0.389401671510286,0.00891992885798596,0.0303963721696541,0.0213312245476697,0.15135751228198,0.0145304675868851,0.0365203331804444,0.324885569487507
Q8W5R6,1,0.0139432560114078,0.49768588886758,0.00599320313151909,0.0185623420570695,0.0176522852079819,0.171696921034673,0.00937104518367577,0.0317221916568634,0.233372866849229
Q8VY80,1,0.0530713639840615,0.275718817968308,0.0203095146406364,0.0671974384319926,0.041018997846524,0.183059822546263,0.0339866607997404,0.0663146015992425,0.259322782183232
A0A178WBU6,1,0.0282375561216112,0.366372423530012,0.0120504334046687,0.0382981105524832,0.0308255448039111,0.188006471982854,0.0188722903925164,0.0524606361668274,0.264876533045116
Q9C6K9,1,0.0148265104973387,0.38880069772601,0.00631060505442812,0.0202335293978251,0.0176939251177681,0.131276740351409,0.00986634834143107,0.0304838230861941,0.380507820427595
Q6DYE4,1,0.0394024270679587,0.348806004018181,0.0158566687712222,0.0550031120443095,0.0338135000314707,0.188491737414292,0.0255016954737787,0.056372855750288,0.236751999428499
Q9C670,1,0.0193166911807554,0.380070364360579,0.00909783003750731,0.0250846763093512,0.0316318918491695,0.265978730376884,0.0136058082261783,0.057311377249968,0.197902630409608
Q9LFY3,1,0.0232229827394383,0.33844198054348,0.0108194807667953,0.0306103351219566,0.0354671662091723,0.218009895478675,0.0162162803753491,0.0610779864797431,0.266133892285391
Q9FZK0,1,0.0390152783391809,0.305079502006858,0.0178810513737463,0.0521328218557407,0.045479327894123,0.210456985107695,0.0271634385301621,0.0738640739712437,0.22892752092125
Q6NPW5,1,0.0171652441857688,0.491646841989461,0.00690358490548109,0.0246894883405255,0.0161939168027282,0.124153429309844,0.0110741530321308,0.0278602494402025,0.280313091993858
Q9S808,1,0.0157217471726904,0.456238528907242,0.00675799000246038,0.0212493401055997,0.0191197044479276,0.160182018387956,0.010548236094125,0.0337607779619493,0.276421656920049
Q9SGN7,1,0.0320126195629259,0.329674009679351,0.0142349995087731,0.0404300866087444,0.0396651452237941,0.267769937055283,0.0221094216817784,0.0705266643531924,0.183577116326158
P68350,1,0.0178761905815356,0.424766817874518,0.00787207568192843,0.024088176499155,0.0233037942746069,0.1855030751442,0.0121247917517468,0.0410731604168936,0.263391917775415
Q9FXF2,1,0.0385195770355316,0.328162271745018,0.0154698403500317,0.0563923551926543,0.0322417425964969,0.158047823943356,0.0246784601060281,0.0518290418072609,0.294658887223623
A0A1P8ANI0,1,0.0265961145451996,0.347920162966922,0.0121452746531144,0.0335944965910358,0.0360112302328712,0.260539866190283,0.0187185721661672,0.0647989039828757,0.199675378671531
Q9C758,1,0.043843245367143,0.288164860346291,0.0192982664728012,0.0565426621653166,0.0481671613247087,0.224041412198841,0.0300525978846752,0.0800148513150513,0.209874942925172
Q9SY30,1,0.0463812734087645,0.285421894625292,0.0208653804969918,0.0596618413230294,0.0494099814885461,0.22707089245066,0.032430035613879,0.0819800702061966,0.196778630386641
Q9C6S7,1,0.0302078902447816,0.37644899563119,0.0128203124254716,0.0402182732559338,0.0325059514400377,0.231887988379281,0.020287907419094,0.057214778810659,0.198407902393551
F4HR91,1,0.0327283795758107,0.287563769257078,0.0154522315170212,0.0404397980703163,0.0490943745849974,0.266916398603714,0.0234260885757,0.0857983917019124,0.19858056811345
Q0WLY0,1,0.023109461548795,0.440403789011181,0.00925676367964373,0.0333610251442907,0.0211060831128704,0.146109962576238,0.0148770971834295,0.0359847353517722,0.275791082391779
Q9C7I8,1,0.0275470494056151,0.37119435223628,0.0112169716200496,0.038846358443829,0.0256588372192972,0.154090750985869,0.0179558464511346,0.043090416691389,0.310399416946536
Q9SDS8,1,0.0404345863807105,0.302679729208174,0.0169154089864166,0.0498213621897966,0.0397377639558948,0.212677142612962,0.0273325451947138,0.0667158451681873,0.243685616303145
F4I9G5,1,0.0141359673862794,0.501792212143436,0.00605006700354483,0.0186873358571147,0.0175776983632317,0.173045145928032,0.00949141823516995,0.0315510530480023,0.227669102035189
Q3ECY6,1,0.0271649742690171,0.361602289502903,0.0110485369543787,0.0354817235850429,0.0277635835197238,0.184559125673902,0.0178496205946505,0.0479137569695372,0.286616388930845
Q9C6B2,1,0.0388052374669186,0.374371146411804,0.0145560656491926,0.0549555109094366,0.0285032594948163,0.17343673780217,0.0243000558432514,0.0480086181395239,0.243063368282887
Q0WPY0,1,0.0401839966174988,0.317595462571875,0.0175706816946269,0.0532761799395769,0.0420057049828968,0.214623797047858,0.0274490353806763,0.0703957459867849,0.216899395778207
Q9C5W0,1,0.0267440363709217,0.371505245489574,0.0109794712261493,0.0330889748940176,0.0288320693205613,0.227311862863242,0.0178232633922712,0.0514378701675702,0.232277206275692
A0A178WB45,1,0.0248449633076416,0.371507411697561,0.0110634114816789,0.0317479798278942,0.0322307546734024,0.284455862846663,0.0172410301097743,0.0596139329880415,0.167294653067344
Q8GXH8,1,0.0382382651010423,0.359090533784323,0.0140578985745091,0.0569821094334215,0.0264702204771999,0.148001357269332,0.0234265144222195,0.0435006653085897,0.290232435629364
Q9FR53,1,0.0188305544765534,0.350675163364983,0.00846632489811604,0.0229335510711885,0.0295974197815596,0.322441322862697,0.013118225013492,0.0562778873014738,0.177659551229937
Q9C6J9,1,0.0470096846588369,0.324091886092767,0.0183492929726605,0.0669876214938459,0.0353825436020534,0.178049614823562,0.0301116604232039,0.0578515847528756,0.242166111180195
Q9SYC9,1,0.0197567246792981,0.405343347864307,0.00860672095505843,0.0260515660664592,0.0248586238491639,0.192903316185105,0.0134229121931781,0.0438815383354115,0.265175249872018
F4IB81,1,0.0182194779352164,0.430664559271115,0.00815192575271572,0.0242680648784596,0.0252472955196798,0.22558066049111,0.012523390450845,0.0456300768682546,0.209714548832604
Q9ZU11,1,0.0188618534366869,0.448484509872573,0.0078004628035642,0.0239197123065322,0.0218123043836806,0.222818076548291,0.0125321776922592,0.0400142097096407,0.203756693246772
Q9C820,1,0.0474678281341922,0.301233036762984,0.0199795932201377,0.0600902514625173,0.044171240472255,0.240935197400891,0.0321911710076733,0.0759517670896335,0.177979914449716
Q9SSQ9,1,0.0348409749948342,0.300486228750621,0.0159627812661799,0.0448338295588245,0.0439020695455251,0.214687127869335,0.0243931854706393,0.0728049572965566,0.248088845247484
Q94BM7,1,0.0366159853833899,0.313127372710607,0.0150479482853608,0.0509022173890284,0.0336775968359841,0.164185103061895,0.0240022289430387,0.0545384937536524,0.307903053637044
A0A178WMQ3,1,0.0357131771953303,0.325361210040879,0.0159015086989497,0.0492911038897218,0.0391262128818275,0.190240275160741,0.024333142355506,0.0636141362463503,0.256419233530694
A0A1P8AUH6,1,0.040682528098713,0.313295305584435,0.0165618770305873,0.0598544562609477,0.0325552718647542,0.150357283479392,0.0263992715065662,0.051586153726494,0.308707852448111
Q0WQM8,1,0.0226017854019477,0.35396067052311,0.0102523316859094,0.0280157466438533,0.032702724077106,0.260216118886946,0.0157748524913976,0.0588068278355152,0.217668942454215
Q9ASW8,1,0.015463219543494,0.457276849848546,0.00705922431595429,0.0203585763366016,0.0230142396581818,0.238975257004032,0.0107415855011918,0.0423925731079951,0.184718474684004
A0A1P8AWH6,1,0.0359045236526918,0.368517226073836,0.0139607827733057,0.0505765562836849,0.0297271025251264,0.180142743078195,0.022844140389874,0.0501423392299087,0.248184585993378
Q9FXB5,1,0.0357696108865477,0.280321319803473,0.0172990690452077,0.0453670842186988,0.0531959064086206,0.225957670343301,0.0255180741645655,0.0860727310138457,0.23049853411574
Q9ASS7,1,0.0447587495800208,0.285794733872043,0.0182675801930282,0.0522044681828941,0.0437880404816501,0.233471178865272,0.0300565413725849,0.0747247823177802,0.216933925134726
Q9C646,1,0.0141662679912619,0.448872439692576,0.00653186839527232,0.0187663792317702,0.0225371608928168,0.221137599498459,0.00984970285506657,0.0411274686651803,0.217011112777597
Q9XIF4,1,0.0185031605304897,0.396037471677636,0.00810110236926557,0.0257918045460338,0.0229665014099677,0.156954114371984,0.0124340117229921,0.0391853729654249,0.320026460406206
Q9ZWS9,1,0.0386885306184761,0.316563661290741,0.0169421710453334,0.0515204543074262,0.0415589967555698,0.215948565280924,0.0263060170346423,0.0692920491469952,0.223179554519893
A0A178W2T9,1,0.0378405470864308,0.318627688595862,0.015361020172754,0.0487712182015405,0.0354135719745888,0.189425247052564,0.024928590753953,0.0590657706990105,0.270566345463297
O64789,1,0.0369423004697964,0.345819969110354,0.0133481863329029,0.0585208496141622,0.0237451662529296,0.12554430491019,0.0222946788865466,0.038198599862727,0.335585944560392
Q9LQ15,1,0.0345292632826689,0.308598710856034,0.0163170748021938,0.0465099932168624,0.0452406256952364,0.20523770317397,0.0242393620900378,0.0729792955120165,0.24634797137098
Q9C8T4,1,0.0332427276262982,0.339995776886474,0.0131607474138653,0.0500735037585765,0.0267557422259961,0.138943646597536,0.0211237800136679,0.0431968085073756,0.33350726697021
Q945L3,1,0.0319148960893741,0.362962363653148,0.0129402909208383,0.0407528913479905,0.0321059643458848,0.224776317472857,0.0210074081652427,0.0566078001583023,0.216932067846363
AT1G08697,1,0.0285677987378107,0.318643592001758,0.0132059649241174,0.035080365703212,0.0411057127203782,0.277338150644664,0.0201681002813135,0.0728592575479668,0.19303105743878
Q9XIS1,1,0.0289594807156933,0.359658814899929,0.0125794698417382,0.0379637001621785,0.0349651993239306,0.251631140326437,0.019681410199581,0.0626483802004875,0.191912404330024
Q42472,1,0.0193529952343124,0.38341904333903,0.00788026428278461,0.0261870885710092,0.0202297110838324,0.14400331093526,0.0126377186557113,0.0347881096211718,0.351501758276887
F4HQ07,1,0.032080175229103,0.297069228797469,0.014155488973852,0.0382032371075917,0.042916660416923,0.269433077761771,0.0222223472314949,0.0760514500084531,0.207868334473342
Q766Z3,1,0.0149581735158157,0.393968374698341,0.00649469265682111,0.0208431899436739,0.0176838061384389,0.122539380945452,0.0100300431524752,0.0299184788312776,0.383563860117704
Q94AH8,1,0.0160113410188713,0.449502175452365,0.00702304725579958,0.0212995824218757,0.0206247326697033,0.173674652435962,0.0108860729117,0.0364792377215258,0.264499158112197
Q94JW8,1,0.0153277249038743,0.441717647861709,0.00640549449433014,0.0217619385807406,0.0165929131380752,0.12329768184368,0.0100520363356987,0.0283844348040297,0.336460128037862
F4I0M4,1,0.0173896950111,0.444333668160454,0.00738327946401605,0.0228402829794413,0.0202290847835377,0.172314643776075,0.0116850004649206,0.0357277571544269,0.268096588206028
Q9S764,1,0.0288317067740408,0.290019427304701,0.0141307590407371,0.0361872856421408,0.0505281120449441,0.273403106987801,0.0209223291414676,0.0887892092348781,0.19718806382929
Q9C9I3,1,0.0236854253529318,0.363679698486886,0.00963915391100837,0.0327584516807028,0.0233024768607916,0.146241030406018,0.0154473259136286,0.0393007489032582,0.345945688484775
Q9M9H6,1,0.0375944105680155,0.284294912911484,0.0164649657088951,0.0441932671338534,0.0458863853567173,0.249587505676823,0.0260840605800799,0.0790777380067097,0.216816754057422
F4IBN6,1,0.0245811390898825,0.301967427992669,0.0122778025256996,0.0307262685332492,0.0474303963577623,0.29328311370906,0.0178897628245931,0.0844059876658339,0.18743810130125
Q9LDV4,1,0.0268536926263748,0.416194950461277,0.0107513571059965,0.0381754805939254,0.0247973980268074,0.169767336348261,0.0173026375893118,0.0424728929169971,0.253684254331049
A0MFS9,1,0.0186841750520968,0.397782562420585,0.00857516404700965,0.0241472792508194,0.0285590954633721,0.284250279299383,0.0130289912781157,0.0530739485560906,0.171898504632528
O49213,1,0.0197317445350714,0.40919462553825,0.00804045864568753,0.0272021869691953,0.0201522843725,0.147201175410766,0.0128661802517153,0.0346585719965133,0.320952772280301
Q9CAU4,1,0.0221635429460912,0.370953820933339,0.00972627000664873,0.0278804761709689,0.0297842944583814,0.247648023643547,0.0151616139779305,0.0537644122928064,0.222917545570287
Q9C9T8,1,0.0232503964052359,0.380012346398839,0.00917243847805793,0.0317498203100357,0.0220735191951647,0.147991326688452,0.0148790047942173,0.0374809241279517,0.333390223602046
Q9C911,1,0.0168116206498038,0.406870679506894,0.00660973339695674,0.0253541937683241,0.0145338890611375,0.09593979593208,0.0106436034599939,0.0242685417366455,0.398967942488164
Q8L518,1,0.0126096302304189,0.543428491671223,0.00510748222607071,0.0169411412908197,0.0134839060454165,0.130276328338839,0.00821846624912414,0.0241225632161753,0.245811990731912
Q8S307,1,0.0185172259580218,0.425931341464772,0.00797970687464976,0.025166658223347,0.0230700762958253,0.179237772800735,0.0123954845754807,0.0404402494999678,0.267261484307201
Q94JR9,1,0.0220550762288475,0.383537033575435,0.00952059278541653,0.0275424870398879,0.0281654917394752,0.245598604142553,0.0150058306697342,0.0508366379131022,0.217738245905549
Q700C2,1,0.0126384328274886,0.484867916795647,0.00563270231015028,0.0166988183226642,0.0179570939262815,0.177621172267372,0.00864837002996166,0.0323988211037757,0.243536672416659
Q9C9J8,1,0.0374882340981318,0.283586937892603,0.0181801396127065,0.0478396865728489,0.0520616507270472,0.220201085692881,0.0269991815429934,0.0838827875631404,0.229760296297648
Q9SRE5,1,0.0234082643842585,0.427104593018163,0.00919436278194775,0.0345882096195806,0.0200702772352958,0.132400625712197,0.0148582804758555,0.0337732875840741,0.304602099188628
Q84WW6,1,0.0153954137808557,0.429211904885567,0.00624413642485272,0.0222570663441709,0.0148443475133254,0.106154391997514,0.00996194492683172,0.0251500078429182,0.370780786283965
O49285,1,0.0172458064927351,0.334902187357388,0.00817651507248547,0.0212534634755919,0.0322636235313939,0.328236021145664,0.0123102973318671,0.0614510753953259,0.184161010197548
F4I5J7,1,0.0396636697214117,0.339185859888976,0.0164301562808306,0.0513159142154788,0.0371109514038496,0.226664551351058,0.026466506154603,0.0640460823646486,0.199116308619144
Q9C9S1,1,0.028622813081698,0.386940230097261,0.0117464701588757,0.0378965851640618,0.0284241956105713,0.193466743069123,0.0188590051615746,0.048973977914569,0.245069979742266
Q8LBV4,1,0.0210571313453155,0.404156747157888,0.00837631146253087,0.0290075237515909,0.0201064817221189,0.141365562419991,0.0135759807655189,0.0344418180353106,0.327912443339736
Q9ZV88,1,0.0359780994229662,0.376887829106043,0.0136006398249326,0.0524113294279553,0.0270306505122757,0.162099529837227,0.0225086977745614,0.0451822199220399,0.264301004171999
P0C8Y0,1,0.0365082184898721,0.341221861758737,0.0157410614879011,0.0493490941196567,0.0380162054054391,0.214514123131692,0.0246255378169988,0.0643413736896361,0.215682524100067
F4IDI6,1,0.0311258645785268,0.326302219740254,0.0131049380640637,0.0375858418685873,0.0366374753623781,0.261459651227659,0.0210541521148516,0.0655219894831969,0.207207867560482
Q9SAL0,1,0.0314094567896335,0.329685652557373,0.013063424403427,0.0388015983620987,0.0340509027198983,0.215291738502712,0.0210072936894122,0.0586162078973223,0.258073725078123
P46607,1,0.0406548362955546,0.304602919621673,0.0162650116694818,0.0559536404488175,0.0353816098957519,0.170789829421265,0.0262220484746139,0.0571942937227151,0.292935810450127
Q0V7U7,1,0.0232016730460701,0.415156185233632,0.00970734324126452,0.0323276656503636,0.023937878439099,0.162019436508273,0.0153014548711093,0.0408646267097541,0.277483736300434
Q42563,1,0.0289091927602829,0.354318390186135,0.0126502973508777,0.0366791570781521,0.0350898465342632,0.282326372502028,0.0198747172408251,0.0642893009355318,0.165862725411903
Q9SSC0,1,0.0172520646417446,0.4118003782421,0.00767123828233255,0.0222726406981403,0.0237538800420868,0.203466783948612,0.0118604100318561,0.042384714581455,0.259537889531672
Q9M8M1,1,0.0244889962796339,0.416725697617515,0.00959311257969577,0.035746044151342,0.0209286952638665,0.138431280595251,0.015610490465688,0.0354161948866151,0.303059488160392
Q3EC97,1,0.0272391601510081,0.377654428952296,0.0111811021675425,0.0344010640107102,0.0283266066131245,0.214019769885969,0.0181238548807149,0.0498109153027783,0.239243098035857
Q8S4F6,1,0.0298119868919565,0.286133339834512,0.0138412100504341,0.0361493255367934,0.0475555490127088,0.280820514033941,0.0210723030910917,0.0842124919759808,0.200403279572582
A0A1P8BGL4,1,0.0212057432253685,0.333509384953268,0.00963422397052883,0.0255862853266625,0.0333811093852674,0.317570594352969,0.0148868345890275,0.0625831067316714,0.181642717465237
Q9LZM3,1,0.0344391070194319,0.319011080420289,0.0155851563199652,0.0463328118503402,0.0384805884814764,0.185888282153789,0.023750836661444,0.0620552459922488,0.274456891101015
Q5E913,1,0.0405841115901781,0.304149076813999,0.0180929588291849,0.0515547124854428,0.0457780749502118,0.254674833640652,0.0281722943167618,0.079306669168179,0.177687268205391
Q9LYZ7,1,0.0378350822798318,0.31465963258366,0.0150295212261529,0.0471942564880888,0.0344641058766301,0.192728184768725,0.0246822638122273,0.0576219663551068,0.275784986609577
A0A178UP55,1,0.0357228103576634,0.333685501254262,0.0158768170577866,0.0481801434973174,0.039374479629124,0.211393227173721,0.0244817705326233,0.065492888632043,0.225792361865459
Q9LZD0,1,0.0450786560223482,0.265103633567603,0.0196420084362758,0.0543222760744198,0.0513588650026922,0.22292435399846,0.0310334903875413,0.0848301934132898,0.225706523097371
Q9LZA6,1,0.0313398213567326,0.326326873012346,0.0129030667495944,0.0401931704090621,0.0314845230055034,0.181408703268339,0.0207741000679215,0.0527117525011652,0.302857989629336
A0A178UN81,1,0.0345585251472638,0.32096428059713,0.0152260029249669,0.0477674906092346,0.0377750841101457,0.182707533723773,0.0232690398783208,0.0606993910741918,0.277032651934974
Q9LZ25,1,0.0393272845437316,0.30102142215737,0.0160212051533337,0.049431497775659,0.0380612378207888,0.198825272847757,0.02595925773061,0.0633350405188058,0.268017781451944
AT5G05435,1,0.0363014276783151,0.303764526586844,0.0151667641761338,0.0463723170799227,0.0363412487855562,0.186225549282543,0.0242621939064609,0.0600291267417654,0.291536845762459
Q8LFU0,1,0.0241302234256195,0.405000235066146,0.0102381939376877,0.0325034307198911,0.0260103260587856,0.184594961864535,0.0161603449400945,0.04497119388378,0.25639109010346
Q9FG09,1,0.0255080070234028,0.303983235288993,0.0118257768932341,0.0307097196529971,0.0410354589292071,0.300447324969581,0.0181553929560946,0.0758537616035792,0.192481322682912
P46665,1,0.0423382105443145,0.289303391013536,0.0192386789761762,0.0588191247801333,0.0452936117937927,0.181495393760085,0.0290582097517589,0.0702864336006948,0.264166945779508
Q9FG24,1,0.0248251152251294,0.352580963639696,0.0109642329523875,0.0305794582257008,0.0333928241089832,0.276513588037654,0.0171050630585906,0.0604495507071538,0.193589204044705
Q9FL59,1,0.0194445066023661,0.414519578640511,0.00820092233960709,0.0268177569761513,0.0211564967248859,0.149503760136662,0.0128679686038154,0.0360335732211421,0.31145543675486
Q8L5A7,1,0.0186370462078497,0.435254281851085,0.00795974333969636,0.0252653484332803,0.0213091568854651,0.163167786823835,0.012460816674886,0.0370108307673992,0.278934989016504
Q9LYQ8,1,0.0423651449852001,0.308302105657099,0.0165520221677139,0.0519955721797153,0.0367825681245851,0.204173136797842,0.0275280418705672,0.0619359713927608,0.250365436824517
Q1PDZ3,1,0.0292871526486422,0.331811363476431,0.0131293378794348,0.0400367331117343,0.0355197348193328,0.186129636016853,0.0199122723747774,0.0582709316385871,0.285902838034207
Q9FT97,1,0.0298493452623408,0.306701671746947,0.0134270887387997,0.0380657653228213,0.0390348392435848,0.209344443865007,0.0206926992438462,0.0658899604626715,0.276994186113982
F4KB17,1,0.0313296819730411,0.394433151796488,0.0124677313074523,0.0447180274965711,0.0266875035858797,0.166470538733362,0.0202035165646941,0.0449201223583475,0.258769726184164
Q9FNN6,1,0.0164659747289298,0.441544828384759,0.00668172284969302,0.0223739928003927,0.0171291578133735,0.134699287216649,0.0107199689034816,0.0297242012144417,0.32066086608828
F4KCH0,1,0.0297640208493204,0.387170665194494,0.0114007742373356,0.0443630966885141,0.022544079546702,0.134284152362279,0.0186638357400073,0.0371183981073283,0.314690977274019
Q9FIB8,1,0.0262938158828484,0.400800332057283,0.0113082984092677,0.0357362640480129,0.0288810059110444,0.197819798077619,0.0176594032718761,0.0498201696433044,0.231680912698744
F4KFG5,1,0.0286505790385221,0.345003324569601,0.0119422181483993,0.038879438875579,0.0300651633698005,0.175631898056661,0.0188075538285123,0.050090811932363,0.300929012180562
Q9LM02,1,0.0346706270884639,0.374564893878101,0.0132251729242215,0.0520186279091876,0.026154201503426,0.149624259682089,0.0216516183227156,0.0430426303508075,0.285047968340988
Q9FFY9,1,0.0177810605711236,0.364102327613539,0.00827658774735747,0.0223990610664339,0.0300428966440765,0.278384901228517,0.0125257993949003,0.0556373922821983,0.210849973451854
A0A178UAM1,1,0.0186345078500193,0.334598686235073,0.00863624603121351,0.0227348909428668,0.0322178461075691,0.32839665523138,0.0131692593300159,0.0610713569933187,0.180540551278544
Q94A15,1,0.033051565486662,0.366863897820988,0.0127016445737755,0.0495007544307615,0.0245361875281684,0.137353361033013,0.0207606007369703,0.0400061007256781,0.315225887663983
Q9M7J9,1,0.0141577919561633,0.445653942653266,0.00584887085701978,0.0196086225436853,0.0149312717071723,0.115500994598777,0.0092902789886267,0.0257063255859168,0.349301901109373
A0A384KL52,1,0.0218508431049474,0.353423606002826,0.0104970990342359,0.0282175740655929,0.0364087838470233,0.256155880043683,0.0155867221966342,0.0644233640028235,0.213436127702234
Q9LF10,1,0.0273735813917816,0.338397819065353,0.0129312482165599,0.0364802370483719,0.0392507883459372,0.21831498083327,0.0192892835294653,0.0660843737712504,0.24187768779801
Q9FN75,1,0.0368689883855412,0.345809409975596,0.0137074550472923,0.0565652682684936,0.025654995873023,0.136544763187181,0.0226222344194834,0.0415593904953275,0.320667494348062
F4JY12,1,0.0151283385533086,0.454631758472596,0.00643903963854501,0.0202728502758445,0.0185371973717491,0.158998795593545,0.01007941698078,0.0327744010571072,0.283138202056525
Q8W4J2,1,0.015361597392391,0.416151094034887,0.00724982691803528,0.0199778068344188,0.0259539103887867,0.253644472030528,0.0108576273923181,0.0477704958438144,0.20303316916482
Q6NM33,1,0.0296736999429591,0.366972163009249,0.0114050577443463,0.044233364670178,0.0232143409032879,0.134591988645496,0.0185756965500712,0.03801340315769,0.333320285376723
O82730,1,0.0364206889135907,0.25847339480651,0.0173652796335815,0.0437271059548496,0.0579607585961457,0.251582728105803,0.0261595340616181,0.0973812521063184,0.210929257821583
Q9FNI7,1,0.0162674599327538,0.49602488570507,0.00665567836916793,0.0229362207030457,0.0166744181793318,0.135461265020722,0.0105900758102986,0.0290334400114094,0.266356556268201
Q9XER9,1,0.0256500324535932,0.366405140255693,0.00947935250627817,0.0349572776693603,0.0201056730420529,0.132145548754264,0.0159166917659292,0.0339099202016084,0.361430363351221
Q9FLV6,1,0.0337308947097289,0.288776111261602,0.0161084780748184,0.0431288103804911,0.0516712250965687,0.241955406037348,0.0240005015548331,0.0870930325847798,0.213535540299831
Q9FLU3,1,0.0255930884109875,0.408613607173514,0.0109617943412351,0.0341634826318283,0.0288120470049376,0.224996557939454,0.0172191358916445,0.0510776165957231,0.198562670010676
P69781,1,0.0194544297250065,0.439678303856375,0.00798198646735696,0.0266309181118129,0.0195453297878853,0.148212502653226,0.0127643876828757,0.033649069694851,0.29208307202061
Q944K3,1,0.0333834361459505,0.286818642173794,0.0152451400731421,0.0420340783318329,0.0466338993996772,0.225286335000009,0.0232544444856804,0.077861644844401,0.249482379545513
Q949Z2,1,0.0259371453092466,0.361942827426684,0.0102339439445048,0.0344498491814084,0.0243117936408678,0.160762304069369,0.0166971987112333,0.0412420615325038,0.324422876184182
F4K199,1,0.0316043632318214,0.364216802389168,0.0132639592093866,0.0438122984137293,0.0307453350236021,0.179015911329138,0.020985110451465,0.0516423812363774,0.264713838715313
O81635,1,0.0175451298831764,0.463343279402295,0.00764182257211023,0.0240450405683798,0.0216853111935792,0.180834076321811,0.0118222558098802,0.0382666159035699,0.234816468345199
Q94CC1,1,0.0170524919952758,0.437891548785404,0.00733274612550418,0.0227100060628681,0.0210028004208105,0.171873420751283,0.0114401837766002,0.0367890658864524,0.273907736195802
Q93WU6,1,0.0343985779127529,0.343410812784516,0.0146828623246766,0.0483802542134056,0.0350414910768275,0.188209383672174,0.0229151411230816,0.0578329415910818,0.255128535301484
A0A178U7N3,1,0.0182547861391136,0.397704053408906,0.00850164896169016,0.0244762435780011,0.0278775001836993,0.207332807130005,0.0127574306522011,0.0490029969825638,0.25409253296382
Q9C5U2,1,0.0172635830943608,0.419684457749112,0.0074832658421752,0.0220859343104577,0.0227480060668809,0.207070050373764,0.0117249836630335,0.0409931177649688,0.250946601135246
Q56W59,1,0.0258582077384198,0.412189981952869,0.0106427903263477,0.0365217651374372,0.025137234221879,0.166115018706279,0.0169026607514367,0.0427927953414397,0.263839545823892
Q9FG61,1,0.0251167809857245,0.37473538498853,0.0103519709748905,0.0319906600038541,0.0273087098163461,0.20194751605196,0.0166338474854244,0.0476217425191785,0.264293387174091
Q9FF28,1,0.0340765112132614,0.335819145626305,0.0140333422890043,0.0431696615957513,0.0332789856942952,0.202678277914753,0.0227168337974887,0.0566110672229916,0.25761617464615
Q67XT1,1,0.0225102859307199,0.384299347945312,0.00874513349599918,0.0342378501414224,0.0180948937946304,0.110220367180784,0.014172073720589,0.0298111503154375,0.377908897475105
Q9FMB6,1,0.0243164571758704,0.409528212250499,0.00934429097334058,0.0337586973978283,0.020064683561358,0.137788079255819,0.0153884534833423,0.0338329074026901,0.315978218499253
F4KFY5,1,0.0230938850387643,0.343490858597535,0.0106682882003422,0.028481737621464,0.034864090821897,0.310130420045076,0.0163350763907222,0.0645074487143798,0.16842819456982
Q500Z7,1,0.0399565804472774,0.340013865476853,0.0160830964581539,0.0560198150679431,0.0329730210517396,0.177552328687309,0.0260123547855616,0.0543905521663481,0.256998385858814
Q9FKS4,1,0.0230718935463988,0.38260552729652,0.0104993688146299,0.0299274248789408,0.0317258136251133,0.259433157676557,0.0161152998435602,0.0576599580818649,0.188961556236415
Q9FKR7,1,0.0246126489465073,0.368472576275826,0.0102285458485349,0.0355905847439932,0.023136605696065,0.134161020035028,0.016092081924251,0.037881231874273,0.349824704655522
Q66GQ2,1,0.018646293063804,0.392694822338923,0.00876587909278376,0.0247686587415045,0.0298031285169157,0.229520017781467,0.0130967275640202,0.0529456141447121,0.22975885875587
Q9FHZ2,1,0.0234625176073999,0.415635247983885,0.00915715769389925,0.0319946887140999,0.0205313920882089,0.147881533357684,0.0150414021915691,0.0350566245120678,0.301239435851187
A0A1P8BC49,1,0.0374976867873705,0.304506410309001,0.0168442975408289,0.0470231765041602,0.044989629922925,0.267451342630163,0.0261823315523202,0.0789177038914189,0.176587420861812
A0A178U6D3,1,0.0125604510342341,0.524977260823042,0.00545307113852309,0.017120371169886,0.016206210091075,0.158017785529928,0.00846065998055165,0.0291125437408301,0.228091646491931
Q84JM3,1,0.0351047712992715,0.301283200149179,0.0152553040311514,0.0437461846105697,0.0419766288327957,0.228370886115024,0.0239845186308877,0.0713991586891151,0.238879347642005
Q9XGM3,1,0.0239635546546165,0.34108632199016,0.0102391038230438,0.0315759858117189,0.0280843562803099,0.174880253943113,0.0160837037126733,0.0477414947607819,0.326345225023583
F4KEM1,1,0.0209804951892925,0.330718724857146,0.010158228698667,0.0270211533708169,0.0389993110601145,0.278671070793965,0.0149980188832107,0.0705160232671515,0.207936973879636
F4JYJ3,1,0.0345701078543799,0.314515298592585,0.0150632219556643,0.0428177112158593,0.0410343477707862,0.258879070874222,0.0238319451698566,0.0722270364562553,0.197061260110391
Q39183,1,0.0210539609259013,0.392893594480169,0.00793228359924165,0.032540698563673,0.0161202384502335,0.101205968474015,0.0130211294708054,0.0267130141956249,0.388519111840336
Q9FJL4,1,0.0211560241176484,0.375131929509884,0.00935609882507594,0.0264252338408613,0.0291418078301072,0.287157836656322,0.0146113357320647,0.0542204233621679,0.182799310125869
Q93WF1,1,0.0257502393666485,0.403132361495721,0.0102812049778576,0.0371317455215296,0.0228689683010574,0.148124991035715,0.0165664879471693,0.0384054337720978,0.297738567582204
Q9FJ08,1,0.0429208167023421,0.321827548351335,0.0173396245331983,0.0573637183698748,0.0376232073373805,0.202833680971586,0.0281467404183633,0.0627028836243636,0.229241779691557
Q683G3,1,0.0264981685135513,0.334053875072016,0.012480054407563,0.0335384287433703,0.0399320027715657,0.289002706912857,0.0188058560146952,0.0722073068321548,0.173481600732227
Q9FI43,1,0.0253085069111671,0.304549647450352,0.0119368917689835,0.0309643720026815,0.042654853388265,0.303359738914606,0.0179749672224241,0.0775095165964917,0.185741505745029
F4KBW6,1,0.0326241782340758,0.377308888880364,0.011949675442464,0.0505621432315178,0.0222572215433661,0.12830934879056,0.0198967698911624,0.0364593937397158,0.320632380246774
Q8VYR9,1,0.016768057480391,0.385109541013423,0.00793774824077462,0.0213740502171024,0.0284981164544281,0.31279571022003,0.0119355658054537,0.0540588282921141,0.161522382276283
F4KHN5,1,0.0204776977261139,0.350875023818359,0.00971024291412124,0.0264793659309923,0.0353028179914281,0.269108407156576,0.0144948730877482,0.0640561911966611,0.209495380178
