ID,Cluster,#1,#2,#3,#4,#5,#6,#7,#8,#9
Q9SP32,1,0.502454144261891,0.114425088701541,0.0257240886971146,0.00900803923377868,0.296223343752219,0.0140054749449699,0.00552512250047296,0.0189022517428434,0.0137324461651686
F4HU58,1,0.352781752078797,0.141337250590184,0.0456979197050032,0.0230586226203669,0.304221465283455,0.027016685799888,0.0139308032125189,0.055383744051376,0.0365717566584106
A0A384KQY8,1,0.459073036834142,0.106641480870728,0.0249369108278108,0.00925774005469116,0.346921656028932,0.0137014804968809,0.00561167038982508,0.0197055238232934,0.014150500673697
A0A178WD37,1,0.358007901586001,0.135027188886527,0.041328594868381,0.016413792625811,0.355251039598893,0.0241625007922105,0.0102874672997377,0.0349009241241667,0.0246205902182723
F4IAD5,1,0.398843027603691,0.115457183182868,0.0291176174004544,0.0108691859439451,0.383828242119677,0.0162507860416382,0.00662310975607183,0.0224881031611586,0.0165227447904962
Q9LML2,1,0.458418258021275,0.121624509376568,0.0282311146236184,0.00895805767584379,0.330470081847711,0.0153550435688133,0.00560193325657496,0.0180612800309431,0.0132797215986517
Q9XE58,1,0.412133730466083,0.125731668636374,0.0319700654633111,0.0119445784873096,0.350095517556119,0.0178720903416492,0.00730141407680885,0.0248160199500121,0.0181349150223336
O64654,1,0.321682705692547,0.150738300937396,0.0514243298259338,0.0240323793064261,0.319150467332341,0.0304883747921696,0.0145757389058701,0.0511136465475122,0.0367940566598044
Q500V5,1,0.328744255694616,0.135036125029133,0.0449706192046262,0.0278328700164182,0.304820591514603,0.0266337889598656,0.0159346483370772,0.070230301538017,0.0457967997056449
Q8VZ48,1,0.428023780262929,0.138976094756347,0.0359231788605094,0.0115108246356033,0.317396574586171,0.0200316107316518,0.00735209673433017,0.0238268264228169,0.0169590130096414
Q3YL57,1,0.352801234611599,0.136224804939812,0.0424927214755069,0.0201049520546327,0.334645156843352,0.0248649902008253,0.0121229658093067,0.04514606727503,0.0315971067899348
Q8L836,1,0.439742674951489,0.102212783124476,0.0257547376173331,0.00957639778267325,0.366949810185725,0.0145178444742861,0.00594643793917347,0.0207411516678583,0.0145581622569858
F4I7L1,1,0.356426973090562,0.132743675523502,0.0417734978658821,0.0205182715158894,0.331209833675108,0.0246758872739425,0.0124119519741279,0.0480603710596841,0.032179538021303
O49596,1,0.394032434521598,0.144846647284769,0.0376935670659907,0.014727328306666,0.325827592747789,0.020977923786341,0.00885136481691799,0.0304044032101443,0.0226387382597843
Q9C6K9,1,0.39474980985294,0.124880487799821,0.0313762010969029,0.00995578671827856,0.380501080011407,0.0173436344098701,0.00624620018158202,0.0201733267319072,0.0147734731972918
Q9C7I8,1,0.372635036346815,0.149465076285324,0.0445219493235746,0.0182189589192221,0.312122828348349,0.0252898978182619,0.0111612869305912,0.0389323868248184,0.0276525792030438
A0A1P8AUH6,1,0.31425882541447,0.146835923860274,0.053059200458173,0.0267393907812044,0.309731328003629,0.0321104033508219,0.0164671605180844,0.0599150745673326,0.0408826930460108
Q9XIF4,1,0.398672483111412,0.151368906475623,0.0405144378055647,0.0126010541488503,0.321764321850817,0.0226255906734078,0.00806126952154666,0.0258415367688641,0.0185503996439141
O64789,1,0.347176563561331,0.121875868641853,0.0393081461323393,0.0226009367106437,0.33674986114703,0.0233965684348144,0.0132523728650918,0.0585321743607614,0.0371075081461359
Q9C8T4,1,0.341177690853247,0.135188155078734,0.0444851056155578,0.0214102631454322,0.334777479944386,0.0263732106942345,0.0130822978962461,0.0501256402307878,0.0333801565413756
Q42472,1,0.388589976752901,0.137528400429724,0.0358699321744804,0.0127872856206421,0.352067775193005,0.0198666636562771,0.00781226749362696,0.0261620303343465,0.0193156683449962
Q766Z3,1,0.39862824882919,0.117096911603519,0.0307706855845448,0.010113238936833,0.383898925149156,0.0173471460261047,0.00643149978348023,0.0207814125810845,0.0149319315060874
Q94JW8,1,0.444834398292443,0.118027839867142,0.0292822222417105,0.0101645587648425,0.337958117099289,0.0163017800625436,0.00635495782741305,0.0217443247895793,0.0153318010550361
Q9C9I3,1,0.367301338631991,0.140770860150427,0.0405224409627338,0.0156469537681153,0.346810945132862,0.0229224023705408,0.0095694372545318,0.0327669339246907,0.0236886878041077
O49213,1,0.412928215600689,0.141099107555162,0.0358095686776856,0.0130440563482489,0.322352695849388,0.0198225109315239,0.00798633681218022,0.0272261966153814,0.019731311609741
Q9C9T8,1,0.384249739239947,0.141897047158539,0.0386601476433032,0.0150680684452708,0.334308008368798,0.0217096544063675,0.00910048345769101,0.0317482163942031,0.0232586348858805
Q9C911,1,0.409428814591684,0.0920083445356638,0.0249441361243866,0.0107439841146025,0.400006056818732,0.01425413929778,0.00654167292235316,0.025273562605735,0.0167992889890629
Q9SRE5,1,0.427526869327043,0.128163617860736,0.0349434937076844,0.015085448529432,0.30709596366553,0.0197971649369263,0.00915370025571702,0.034683274549289,0.0235504671676422
Q84WW6,1,0.432550993726508,0.101450570627368,0.0258746332872139,0.0100559343574765,0.371773771738211,0.0145542069086067,0.00618061267714745,0.0221908205442961,0.0153684561331726
Q8LBV4,1,0.408122939811309,0.135421679718867,0.0355404320292151,0.0137457438075397,0.329034695776925,0.0197633757803043,0.00831007355390768,0.0289999322003013,0.0210611273216317
Q9M8M1,1,0.417463581989305,0.133969814210036,0.0366502275132526,0.0158579560921655,0.305412251425735,0.0206363000874087,0.00954997433493149,0.0358493737450554,0.0246105206021105
Q9FL59,1,0.417829034299859,0.143621844825245,0.0372221177326264,0.013031965759773,0.312987496243415,0.0208305486494848,0.0081504470320249,0.0268432788709909,0.0194832665865813
Q9FNN6,1,0.446717914712744,0.128062315544257,0.0306489809506104,0.0108281112558422,0.321547463320913,0.0168048069708359,0.00661742281787156,0.0223264401813687,0.016446544245557
F4KCH0,1,0.388192164993473,0.130161111157982,0.0383015048422922,0.0189322782953344,0.316511040910816,0.0222258986488301,0.0113353397960327,0.0444302082201376,0.0299104531351014
Q94A15,1,0.367759468605836,0.133427316327492,0.0412524478827475,0.0210539653744794,0.316886932347717,0.0241941652596126,0.0126288690835557,0.0495698775759979,0.0332269575425617
Q9M7J9,1,0.451063110728874,0.109625761751123,0.0264233423707832,0.00935829916225299,0.349519440772248,0.0146126923024094,0.00577894485734705,0.0195158566747872,0.014102551380175
Q9FN75,1,0.346782909745926,0.132809335951653,0.042819921373526,0.0229560922772768,0.322048890627113,0.0252917670968964,0.0136234188013525,0.0566371084423983,0.0370305556838587
Q6NM33,1,0.368718672208738,0.130334819927489,0.0391762187112416,0.0188373947277496,0.334695804024463,0.0228715683332278,0.0113308777155481,0.04427601750173,0.0297586268498123
Q9XER9,1,0.371178626902104,0.126471335646998,0.0349078905474774,0.0161209153189457,0.361684219044581,0.0197466575796433,0.009388297859026,0.0349123812050597,0.0255896758961653
Q949Z2,1,0.366360510719968,0.154294969814361,0.042568508596574,0.0169395783765165,0.325331067530165,0.023932359710016,0.010162645971161,0.0344880454552507,0.0259223138259876
Q67XT1,1,0.38627557416163,0.106300730612525,0.0306806163177073,0.0143384204992659,0.379190147726566,0.0177906607097685,0.00867347326516624,0.0342017635095252,0.0225486131978461
Q9FMB6,1,0.412636928960614,0.132304924783332,0.0349131724495916,0.0155970520640997,0.317398649252826,0.0197460151180741,0.00927571603052898,0.0337735036968235,0.0243540376441095
Q9FKR7,1,0.370732171848279,0.129763862186887,0.0390086859764355,0.0162815982177853,0.350993754535296,0.0227852449804074,0.0101600693133808,0.0355941989413301,0.0246804140001992
Q9FHZ2,1,0.419046162667041,0.141846000107354,0.036226555994357,0.0152601383920753,0.302786846251633,0.020211526301726,0.00909672978411875,0.0320354939772887,0.0234905465244065
Q9XGM3,1,0.345125415700358,0.168475686933391,0.0493075602338517,0.0163085832223918,0.327326533509698,0.0276649643313731,0.0101813454437082,0.0316320766525568,0.023977833972672
Q39183,1,0.395044182040417,0.0973763991858029,0.0274763621778291,0.0131682658948343,0.389701462402382,0.0158310129222415,0.00785831000073773,0.0324766724261596,0.0210673329495957
F4KBW6,1,0.378080960881948,0.124487162751727,0.0376027982722973,0.0201899227004942,0.322404952564795,0.0219387475692168,0.0118761299771946,0.05062493932151,0.0327943859608164
Q9FN37,1,0.392990547220533,0.139577088708104,0.0401912073951278,0.016515231821055,0.315406339191594,0.0230126779334019,0.0101975965291942,0.0368440285815996,0.0252652826193914
F4K0A6,1,0.400864683553367,0.107292051336512,0.0282741873127397,0.0102279724650202,0.393592245598138,0.0160480366420049,0.00639066743625947,0.0218380054730366,0.0154721501829218
Q9FKT4,1,0.426473382727233,0.103109695254199,0.0244216666630443,0.00772063077009196,0.392623691653595,0.0134224321079848,0.00484760539854604,0.0158942743570092,0.0114866210682963
Q8RWS9,1,0.471174430479094,0.0860220074175225,0.0195306884782949,0.00667982301128277,0.377607400247174,0.0107147800193358,0.00412179957553691,0.0140244766494672,0.0101245941222923
Q944C2,1,0.384572397830242,0.120882936222122,0.0331576836313403,0.0138095937773495,0.368492641359727,0.0189456894545095,0.00835184660006732,0.030269639071682,0.0215175720529599
O65573,1,0.451928059294852,0.0840244765174481,0.0203886864796651,0.00718612439694028,0.394076611892466,0.0114047033016563,0.004493114186527,0.015621482172014,0.0108767417584309
Q8L7L8,1,0.361477726498132,0.140673048468056,0.0430105153174832,0.0165259890970444,0.34318560617542,0.0250036119298938,0.0103844475928661,0.0349446313090383,0.0247944236120656
Q9LSS3,1,0.390513586237133,0.141558623242716,0.0400946144012212,0.015357751643651,0.324132955483361,0.0227784199328095,0.00951345822264113,0.0326758535448629,0.0233747372916037
Q9FFQ2,1,0.406055590846873,0.115842916967177,0.0298074014590707,0.0127934697550304,0.362808387962704,0.0167464717131848,0.00757594545271697,0.0282315322578974,0.0201382835853459
Q9LSR7,1,0.353123587968105,0.153820683422845,0.0461214564889532,0.0166605623586507,0.335683957360251,0.0265590365091419,0.0105128897327138,0.0330030346894084,0.0245147914699319
Q9FH57,1,0.359911093032545,0.129002193058934,0.0406307929960016,0.0215886447365682,0.325555970201516,0.0239626026060577,0.0128560218398361,0.0520508170513643,0.0344418644771771
Q8LFD1,1,0.367545546120698,0.13460908595403,0.0413323777079353,0.0166784739314446,0.343220812680146,0.0241411590092189,0.0104697024872319,0.0368215459545453,0.0251812961547501
Q9M8K5,1,0.438239215648195,0.139616450419035,0.0347627708626423,0.0109761034151339,0.311514001342052,0.0192723202096354,0.00698619937252257,0.022426376380971,0.0162065623498132
F4JAU2,1,0.456678638635489,0.0735411043523326,0.0169023265412871,0.00566616202099278,0.413711190749408,0.00933908758047263,0.00353417099029364,0.0120739572294592,0.00855336190026476
Q9SFU6,1,0.563805140648628,0.0802382579001614,0.0169323970683444,0.00557632498714409,0.300546597236186,0.00917431273550014,0.00345354068993615,0.0118357153568804,0.00843771337721964
Q9SFB6,1,0.530435918435089,0.093463332317735,0.0199188904369253,0.00669741194835286,0.310456304236187,0.010773123878746,0.00411604379951593,0.0140026491910842,0.0101363257563645
Q8W4B2,1,0.329726631266362,0.143288258965144,0.0462460948521073,0.0234828340092248,0.327373359171611,0.0271496655843092,0.0137545156254327,0.051512038650286,0.0374666018755231
A0A178VHE9,1,0.492059059842208,0.109705160018248,0.0241639758997423,0.00847411437823222,0.31706896148313,0.0130542249675004,0.00514101352534205,0.0174424780694849,0.0128910118161115
Q9LHI7,1,0.485907083190157,0.0809551438691261,0.0194205310485056,0.00713080127195309,0.364732176697732,0.010812232224122,0.0044188310986195,0.0157570365894165,0.0108661640103684
Q24JJ8,1,0.369081037420276,0.124098039171543,0.036979140784601,0.0147722060245489,0.368495756007542,0.0214878054677288,0.00922784144079244,0.033316807660058,0.0225413660229102
O04313,1,0.404675250567834,0.150169749535873,0.037796727873794,0.013142288495742,0.319523839096187,0.0206386344063852,0.00803965267366771,0.026306443645776,0.019707413704741
Q6DR24,1,0.353082767752161,0.150740254704696,0.0483636644547566,0.0201914401217651,0.312377895868878,0.0285756645798302,0.0127015918545807,0.043515703376871,0.0304510172864617
Q9SDL7,1,0.330840468793841,0.160019341621956,0.0511222698977427,0.0212233129109148,0.317753319778029,0.0297406795340504,0.0130156456968928,0.0440854960322077,0.0321994657343656
A0A1I9LQ11,1,0.33994261624952,0.158839166624094,0.0495453970007162,0.018264754995915,0.330088258313109,0.0286450223181375,0.0114240615303383,0.0362589456011378,0.0269917773670314
A0A1I9LPU2,1,0.331012586437648,0.152607374443125,0.0521462450552099,0.0207563966279622,0.324032823503349,0.031334284115714,0.013295978722881,0.0439118049555792,0.0309025061385321
Q9SCR0,1,0.408741160411572,0.145165889373922,0.0379191040269235,0.0128291630740924,0.321166069693367,0.0209062975551807,0.00799573338280543,0.0261941373507155,0.0190824451314222
Q6Q1P4,1,0.387478569868704,0.118157639962735,0.0326502543157087,0.0109033187212622,0.386084172233692,0.018633314841325,0.00698640293484377,0.0229672129518663,0.0161391141698639
Q9M2R0,1,0.381870271894296,0.142745043087878,0.0393470811076411,0.0171976511951407,0.322780032786964,0.0222847733229763,0.0101891858293841,0.0366676616294592,0.0269182991462601
Q9LYS6,1,0.383389563246571,0.132165463809177,0.0394401933219661,0.019543945084239,0.313134076947843,0.0229416829007522,0.0117080257671055,0.0465730445301482,0.0311040043921982
O49840,1,0.341335617981005,0.143877886592075,0.0430460999343266,0.0201640420167576,0.34064249322406,0.0247008443779497,0.0117816293360806,0.0427226775794331,0.0317287089583136
Q1PF83,1,0.323782672864405,0.152000916253384,0.0513169707464966,0.0234490703034916,0.317768189612106,0.0303335463114146,0.0142790487380843,0.051248679442593,0.0358209057280242
F4IPJ1,1,0.441604803077551,0.145783395879458,0.0327408161817492,0.00963469389477447,0.313524165362536,0.0176024786280976,0.00604242112766318,0.0188817060763478,0.0141855197718226
O80462,1,0.534777106311961,0.0937293929185457,0.0199885218009722,0.00678916698927567,0.305320238594866,0.0107971904764207,0.00415790232441718,0.0141370694239126,0.0103034111596286
F4ISL7,1,0.433204913827486,0.132158996015217,0.0336327157233825,0.0119151031380467,0.320154581333214,0.018712650445269,0.00739163866578452,0.0248482056117101,0.0179811952398903
O64851,1,0.382661527927397,0.148017659594661,0.038961141405046,0.0140469040376604,0.337301331660287,0.0216709504765092,0.00860249556866226,0.0277918509669932,0.020946138362784
Q7XZS3,1,0.339208045787915,0.153099162884651,0.0475150639565512,0.0223971352687608,0.316888262211732,0.0274349123094422,0.0132763778366789,0.0457381136222538,0.034442926122016
O22812,1,0.376324366618441,0.148495677580507,0.0429590235496594,0.013532873216793,0.338302505450842,0.0243406101006504,0.00871732175490664,0.0275590355808148,0.0197685861473858
O23661,1,0.487557125783695,0.110653637957822,0.0258549956039765,0.00938063629277639,0.312392909198718,0.0141914164867057,0.00573861713623978,0.0199006141129271,0.01433004742714
F4IIU4,1,0.466841536168703,0.125963552764278,0.029885143519259,0.00928528598485685,0.312600424172898,0.0163997091134207,0.00589284615292636,0.0193510168524779,0.01378048527118
Q8S8F2,1,0.404927671119418,0.121595104247203,0.0344764103873093,0.0168207677244512,0.326246199215974,0.0197831997158951,0.0100062763503466,0.0395393909043306,0.0266049803350719
Q8GWK2,1,0.439507987535433,0.101399968791707,0.0263210870716054,0.00981694909383113,0.365189487240495,0.0148901872056719,0.00612849754483126,0.0218024504488301,0.0149433850675943
P93756,1,0.337077406871484,0.134352464531065,0.0443515339471043,0.0267154142134186,0.304501931894304,0.0262594687386574,0.0154299035305872,0.0675721157536918,0.0437397605196876
C0Z2Z6,1,0.391414168886425,0.12968078422058,0.0347137482817499,0.0131615708185844,0.356227331163882,0.0195896803343204,0.00809661000457041,0.0271890184581163,0.0199270878317717
Q8GYY5,1,0.376658267276325,0.13453268526459,0.0373222153886343,0.0135841770528681,0.360142438341045,0.0209534813639784,0.00838256621314245,0.0280304288492484,0.0203937402501683
Q8GZA1,1,0.396155726614492,0.117919031319463,0.0321149792040086,0.0122034617190964,0.370584556504104,0.0182432467697662,0.00756283936020834,0.0266274057934457,0.0185887527154145
Q9ZQX8,1,0.398099590452186,0.11429686432078,0.0310397830137575,0.0121203308607976,0.374099187284134,0.0176240029673639,0.00747476479723509,0.0266505374568807,0.018594938846865
O82504,1,0.362547760301672,0.117102097553007,0.035851551726049,0.0183745684042619,0.359631433075604,0.0210562494282412,0.0109408746655046,0.0451701093541945,0.0293253554914662
Q39025,1,0.369172671301524,0.135438438506042,0.0384484534933101,0.0183364299520498,0.337746126822927,0.0218932543413544,0.0107001232131847,0.0393507220466337,0.0289137803229754
Q9T051,1,0.412291179088979,0.123791543315508,0.031895827384964,0.0116171802301797,0.353553978885407,0.0179268185393616,0.0071980334040495,0.0241788137502345,0.0175466254013166
Q944R1,1,0.355849490371586,0.141678522609049,0.0432340113646351,0.0164310439719501,0.347823716935708,0.0251807512396645,0.0103830504853198,0.0348062976733867,0.0246131153487012
Q8GY55,1,0.374928176432284,0.123807223843897,0.037116992857671,0.0178566879335364,0.342946090249143,0.0216337970506669,0.0107681165586329,0.0427080299980127,0.0282348850761566
Q9M0M2,1,0.420493992425017,0.0986362697185708,0.024986557631355,0.0109712196770885,0.382561465478435,0.0140921985471427,0.00650767544903661,0.0244976355925291,0.0172529854808252
F4JRJ6,1,0.342557759876394,0.130631446495158,0.0424107824483673,0.0251514880530276,0.312483271981695,0.0250802985616505,0.0145379498949227,0.0655252021870618,0.0416218005017232
Q8L4C7,1,0.388120201976034,0.135143223903681,0.0393747672807102,0.0189234377518437,0.311141531773711,0.0226012592005705,0.0112971615951552,0.0437272786446521,0.0296711378736426
Q93WV0,1,0.437461957944352,0.108907575549677,0.0264644291489118,0.00820587953029728,0.369917697345078,0.0146485943635003,0.00521492816969529,0.0170213371069345,0.0121576008415536
Q8VYT3,1,0.425229273235985,0.129336800856934,0.034546072476666,0.0128172468174053,0.323865647433706,0.0195043774800274,0.00801163236959719,0.0273765210557538,0.0193124282739259
Q9SMY8,1,0.446854323011576,0.0624283763822864,0.0145050229715177,0.00572826351407239,0.437337719625688,0.00807025036836473,0.00345538012065181,0.0127120358925192,0.00890862811332323
O23188,1,0.370683118320039,0.1581952184191,0.0446659029033702,0.0128304657344632,0.336667901311182,0.0250369643833751,0.00833573717876243,0.0251381004405498,0.0184465913091577
Q9LNJ9,1,0.409858124512192,0.0828854441170468,0.0218071785363549,0.00931825239679631,0.42142710218635,0.0123812354397183,0.00563470703181863,0.022049995953605,0.0146379598261184
Q39013,1,0.248699082774273,0.0998292758322902,0.039166116349897,0.0240806641347702,0.447743033418693,0.0249616741322971,0.0145665678679709,0.0623187108661072,0.0386348746237008
Q9LQ83,1,0.220895261522225,0.0748568069511879,0.0275854127048943,0.0175324821900111,0.554278601846194,0.0173435876807553,0.0104044283145737,0.048309399177144,0.0287940196130148
Q9LQ73,1,0.189143771067271,0.0605781072249871,0.0215570041259099,0.0121705051568266,0.644691127203543,0.0134033378016288,0.00730690207590608,0.031534550969193,0.0196146943747351
Q9LQ72,1,0.264457955855427,0.0762856994871159,0.0244789912231717,0.0116487439922219,0.554253156950491,0.0147690870538916,0.00713999477755314,0.0285258584318729,0.0184405122282546
F4HVV7,1,0.12861676462703,0.0277629735295354,0.00825210828812007,0.00384170326281945,0.808852944773405,0.00488887361678373,0.00232622134141808,0.00936158571438495,0.00609682484650307
F4HVW5,1,0.167544019823708,0.0488315164751155,0.0167652262356868,0.00941531188911303,0.701585038852284,0.0103433645972387,0.00562983932734037,0.0245875275415917,0.0152981552579217
P23686,1,0.236805406724167,0.0934611375174552,0.035401687026483,0.0221830714131221,0.483595621730174,0.022186534546419,0.0129763673777434,0.0570307210943735,0.0363594525700625
Q8GWK1,1,0.301486206800542,0.116094924313115,0.0374595575705155,0.0176726604674017,0.42852355899299,0.0221263815191117,0.0105865755328144,0.0386307071210073,0.0274194276825021
F4HZ99,1,0.313860789732636,0.0546175026444871,0.0139351850976338,0.00563580087880622,0.579081747808747,0.0079049456055981,0.00342166427041757,0.0127715295521049,0.00877083440956927
F4HZB2,1,0.237036147974172,0.086887821514185,0.0312964038897141,0.017928266343027,0.52276178216046,0.0193724347228331,0.0106136716412359,0.0450765712956622,0.0290269004587106
Q9ZVT9,1,0.238575197792604,0.112660925886784,0.0464523825081606,0.0303740768503921,0.399635391802742,0.0298161062640517,0.0179143411127175,0.0753509997744506,0.0492205780080973
Q9LR65,1,0.350399676044222,0.0979893007252496,0.0291505318943718,0.0121622672773309,0.438743033151807,0.0170622299971083,0.00755418197687044,0.0282030981104963,0.0187356808225431
Q8GWN1,1,0.211628544615904,0.0688712637863921,0.0247337196182952,0.0134513226059079,0.601320402390064,0.015417513296862,0.00821474112285114,0.0349073180456222,0.021455174518101
A8MQL1,1,0.195026182082974,0.0663220726749298,0.0250235748041365,0.0165466738251217,0.596904852104715,0.015941593349813,0.00980824017683882,0.0469376682420371,0.0274891427394348
Q9ZVP0,1,0.273755100582679,0.102415897619624,0.0353659320641075,0.0210868101227549,0.447395027937212,0.0215423937826619,0.0122038888115384,0.0518576913969768,0.0343772576824454
Q8H102,1,0.252258733088092,0.0799930373804453,0.0271542881150562,0.0130517299352235,0.550208309451193,0.0165244293326347,0.00802909423062712,0.0322281305813517,0.020552247885377
P0CB22,1,0.253693451677763,0.0904082249159645,0.0331133286141767,0.0168836649350514,0.506312477529693,0.0207266804469784,0.0105396875535254,0.0419215572942725,0.0264009270325754
Q9MA39,1,0.308058918365629,0.109387528610835,0.0375355952256599,0.0210214530368596,0.399820055012722,0.0226995309397775,0.0125103002612014,0.0547518162217749,0.0342148023255416
Q8L829,1,0.33051727648274,0.0621013095223564,0.0158158605594583,0.00574562505353669,0.551931521373725,0.00893556648886623,0.00356517899508069,0.0126222392344679,0.00876542228976864
Q9LNC4,1,0.191451199125209,0.059665790432283,0.0214772638786869,0.0124642621019207,0.639917629302972,0.0134893528348449,0.00754403042247254,0.0337333706964094,0.0202571012052018
Q39012,1,0.242967793658477,0.0802410414630519,0.0293590121700022,0.0186392076280735,0.515086449400507,0.0184671404210803,0.011133003026779,0.0532687555974671,0.0308375966345619
Q9SHJ3,1,0.358021478149303,0.108357089054306,0.0327556993692425,0.0169699288610239,0.384674192249221,0.0193409456780001,0.0100935174099736,0.042368854036467,0.0274182951924633
Q84MB3,1,0.298228471983091,0.113472892950554,0.0399719666586792,0.0232032940808674,0.387001174845995,0.0244527717899131,0.0137798159432921,0.0617564769343897,0.0381331348132186
Q8RXL8,1,0.257989650847463,0.0709300638585021,0.0229725295679643,0.0117464825454851,0.566153757487349,0.0138967339562652,0.00713119345532924,0.0303679443017139,0.0188116439799286
Q93VP4,1,0.198616757059144,0.046329992443127,0.0141956514082347,0.00696346111877115,0.692777487669805,0.0084802098968331,0.00421886311929932,0.0173441072804168,0.011073470004369
A0A1P8APF4,1,0.228103539248283,0.0632901451766273,0.0203230925990656,0.00990177082916108,0.6202957504164,0.0121899686196165,0.00601013736735431,0.024223299847233,0.0156622958962592
Q9LNX4,1,0.277701307782586,0.135022223267909,0.0502886859157181,0.0291780142692458,0.347312252406896,0.0306652600620754,0.0169295087399234,0.066289721154316,0.0466130264013293
Q3EDH0,1,0.212930073248166,0.0687113371870074,0.0239857408239642,0.0137012535932709,0.599707429916538,0.0147989542915262,0.00813789556827777,0.0357302149007557,0.0222971004704937
AT1G07728,1,0.265655876845425,0.0674713284001134,0.0199597731009936,0.00900814760902896,0.585129630589154,0.0117278014247491,0.00544513307595926,0.0213736641015974,0.0142286448529793
Q9SGE0,1,0.204196760914208,0.0666417674557352,0.0247579984351172,0.0164931628429446,0.584926208890493,0.0156761773502508,0.00973078814252148,0.0497908079744379,0.0277863279942913
Q9FPR3,1,0.238207102399478,0.0932617360003914,0.0348392747820731,0.0217801715108416,0.4874240316928,0.0217997680357393,0.0127308292563575,0.0544653928136434,0.0354916935086756
A0A178WNN3,1,0.348497842225081,0.118113084280674,0.037715175965458,0.0214238927268828,0.348780747191341,0.0223832904605147,0.0125841307366833,0.0555099062704319,0.0349919301429333
F4HZD1,1,0.272702620094605,0.0889554257026494,0.0307370501691854,0.018320542520549,0.480349630814861,0.018864196908204,0.0107958734532494,0.048991990898216,0.0302826694384797
Q94AC1,1,0.323962554339752,0.102983664975949,0.0332955580688279,0.0164385177158607,0.426381511181066,0.0200490260928155,0.0100682108602994,0.0407862089807678,0.0260347477846624
F4I2M8,1,0.337194626479758,0.091344102634944,0.0269113391681795,0.0126126495927475,0.45883323711154,0.0158031135643169,0.00760919013126601,0.0297272972427537,0.0199644440744942
P49294,1,0.309361128136777,0.110433176508843,0.0344599689712546,0.0163361473212123,0.437485372302033,0.0201477809034013,0.00967523149888497,0.0364052292565007,0.0256959651010937
A8MRZ8,1,0.208195060895945,0.0567716272918379,0.0189289041441832,0.0109248489639991,0.639601604010005,0.0115965611295725,0.00649208057031453,0.0295758808175667,0.0179134321765757
Q9XIK6,1,0.388209860731026,0.0967499201339676,0.0275934222531129,0.0132108106925266,0.396802633001505,0.0160531614033728,0.00795373893581114,0.0324061714887837,0.0210202813598944
P92998,1,0.341072062554011,0.130642439605855,0.0391114196542299,0.0167251369788558,0.377636761229998,0.0225476374911916,0.0100662457125531,0.0363436678145442,0.0258546289587609
O04083,1,0.285296201676409,0.0862153230874354,0.0281376314342833,0.0163057207972669,0.487971804250173,0.0169382175933978,0.00955263367896065,0.0428360645591932,0.0267464029228815
Q9LPZ4,1,0.195490270340388,0.0508246856428223,0.0164588903949889,0.00808218285028087,0.681046731864665,0.00996175746863399,0.00494006463013224,0.0203806985582616,0.0128147182498268
Q1JPL7,1,0.278531517515203,0.117607879297599,0.043160486423083,0.0260313627152389,0.38377772364894,0.0266375591915733,0.0152925964891368,0.066447489242834,0.0425133854763913
Q9FWW2,1,0.203032017400583,0.0705196381365556,0.0270334661894852,0.0170376289327215,0.578802362169795,0.0172936557654203,0.0102732744521524,0.0480978386084656,0.0279101183448211
P60838,1,0.274494533566664,0.0732080764330433,0.0226974321289123,0.0106196575510924,0.556203703300409,0.0134709924155442,0.00645070059311267,0.025992000724154,0.0168629032870682
Q9C5X3,1,0.301582779715658,0.0968810440774654,0.0293712531014527,0.0141040653257728,0.478176769178533,0.017235501086357,0.00836229628772087,0.0319935631496402,0.0222927280774002
Q9FZ06,1,0.404677053890499,0.102426639190662,0.0252862044971364,0.00796751756422255,0.41239109291376,0.0140435533502368,0.00504821158792344,0.016375928323465,0.0117837986820948
A0A178WB67,1,0.278847257188293,0.111800734117942,0.0382816554382729,0.0183215437339136,0.449811742220216,0.0230620418464511,0.0110527331199488,0.0403919251644532,0.0284303671705092
A0A178WE53,1,0.306830118381248,0.0790043349797161,0.0224653123105456,0.00902016194101342,0.530132602599319,0.0129732358216589,0.005541774011871,0.020132065088588,0.01390039486604
Q9SAF2,1,0.237149294177915,0.0642670857601708,0.0194591525049466,0.00814944534957746,0.623476908392317,0.0114716889438806,0.0050301591957908,0.0184643638309172,0.0125319018444838
Q940K5,1,0.294027398421567,0.104889101577871,0.0350816765555592,0.016935137104342,0.452643740615523,0.0211933851399254,0.0103483600780534,0.0385318424180319,0.0263493580891269
Q9LMY0,1,0.295565159025281,0.0985735772966203,0.0324010695846503,0.0152959585848815,0.468175238043792,0.0195007875336125,0.00936157476717978,0.0369913274426594,0.0241353077213229
Q9LMX4,1,0.322299731543801,0.127285618627929,0.0424361056617545,0.0215669610532658,0.3625885533725,0.0254630271687959,0.0130455116467276,0.0512706516721484,0.0340438392530775
Q8GYW9,1,0.282985029743602,0.0999411423358311,0.0355408097196767,0.0212652073425903,0.433717170092136,0.0220426451220085,0.0127444717263737,0.0570898450165944,0.0346736789011877
Q8GYK0,1,0.354851588445612,0.124981335897148,0.0382827137435977,0.016876608105345,0.369407106236192,0.0224337479992583,0.0103911728908102,0.0371270941446966,0.0256486325373397
Q42510,1,0.181334558186755,0.0509620044595369,0.0170649209802069,0.00856618099857097,0.691147095940484,0.0104318663858099,0.00523691354259925,0.0216722439739961,0.0135842155320413
Q8H1D8,1,0.205660949505778,0.0760625122109485,0.03017123151003,0.0202448865073505,0.544898912600698,0.0195116444278578,0.0121582089341559,0.0579492753226594,0.0333423789805219
Q8GZ87,1,0.189957912035217,0.0643278651597372,0.0240649994480127,0.015682263588285,0.611530278672573,0.0152540218904953,0.00926140639505936,0.0439286612345609,0.0259925915760593
P94017,1,0.204833238146247,0.0636268254069447,0.0226979528126305,0.0131493911413473,0.615845174115228,0.0141793974616328,0.00792576053619608,0.036274287570615,0.0214679728091587
Q8W4J3,1,0.231752090597635,0.070694318849555,0.0247738123400434,0.0157330076214413,0.560939299035098,0.0153735888888616,0.00926289664078882,0.0452147353386135,0.026256250687963
Q9M9Q2,1,0.284681605710821,0.0825341740906348,0.0274088184332642,0.0153198996748397,0.498052207867604,0.0167120077175657,0.00920318623820486,0.0411329151846049,0.0249551850824608
Q8L920,1,0.21971124508332,0.0707819251772032,0.0244558759854452,0.0147312685786659,0.583258479955609,0.015037586137449,0.00858615699559213,0.0390381031661463,0.0243993589205699
P31414,1,0.298602939399202,0.103025572625578,0.0357067066330282,0.0226248136001066,0.403178652013919,0.0217528639779507,0.0131258560360166,0.0639663339102457,0.0380162618039532
Q94AI7,1,0.230744083873463,0.0622897076355693,0.0190628885821945,0.00864155332370614,0.629026789229923,0.0112797318316112,0.00524791900772626,0.0201915897703381,0.0135157367454692
Q0WW40,1,0.221807890484291,0.0655171661320552,0.0215313733158523,0.0109633161832032,0.616559326971742,0.0130533192060719,0.00662702450543038,0.0265784324328029,0.0173621507685512
Q9C5X8,1,0.308471468775866,0.100227097493461,0.0316219119322138,0.0151922313966696,0.457647502521915,0.0188937171276063,0.00920992247430247,0.0348808939720542,0.0238552543059114
Q9SHI0,1,0.197506289288796,0.0682895943897698,0.0254584314320495,0.0164031232817464,0.593788644195293,0.0160927621351139,0.00964170673591344,0.0455234889057759,0.0272959596355425
Q570U6,1,0.2353335445928,0.108650304045743,0.0458510292175191,0.0283610187657618,0.419263168631923,0.0297835865495644,0.0173371265729204,0.0707447642748497,0.0446754573489186
Q9LNQ4,1,0.269204726961489,0.101774406308863,0.0349180482002882,0.0165939309487689,0.481984005685592,0.0211518667769653,0.0100846124123015,0.0383030211870936,0.0259853815186394
Q39160,1,0.219470539462671,0.059598491518002,0.0186984000098586,0.00796075004833076,0.647402401393471,0.0111653692878308,0.00496144641284003,0.0184988023206292,0.0122437995463662
A0A178WJB4,1,0.299708565413417,0.104399912944816,0.0332048351471779,0.0173784416885061,0.446828773116104,0.0197685005680309,0.010202258199467,0.0405232010094631,0.0279855119130176
Q9LPR1,1,0.337655895592867,0.127199609403676,0.0382998230116019,0.0168037867418453,0.385907404386352,0.0221319257574186,0.0100530442971601,0.0358839149605394,0.0260645958485395
Q9M9V7,1,0.328088618297799,0.119564910309652,0.0388828318451096,0.0196331441196222,0.382126817409001,0.0232174855745243,0.0118613356029318,0.0457744871702406,0.0308503696711197
A0A178W7J9,1,0.355216602155515,0.112750031019251,0.0332405684648565,0.0155305926850377,0.39532146299658,0.0193086886065886,0.00927888215408298,0.0349811017836667,0.0243720701344214
Q8RYC8,1,0.391584610659418,0.0973983827436798,0.0262230946109173,0.0117152159307958,0.406127918783599,0.0150004188240017,0.00704185416902261,0.0266139788482181,0.0182945254303475
A0A1P8AR26,1,0.297718949172634,0.143670086298917,0.0518047211500614,0.0244758553240887,0.347114982870622,0.0314869958970949,0.0149737909350896,0.0514548196345637,0.0372997987169284
Q9LN50,1,0.192062541851687,0.0624847198063652,0.0230820804660589,0.0137496698077935,0.625484225432245,0.014592073538469,0.0083241922513954,0.0378513037042935,0.0223691931416926
Q9LN35,1,0.345422669624161,0.126056678985612,0.0375198258848365,0.0123448483288145,0.405280617330155,0.0215941848134124,0.00793178966880743,0.0256719207906197,0.0181774645735819
F4HSU3,1,0.303413375616617,0.115373634326244,0.0395999399046057,0.0242891986398422,0.375086872748983,0.0240473379502171,0.0141039804360425,0.0639292636614024,0.0401563967160463
Q42547,1,0.333695638356494,0.134213634455614,0.0430287903994183,0.017683028040025,0.371653317998715,0.0253306574313386,0.0110526801210713,0.0369782641462354,0.0263639890510882
Q96528,1,0.20722043154737,0.0594137128352144,0.0199564474259255,0.0098523886056151,0.64499494253891,0.0122192675559392,0.00606010644944017,0.0247240121640781,0.015558690877508
P93047,1,0.241924349466089,0.0666452713774714,0.0222373636902316,0.0128833916018678,0.578289376087771,0.0136041408558047,0.00766489960338923,0.0354918940280354,0.0212593132893392
Q8GXA7,1,0.324734661347946,0.088819785798921,0.0257363732451341,0.0104491649047441,0.488760115896299,0.0149627197011283,0.00645788075728114,0.0239310110894822,0.016148287259065
Q93ZH5,1,0.228319638366858,0.0822783693214288,0.0299955492091032,0.0192164961903407,0.526842624420098,0.0187423610620344,0.0111572123391893,0.0513930986872561,0.0320546504036919
C0SUW8,1,0.246706717186624,0.0819377365358216,0.029202071497283,0.0159524544749435,0.531439326098598,0.018177371000093,0.00975799585950038,0.0413181956540428,0.0255081316930929
F4HZS8,1,0.22096837742936,0.0621443960998561,0.0209353809030927,0.0109938614299356,0.619222598332149,0.0128166987104552,0.00669226255421131,0.0286077957211361,0.0176186288198039
Q9LME4,1,0.308692202289337,0.11863589250354,0.0375491423072507,0.0169419908085322,0.422655371868944,0.0220642939410177,0.0102010862542547,0.037036574531999,0.0262234454951246
Q7XZU3,1,0.207127086581697,0.0739884300334706,0.027583136750118,0.0174179747893979,0.570732578988342,0.0173872848613372,0.0102478245693896,0.0467477691906611,0.0287679142355868
Q9LRA9,1,0.339695288684275,0.129691693275346,0.0412149693377599,0.0196177795202322,0.358733253202048,0.0244722840250159,0.0119169428782648,0.0441533702555597,0.0305044188214989
O81127,1,0.355606482430168,0.0942388542212609,0.0284276106607281,0.0151518128012448,0.416780432616132,0.0167573138261611,0.00897705613985746,0.0393557302317021,0.0247047070727452
O48683,1,0.229948774428154,0.0879532331789843,0.0346163004480471,0.0208208770910629,0.503471505263336,0.0222719859701867,0.0127766211305605,0.0548368928680732,0.0333038096215949
Q39266,1,0.334369308833677,0.0903305131228135,0.0262475570338531,0.0108753493449908,0.475244012721084,0.0152338145779514,0.00671802371187676,0.0243633174622176,0.0166181031915356
F4IAT2,1,0.212359605009168,0.0777031425122941,0.0304142708919701,0.0190277618366408,0.545532041871511,0.0195235554241128,0.011536588568046,0.0528863749749766,0.0310166589112804
Q8VYU7,1,0.396871948891981,0.102141872905098,0.0264864408090917,0.0111310532380558,0.400212384549731,0.0149489313904575,0.00666066249802447,0.0241745853448007,0.0173721203727592
Q93ZD9,1,0.307626469717352,0.0878568319561743,0.0280532470149887,0.0147070921562555,0.474650159033237,0.0168142046339897,0.00884815207014576,0.0377328934910753,0.0237109499267821
Q9C6L2,1,0.237949790210628,0.0975161899751971,0.0395195692821128,0.0267121507540778,0.435886125837154,0.0254466189695222,0.0159252435882312,0.0766754104554479,0.0443689009276292
Q8GW17,1,0.229841010613309,0.0811040108538191,0.0306361056641877,0.0190383786304229,0.525042768252032,0.019395652650194,0.0114459456075523,0.0524017844078904,0.0310943433205928
Q9C6L8,1,0.374239214056237,0.095944398016318,0.0272947774728533,0.0131084569003076,0.413315290788162,0.0158544517505568,0.00784922166259399,0.0315987196901619,0.0207954696628093
A0A178W923,1,0.293209888536126,0.0948756563982515,0.0324602132917519,0.0207945262419757,0.432930596143856,0.0197960920134058,0.0120711639570753,0.0590187321029409,0.034843131314617
Q9C671,1,0.370039608331513,0.131648688592026,0.0370331119516374,0.0120556285970049,0.377799252960316,0.0210516812784647,0.00771496512924435,0.0248886988221785,0.0177683643376146
F4HPA7,1,0.204420795927992,0.0709302280851603,0.0272496901613616,0.0175101044609618,0.57296031396912,0.0174833569973148,0.0105611406142239,0.050050945750675,0.0288334240331906
Q94AT5,1,0.207186518874292,0.0741824903934706,0.0283052464358608,0.0178191522941444,0.565431383206675,0.018000284585013,0.0106136562917873,0.0491316745668147,0.0293295933519426
Q9SXC9,1,0.23021429174202,0.0762178778378117,0.0273826058841433,0.0162438109975835,0.553845386344974,0.0171421600948703,0.00975547682137189,0.0427728094361683,0.0264255808410573
Q8RWY8,1,0.185892707806043,0.0491601909759892,0.0161484723469464,0.00906680754476586,0.685299799677668,0.00986960176431818,0.00539605879289582,0.0242722975629867,0.0148940635283865
Q9C7E6,1,0.34399040425581,0.104581025030936,0.0321266330043736,0.0154100515222726,0.413863463190537,0.0189324064965682,0.00929902217105343,0.037248660484338,0.0245483338441113
Q8GWB2,1,0.259259658008795,0.0918273053237746,0.0322480338544903,0.0163290353156277,0.506904187155904,0.0198603866043837,0.0100353571808316,0.0381950950671606,0.0253409414890325
F4HY61,1,0.275880838991063,0.125019907629799,0.0460184370627484,0.0285756145000246,0.365643675423555,0.0280406378202203,0.0163441926806759,0.0679425558841736,0.0465341400077405
Q9FXJ4,1,0.24029320360137,0.100647216483844,0.0412363466391331,0.0251396541277928,0.443965256658423,0.0267337387845974,0.0154743315676423,0.0662568475451476,0.0402534045920502
Q9C8H1,1,0.250149395296762,0.0803428186138085,0.0271129657209127,0.0147999167468668,0.54064662152911,0.0165508070346394,0.00882350690965399,0.0375356297945588,0.0240383383536872
F4I6B4,1,0.204940036909703,0.0805983857412428,0.0333883975566102,0.0236519325821465,0.512022825865166,0.0219187835645547,0.0141941961832457,0.0700332010776401,0.0392522405196912
O04292,1,0.259802827830571,0.0984531402313184,0.0376034380002173,0.0232570921672853,0.441224159147122,0.0238915889212672,0.0140893548223138,0.0637280348407483,0.0379503640391564
F4I6G4,1,0.314653275435013,0.0885015157651605,0.02562986926801,0.0114420447409525,0.494546497130589,0.0149096572740584,0.00688497488662284,0.0255906611375053,0.0178415043620882
Q8W5R2,1,0.316196281991076,0.133418213623199,0.0425115972271711,0.0187153207865227,0.383951453001342,0.0249498480861415,0.0112924345878049,0.0400251534371865,0.0289396972595569
Q84MA2,1,0.225971254277217,0.0845174483745628,0.0314709517947586,0.0197361728096638,0.52294992282928,0.0197771934906547,0.0115961538264594,0.0514863377723296,0.0324945648250737
Q9XID7,1,0.259478382077984,0.0800163512258099,0.0268332792486759,0.013273091517051,0.54296375533529,0.0163412002411309,0.00817447285901452,0.0321969634040575,0.0207225040909856
Q9C8P6,1,0.263035575051909,0.0896979192143762,0.0314637391687903,0.0182835571813817,0.489999221589231,0.0194404828959067,0.010858707606143,0.0472794255272661,0.029941371764996
Q9XIG1,1,0.249750981407753,0.0947662819870345,0.0349026666496182,0.0219165034790711,0.468730070393976,0.0217256226216257,0.0127557383837217,0.0588718842074284,0.0365802508697718
Q9MA75,1,0.210536778328117,0.072500624476621,0.0266024256968327,0.0172666047704074,0.570949349682024,0.0167198275962932,0.0100902912862357,0.0467029951244492,0.0286311030390199
A0A178WK23,1,0.369499572839205,0.111863191523066,0.0296923324722231,0.0114537187187396,0.411991192589603,0.0167448862570823,0.00694814618808876,0.0242202133545084,0.0175867460574838
