ID,Cluster,#1,#2,#3,#4,#5,#6,#7,#8,#9
Q9LNJ7,1,0.0106214848345849,0.0143754954089334,0.00696210475843341,0.478753245170306,0.0683652158129579,0.0304659933486666,0.256916359407422,0.0171433092531375,0.116396792005558
Q9LQ95,1,0.0127550078016449,0.0163103919288965,0.00880161492758504,0.507628553125175,0.150857872443579,0.0580573959819919,0.14709428863635,0.0183670902451722,0.080127784909606
Q8GXQ7,1,0.0265554267280907,0.0355454922250718,0.0176794635354302,0.284047755609937,0.108059193351102,0.0583475025454617,0.259504222085943,0.042562464321156,0.167698479597808
F4HVZ1,1,0.0157280969574719,0.0193668566523489,0.011270849987273,0.379360214210606,0.243247869757243,0.0950963284333471,0.134040119333085,0.0212932989330755,0.0805963657355494
Q9FWX7,1,0.0235339373599631,0.0296401243335263,0.0159933465498461,0.349854480962025,0.187310098602273,0.086932478413819,0.167516406660417,0.031729933336919,0.107489193781212
Q8GZ26,1,0.0147283487556184,0.0194679998285964,0.00979268915047089,0.446588704777057,0.10731641740479,0.0479048393847618,0.213097956387259,0.0224577267416049,0.118645317569842
Q3EDJ0,1,0.0109757483974884,0.0149367288024459,0.00726353485232201,0.41977809814805,0.069171597498629,0.0320089619207873,0.287991672787829,0.0183091574322388,0.13956450016021
F4I460,1,0.0276524584665667,0.0373677259920061,0.0180308964533873,0.263657092142738,0.111190455793532,0.0620038742398488,0.244923000256316,0.043475224898642,0.191699271756962
AT1G04353,1,0.0241350007343991,0.0303815363037385,0.0163089963995555,0.373862746099987,0.169993040181825,0.0780150951104333,0.172367489979635,0.0324125364664199,0.102523558724008
F4HW02,1,0.0368745711841348,0.0485242870919232,0.0231942688802967,0.292225847846579,0.138136605279921,0.0722407361679794,0.203993905293629,0.0500848443211566,0.13472493393438
Q9SGD1,1,0.0135924188686518,0.0179891671943451,0.00915112563492669,0.468596966069504,0.101173876530488,0.0445390016105489,0.214129675409053,0.0211441293648218,0.109683639317661
Q93XM6,1,0.0311940783844623,0.0383080686635357,0.0214717640867261,0.27876035615447,0.203816548832601,0.110451570666007,0.16135702866489,0.0392342163040408,0.115406368243266
Q9SCW7,1,0.0170805403538165,0.021389875099147,0.0120210916813662,0.397697106256694,0.19827178981339,0.0829961600031428,0.153912246839369,0.0238800238956372,0.0927511660574379
Q4F7G0,1,0.0265120391818129,0.0337393798399307,0.0183322700848744,0.298309264554462,0.168857995550597,0.0896734778676478,0.193414203878089,0.0378282864778357,0.133333082564751
Q8GYA3,1,0.0340944379336441,0.0463848758549943,0.0218386027602713,0.252301056826861,0.117718188172331,0.0668543320721629,0.230982457737792,0.0523939022595312,0.177432146382412
P94014,1,0.0334343811018513,0.0425869141635344,0.0220258393095233,0.287108758256123,0.163463100695591,0.0878371552213197,0.186500070713191,0.0441825066223002,0.132861273916566
O80603,1,0.0283180818920664,0.0350603317136146,0.0193979154274321,0.308690271393601,0.211763881424106,0.10481004894463,0.154303204677586,0.03603060424737,0.101625660279594
F4I4C1,1,0.0331374354870321,0.0427523472169724,0.0225243126274854,0.275027971203568,0.142250781141037,0.0801316772356591,0.210729434308555,0.0491277577579947,0.144318283021696
Q0WNR2,1,0.0182587314315155,0.0222965102023817,0.0130593285947223,0.355170528952126,0.252768728661727,0.103656454609477,0.131459941859903,0.0239193546189401,0.0794104210692067
Q9SAC6,1,0.0165475315144694,0.0222825063516435,0.0112994735046821,0.304168171211735,0.0955349097314556,0.0495718484887649,0.285092253828333,0.0281631987182743,0.187340106650642
Q9SAA4,1,0.0365528705757026,0.0456740771705382,0.0252699994157832,0.277312075220038,0.167103192034961,0.0916645809098754,0.185358926878845,0.0501370516097334,0.120927226184524
C0SUU8,1,0.0268166463980787,0.0371027941328205,0.0171244548798612,0.299603391163884,0.0932637513051693,0.0485494067632036,0.278041013823821,0.0448415823658527,0.154656959167309
Q8W4R8,1,0.0137436802946845,0.0185071939628254,0.00918337554121388,0.38238203012103,0.0893813245728943,0.0423178122785056,0.267944325243855,0.0224883034237146,0.154051954561277
Q9LMX8,1,0.0274624323930301,0.0349329128473941,0.0193708326240817,0.26879968993928,0.148838981216272,0.0859266694358743,0.214446603842018,0.0409708719309958,0.159251005771054
Q9M9R6,1,0.0339202982086718,0.0413511811525345,0.0248074960784151,0.246052052808962,0.187126810332444,0.116890772249637,0.175062093050161,0.0465806385866037,0.128208657532571
Q9LQV2,1,0.0176772409246041,0.0222164131479192,0.0125187506116846,0.385858460987256,0.177610143269471,0.0800961037136018,0.173925184700013,0.0252938144314253,0.104803888214025
Q9LQU5,1,0.0201315002915119,0.0264476178832486,0.0135671059814164,0.32619826894108,0.119621141047571,0.0607801842750194,0.23942140642203,0.030943689671947,0.162889085486176
Q9XI37,1,0.0221907219618628,0.026999785990823,0.0162728769952894,0.295873489713208,0.235048992119874,0.120239806887777,0.152500889359798,0.0301958672695565,0.100677569701811
Q8H1Q4,1,0.0236219623484671,0.0302937265294823,0.0158189587867811,0.347915418061625,0.156132966613761,0.0760222011103239,0.191717163058197,0.0327837237093004,0.125693879782062
F4I601,1,0.0253248553088401,0.0321785199483502,0.017318849454842,0.349190875649806,0.157030971181669,0.0753829296025569,0.193841060923944,0.0363846612153456,0.113347276714647
Q2NND9,1,0.0213277072446129,0.0297120053128155,0.0136621604517089,0.314045726292997,0.0842282348569993,0.0425365201564409,0.300853553038469,0.0370958470316225,0.156538245614334
Q9LM24,1,0.0287472514801175,0.036393703176418,0.0205256076378094,0.276214260405501,0.167248359357878,0.0968134002269921,0.19575781551975,0.0424036854331919,0.135895916762342
Q8VYC5,1,0.0237912514567875,0.0292738037475649,0.0167189700240264,0.302762634328535,0.233024910476221,0.113907265865545,0.148273362846673,0.0309330231802278,0.101314778074419
Q9M9U0,1,0.0349050603466225,0.047124767916113,0.0223235720363363,0.280838572099609,0.114296270375787,0.0611493606272685,0.237226216749806,0.055156866765107,0.14697931308335
A0A1P8ARH0,1,0.025121378381693,0.0315295333592668,0.0176597134607047,0.336053516558749,0.179604424655378,0.0878212926823549,0.179388546437726,0.0353922819976217,0.107429312466507
F4IDY5,1,0.0224236806025323,0.0286240685970332,0.0150590740871373,0.372415616479048,0.163307343946903,0.0753470236576443,0.180059191310115,0.0309734524342312,0.111790548885356
Q9ZWS7,1,0.0327529421266516,0.0394685549189542,0.0230114934203902,0.278825884745628,0.212854775596207,0.112206507263347,0.156465409495202,0.0405926976674056,0.103821734766215
A0A1P8APG5,1,0.0268351692883865,0.0353833131562821,0.017882288368284,0.331952428796963,0.135339588842228,0.0695716487040808,0.212643600185548,0.0397020323907934,0.130689930267434
Q9LNU3,1,0.0222000899504961,0.0274359592794308,0.0154407830935734,0.369992326288533,0.209087786849085,0.0912037618953606,0.14824813414775,0.0291825725586561,0.0872085859371144
Q9LDZ5,1,0.0229664112298945,0.0312738482754382,0.0149534217476212,0.288672274664171,0.0957058183325438,0.0510205683439298,0.276519354759426,0.0374147965669472,0.181473506080028
Q9LM84,1,0.0233678362786514,0.0287397640786201,0.0170064524835237,0.300127406654501,0.218262958228511,0.114600607292708,0.160193991975321,0.032055344431823,0.105645638576341
F4HUQ5,1,0.0377752020064627,0.0466152214210389,0.0249063949972204,0.284019115235108,0.184759653519685,0.0973480652738669,0.166382540232307,0.0453755268749101,0.1128182804394
Q93V70,1,0.0175483183098278,0.023755644686621,0.0113190540280637,0.375255431533603,0.0889414396174599,0.0428324364569253,0.266444207060452,0.0274784365085256,0.146425031798522
Q9LMP5,1,0.035695427419122,0.0448860868942986,0.024575707262131,0.258685430905085,0.15408140680654,0.0900201978507875,0.197095438107897,0.0487470455742927,0.146213259179846
A0A178WNC1,1,0.0292574749123914,0.0397413983780779,0.0186490313844821,0.275697685488799,0.112424099315836,0.0606871221521564,0.242029098432052,0.045394050534942,0.176120039401263
A0MDN4,1,0.0169901175606514,0.0209208566829082,0.012143290123942,0.351003400551547,0.259815618565739,0.102100938794792,0.132067731252918,0.0229386949240605,0.0820193515434427
Q9LM15,1,0.0254124787547031,0.0328128506098422,0.0166207553548809,0.363653207121998,0.158379623597867,0.0734354040464997,0.183390624347826,0.0344974839063804,0.111797572260003
P61430,1,0.024436703518909,0.0299613850524884,0.0176080780842453,0.300625679175906,0.230823476171576,0.115536990316789,0.150878916253178,0.032949084546086,0.0971796868808222
Q9SK99,1,0.021482726605965,0.0279495868418316,0.0149291329133745,0.331655115746772,0.143084501494897,0.0722947586289995,0.218465330494838,0.0334528857620467,0.136685961511276
O04157,1,0.0291093984388063,0.0399251770088998,0.0183055753295701,0.274961399691136,0.106142449508232,0.0569027463833739,0.249503104396805,0.0451486686884303,0.180001480554746
B3H5L7,1,0.0234623586000542,0.030154692949052,0.0155660177000792,0.359124242280743,0.158996006992064,0.074726618176117,0.186392792185097,0.0322917223266807,0.119285548790114
O49310,1,0.0303953239417023,0.0392254909013333,0.0202106174957679,0.328002964972861,0.142285940241671,0.0732254371245415,0.201802679996297,0.0426919562193889,0.122159589106437
A0A178WHU0,1,0.0349119846954584,0.0466865792390511,0.0224668704575203,0.258151864199606,0.120444691600778,0.0684059956595236,0.225302921164369,0.0520494474471906,0.171579645536502
F4I671,1,0.0283151758964939,0.0364397119810846,0.0193580300113009,0.313401694387756,0.150648163516327,0.080449825329996,0.201703785088246,0.0403950969523087,0.129288516836487
Q9ZUE6,1,0.0371844969499456,0.0454438466140725,0.025897382499013,0.270232051671079,0.19916229536449,0.107838639730007,0.160454417920155,0.047754888259351,0.106031980991886
Q9LRA7,1,0.0186709469655492,0.0237129997021907,0.0128018294204231,0.390243685219291,0.159987288309886,0.0726100248740132,0.182809713213711,0.0262854162302161,0.11287809606472
Q84M89,1,0.0278198481812236,0.0343458445326821,0.0193090792191614,0.286456352373685,0.209493981202804,0.108929212909103,0.162320021785206,0.0364325244953517,0.114893135300782
A2RVM1,1,0.0196055540322526,0.0245698438880744,0.013558561997471,0.381235640067756,0.178565985369546,0.0796649801988124,0.170734257497017,0.027108367939801,0.10495680900927
Q9FRI1,1,0.0188083849322754,0.0241879141578233,0.012946946411648,0.399052578457614,0.148318359369397,0.0669929866392189,0.191898477194189,0.0280492618496761,0.109745090988158
Q9C6M2,1,0.0155658216574698,0.0197440573945992,0.0108103562539216,0.45565972023618,0.166463220802498,0.0666003252792204,0.157210092292885,0.0223161895306114,0.0856302165526142
A0A1P8AW96,1,0.031003301354113,0.039903789081284,0.0214029902437282,0.275033441203796,0.155760779248189,0.0881476751372676,0.199837760885388,0.0457301486497198,0.143180114196515
Q8RXT9,1,0.0303359901744786,0.0369008134533694,0.021522890798123,0.283603337383255,0.206274742812331,0.110046312275852,0.16225432066208,0.0391583193638714,0.10990327307664
F4I1F3,1,0.0345890912051812,0.0427260673990978,0.0244591279394984,0.279843441709235,0.18678470450946,0.102655488654204,0.171667072837693,0.0467487662815412,0.11052623946409
Q8VWF5,1,0.0275124855930836,0.0374302061752612,0.01737645459654,0.293930352439291,0.106915538566936,0.0565019171372923,0.247712149588403,0.0417698169497798,0.170851078953413
Q9C8H0,1,0.0205171975224159,0.0273450030261123,0.0135422460403446,0.340916568946536,0.11508915588614,0.0564153016844722,0.241351306065511,0.031788770038381,0.153034450790086
Q9C6R9,1,0.0246111186875471,0.0325668361511201,0.0166748451830804,0.283314955201548,0.108506735432303,0.0590879281053479,0.260975301305271,0.0397775235692329,0.17448475636455
A0A178W3Q6,1,0.0151981548788131,0.0206537656006013,0.00997276603528467,0.338753917524784,0.082440761422596,0.0404804081818827,0.290981558178375,0.0250498354506614,0.176468832727003
A0A1P8ATG6,1,0.0132291495959779,0.0173934443189464,0.0087901146383469,0.496409826848964,0.105676747688805,0.0448019333373955,0.19168229177379,0.019731421430142,0.102285070367631
Q56XQ6,1,0.0161208741070474,0.0211306531550892,0.0108516949135775,0.426023737874978,0.112717368819421,0.0505502317157785,0.220284030318797,0.0248732395003336,0.117448169594978
Q9LQF2,1,0.0106334995179182,0.0145055558913376,0.00698409805126975,0.410403645041679,0.0641523030696273,0.0296351734643578,0.303564758547248,0.0177871125210119,0.142333853895551
Q67XC9,1,0.0305808106847238,0.0385632897559971,0.021278578398826,0.301052558147319,0.168717236018109,0.0895348208890069,0.187281953059905,0.0434081169749313,0.119582636071182
Q6NMB7,1,0.0182475781322449,0.0230607384884199,0.0127226883812764,0.420113424616798,0.169496473336522,0.0725436147009763,0.166176070394812,0.0260322029011675,0.0916072090477822
Q8L7S1,1,0.0180522934018716,0.0241252044987567,0.0121361184589394,0.316793814565514,0.09892779491249,0.0500231850052109,0.275494066168905,0.0296714695030744,0.174776053485238
Q6X7J9,1,0.0214701437241399,0.0289621882582721,0.0141623134153314,0.31535826623638,0.101023744608758,0.0518452444493142,0.265580605129018,0.0349548374355952,0.166642656743191
A0A1P8AMQ8,1,0.0151654405597206,0.0193716088812542,0.010498233517837,0.427205385638047,0.164633310096595,0.0694512754934016,0.169393470000292,0.0219405622504224,0.10234071356243
A0A1P8APV1,1,0.0261127906579016,0.034733251476079,0.0173936786878474,0.277739581006301,0.122344700010293,0.067223935379733,0.235629140482455,0.0407859538382512,0.178036968461139
Q8GX22,1,0.0187246993870025,0.0229391473849859,0.0134578261168505,0.320236029914097,0.252667341189507,0.111454812663227,0.141802840904451,0.0251588152742954,0.0935584871655848
F4I1N8,1,0.0198093539017088,0.0248997487023094,0.0141630532998102,0.338842039733699,0.17361977977927,0.0866653734147979,0.189581881712951,0.0287569886773373,0.123661780778117
Q9SX54,1,0.0236853479413302,0.0301688325727846,0.0164569832221224,0.316843811433546,0.147383990277246,0.076891016740541,0.211697710271065,0.0345086643392959,0.142363643202069
F4I7Y2,1,0.0203542474045731,0.0271891546135738,0.0137193191323005,0.318264592869635,0.102289086996625,0.0530243741743906,0.269838616671698,0.0329355900249316,0.162385018112273
Q9C690,1,0.0253678106238575,0.0353814347624457,0.0157926928274062,0.291898538044018,0.0866920135284955,0.0452953889112497,0.286536485968718,0.0409749597256173,0.172060675608192
C0LGG9,1,0.0162858906403791,0.0215362444060852,0.010973701783607,0.429275562484323,0.10960148477222,0.0499542314192342,0.221857846708996,0.0254286071471844,0.11508643063797
Q9SSB4,1,0.0131547304039947,0.0168582077863403,0.00914120703280741,0.484246020388618,0.144721063360443,0.0593602979028189,0.163277496010444,0.0192432559696043,0.0899977211449292
Q67XZ3,1,0.0238538651484318,0.0325327301299177,0.0154690200960546,0.31799353297173,0.0992798614165299,0.0510237446600566,0.26628790630842,0.0393820512944152,0.154177287974444
A0A178WP03,1,0.0143395622153271,0.0194800493698494,0.00947971338380163,0.320237114937988,0.0768506164310497,0.0381946042670386,0.310846410341273,0.0241154169707096,0.186456512082963
Q94CA5,1,0.0152393264214823,0.0206791079807378,0.0101332806694104,0.3396874673012,0.0833169297928425,0.0413293273323777,0.297488165178086,0.0255587888008349,0.166567606523029
F4I9R1,1,0.0128006137463061,0.0170841438571228,0.008602124191608,0.415242535468019,0.0859195284226436,0.0397734775694935,0.262117106231668,0.0208628646857982,0.137597605827341
Q9C6F5,1,0.0254387713864272,0.0340479749027248,0.016512008092655,0.304278202590572,0.105024708755165,0.0549861322801034,0.257368735360563,0.0390372603988128,0.163306206232976
Q93ZI5,1,0.0141891858657926,0.0187186640255594,0.0095680596878583,0.417822324682102,0.101264260442047,0.0465511659942173,0.236979248015465,0.0222964330177627,0.132610658269196
O80737,1,0.0350109989033479,0.0447467609542756,0.0233519821931831,0.2884199276509,0.15114642942081,0.0819637965808589,0.195555188521425,0.0486620824727546,0.131142833302445
Q9C529,1,0.0312932591043086,0.0400159817071239,0.0213384542237438,0.274916030796081,0.154968053529129,0.0859501900210695,0.202554424188834,0.0447622708414553,0.144201335588255
Q9FT70,1,0.0314872102098129,0.0424348033639401,0.0203971149519871,0.282243798611,0.109212449781088,0.0585017438226126,0.25034199546337,0.0497929660034685,0.155587917792721
Q940K0,1,0.0159120271542537,0.0216955424430571,0.0102714894186033,0.358206107991604,0.0809594101833005,0.0392847699817724,0.286824682669736,0.0256499435715544,0.161196026586118
Q6AWX2,1,0.0309344994863954,0.0411985286245437,0.0201890879323135,0.304584100383516,0.118420408767298,0.0617326827534211,0.236151202218106,0.0478427227888517,0.138946767045554
Q9SYA0,1,0.0299092086414456,0.0385885744585231,0.0209219008873872,0.28173799951311,0.145287866256423,0.0824290723884374,0.213283032091394,0.0456059650226419,0.142236380740638
AT1G08507,1,0.0387662188608372,0.0457148699135598,0.0286460611189887,0.228628065195584,0.19508464739263,0.128346981857029,0.162154444894476,0.0485497926257883,0.124108918141108
C0SV12,1,0.0106234662362414,0.0136587104003035,0.00725492194445405,0.574303759618173,0.126111386994793,0.0469359235992516,0.134982738886633,0.0152904887383257,0.0708386035818245
Q8LDN8,1,0.0198565078816305,0.0245472752027037,0.0143958830663423,0.332542383333247,0.211028922789414,0.102269905621321,0.163217514472017,0.0278010339054895,0.104340573727834
A0A1P8AR54,1,0.0329956089998292,0.0410798164803004,0.0231567803036286,0.251537423131411,0.188469456002109,0.112315761987549,0.173181575534427,0.0448417313440025,0.132421846216742
Q9C8T9,1,0.0400263043349897,0.0492013668673071,0.0271662165664104,0.247666800609147,0.178074755610574,0.105602112445902,0.171896402054102,0.0505889251853001,0.129777116326268
F4I232,1,0.0234767300492089,0.0297219512336159,0.0165700972208168,0.338880494535312,0.170624068743137,0.0850416023547201,0.188025014060141,0.0339709128281447,0.113689128974904
Q9M4A1,1,0.046227145173475,0.0547790603737058,0.0325010585893138,0.233003009903472,0.193600650026963,0.116489058138003,0.156263343107424,0.0559163959785994,0.111220278709043
Q42059,1,0.0195098517154577,0.0254130890010993,0.0130744887116174,0.414075808004905,0.128382046901705,0.0575601649630824,0.203298264241458,0.0292720229865763,0.109414263474098
AT1G64563,1,0.0284687905217811,0.0388620050284419,0.0179003162829489,0.284189461752939,0.104267579935771,0.054940851360133,0.252782761845545,0.0437656656515523,0.174822567620888
Q7XJU0,1,0.0195590798326116,0.0251677576619325,0.0134591930236996,0.399587359942071,0.156689332763541,0.0716384512409591,0.181578222485318,0.0284355341305864,0.103885068919281
A0A1P8AUY4,1,0.0337740427219362,0.0421642055921171,0.023446469603676,0.293287719432009,0.174474756707146,0.0924396518590516,0.180634487071003,0.0463042349223292,0.113474432090732
Q9FXD6,1,0.0278003118837597,0.035618445317291,0.0192052780192436,0.305243000411369,0.146645501667554,0.0786227590968509,0.210759502542862,0.0405394948783045,0.135565706182765
Q9S7U5,1,0.0305674624107679,0.0394609882446766,0.0197954102954996,0.324767671235219,0.149590919142986,0.0752364369645252,0.19375472191161,0.040813111049826,0.126013278744891
Q9CA37,1,0.0161886875948032,0.0204510107894658,0.0113548442203616,0.393233941052705,0.183070226026498,0.079255450986516,0.167994922246313,0.0231974783336624,0.105253438749675
Q9SX20,1,0.0314101323034741,0.0392493185273184,0.0221715799298728,0.265772001401974,0.182578164495649,0.104645003479359,0.181220804812429,0.0440226840040199,0.128930311045903
P82280,1,0.0261527154529103,0.0348638211417151,0.0171820567403543,0.312649899259275,0.122275102981263,0.0639811160974968,0.233206753375952,0.0398035584599614,0.149884976491071
AT1G69252,1,0.0120887984945032,0.0161572977864236,0.00802198854828589,0.472394381693593,0.082366031007219,0.0368783905742596,0.237315807111294,0.019101359001512,0.115675945782909
Q5Q0D8,1,0.0285612034124373,0.0362410969581181,0.0194369113001403,0.307326753812309,0.177665403922994,0.0929538056118677,0.178502496459679,0.0386877599097455,0.120624568612709
Q94BQ6,1,0.0195318286809934,0.0240310302084112,0.0140531417044688,0.317241720988251,0.242624268390972,0.111645717517283,0.147357653033828,0.0265056052972773,0.0970090341785157
F4I6V0,1,0.0226848747026093,0.030871519064106,0.0146963392645346,0.327314017412729,0.0929997626551316,0.0475615672292921,0.275607399410586,0.0367923662467101,0.151472154014302
Q9S7Z8,1,0.0312258095377718,0.0420576684468195,0.0206409329898257,0.256327127269375,0.113299940425243,0.0639045603832731,0.247326375317088,0.0504439255719673,0.174773660058637
Q38841,1,0.0234468829758264,0.0307367493431293,0.015826657972789,0.360092283522355,0.129169632609423,0.0634833069389256,0.218766210426669,0.0356186976674313,0.122859578543451
Q0WQ93,1,0.0234809709251878,0.0324512681526239,0.0151208002463169,0.30608207781642,0.0887621934147131,0.0456677229498362,0.289932956847511,0.0396157337084746,0.158886275938917
Q9CAU0,1,0.0295097866548344,0.0381422927524746,0.0195486562002266,0.297689460484721,0.146939212309839,0.0780488212481133,0.203797413932611,0.0416134266116165,0.144710929805563
Q9S7N6,1,0.0122723311085168,0.0159681234644995,0.00836347920755754,0.490359469008413,0.10705489565706,0.0460735684114318,0.196351871181675,0.0186452212624207,0.104911040698426
Q9C9Q1,1,0.02401787484261,0.0323245454840511,0.01566550284834,0.294120356406283,0.0984899290888104,0.0524753520861095,0.268865845409941,0.0378265551436772,0.176214038690178
Q9FWS6,1,0.0338806506936721,0.0435257734858316,0.0218207100792262,0.305485017918882,0.155212964175203,0.0800363903823462,0.189598966671118,0.0442272495503216,0.1262122770434
Q9LQT4,1,0.0108129065564604,0.0145157499916572,0.00721506278889534,0.482633338649674,0.0758628559702082,0.033987120809693,0.24286621288784,0.0174273309277411,0.114679421417831
Q9SYQ8,1,0.0147904686995585,0.0187230665740017,0.0103713096436021,0.439220299052224,0.176752663609472,0.0725371548572563,0.155944028620307,0.0211524837601966,0.0905085251833818
A0JQ12,1,0.0194866772248071,0.0260079860298874,0.0130071164904373,0.358118420431451,0.111754831467886,0.0541653746140475,0.245470616639359,0.0310622551993639,0.140926721902761
Q0WPW4,1,0.0144307763849217,0.0197270408547482,0.00937055203810493,0.402972876600724,0.0783779377217651,0.0367688961340784,0.275951623665251,0.0237397936645686,0.138660502935838
Q9FVW9,1,0.0312317513640581,0.0380272264020773,0.0217188118412676,0.284873557906094,0.208486106331854,0.107046667103366,0.160433843858816,0.0402712005729322,0.107910834619534
Q9M9G0,1,0.032544775645614,0.040796095499434,0.0222071958987755,0.310615254670046,0.172243130080628,0.0872588174295264,0.179437778064268,0.0441459267687978,0.11075102594291
B6EXY6,1,0.0198089860966399,0.0249423627468205,0.0136570116923226,0.374029263157995,0.181761008376448,0.0801607967283032,0.171285978485962,0.0276004625975361,0.106754130117972
Q8RW94,1,0.0151199542729357,0.0208033316759869,0.00959476712131817,0.395143459226097,0.0725682601723132,0.0342604297417997,0.288265859789046,0.0245002766103743,0.13974366139013
Q9SAG8,1,0.0162641725333343,0.0218578602471184,0.0107763615508301,0.355574326590318,0.0873688719138438,0.0429711662467469,0.282404974742381,0.0262387015785438,0.156543564596884
Q9LZ99,1,0.0322820223675621,0.0429171797180138,0.021400375316157,0.289631713512811,0.121140285774315,0.0659514720305324,0.231666731405105,0.0502700860433748,0.144740133832128
Q9LZ45,1,0.0391150753464873,0.0487121346731355,0.027022002860693,0.267569069935079,0.172121781847422,0.0964395898901416,0.177657039450357,0.0525765400191607,0.118786765977524
Q8GXF8,1,0.0262034578680638,0.0333712656412846,0.0177776665460168,0.357246224649547,0.153719188633735,0.073854512613591,0.191115820705473,0.0370103527295965,0.109701510612693
Q6R0G4,1,0.0162204387016881,0.0210709704520701,0.0107903433630978,0.462184930527972,0.136609793038738,0.0569276406106336,0.175177039809458,0.0231807726849189,0.0978380708114237
A0A1P8BA84,1,0.0209747319967039,0.0282311554590496,0.01383717289283,0.319072931365736,0.0973374581894383,0.0503194601861163,0.272682082382414,0.0335579478315169,0.163987059696195
A0A178UNP8,1,0.0315525419765847,0.0388650564707165,0.021313984984177,0.301123749940525,0.199856128214185,0.101733257978662,0.159840667821694,0.0393488625160132,0.106365750097443
Q9LZB0,1,0.0257253644917751,0.0345337363834206,0.016878145608267,0.300404654221361,0.108976628019957,0.0567223421203285,0.255955206986339,0.0409526795052107,0.15985124266334
Q8GTR4,1,0.0258675886408953,0.0345884521356045,0.0174097412060263,0.283326671663436,0.121036945086183,0.0654868502619539,0.243892462665214,0.0416359720760729,0.166755316264614
Q9LZ21,1,0.0351883799282061,0.0463164959385205,0.0224488502123475,0.274488581553894,0.128896379487891,0.0709271330574717,0.216877249167625,0.0496132425909872,0.155243688063057
Q9LZ20,1,0.0147128826998057,0.0191473225916516,0.010059758409336,0.445311238092394,0.123124697192449,0.0546702472380782,0.198654560307408,0.0222300160633304,0.112089277405548
Q9FHK9,1,0.0150900646653963,0.0201324251423087,0.00990052934827743,0.435844207990762,0.0971004418568849,0.0442205122364259,0.228921168501975,0.0230909447124143,0.125699705545556
Q9FLC2,1,0.0143838404028604,0.0188281093979618,0.00959565096776891,0.483342138978785,0.117835660447473,0.0501211658110454,0.183762931285472,0.0211299917267543,0.101000510981879
Q9FFF9,1,0.0356781420078126,0.0464968220154628,0.0236179006973394,0.288948709579243,0.133033562448897,0.0713786848025405,0.215336664585214,0.0525905337297474,0.132918980133743
Q9FG13,1,0.0281949683776674,0.0355951536445146,0.0191986588166915,0.294095463190146,0.174451845812947,0.0926809182481721,0.184442975221727,0.038275700978363,0.133064315709771
Q9LYN8,1,0.0137632797143391,0.0176635436428882,0.00938070635321108,0.498572159919388,0.134619562412091,0.0546070369094166,0.163714417225216,0.0200143419961699,0.0876649518272802
O81209,1,0.0259984793931919,0.032356019014502,0.0178155157225565,0.319017056302797,0.19295221716098,0.0958139290099961,0.168104549662841,0.0339833725027158,0.113958861230421
F4K836,1,0.0266827110284336,0.0361645771987639,0.0172103778733904,0.321592636004012,0.103019451315079,0.0523470569995931,0.258234485889702,0.0427049435196192,0.142043760171407
Q9FF14,1,0.0337469004410946,0.0411653512162628,0.0232715405573083,0.270123884367624,0.203982440419571,0.113479383150721,0.158736010699592,0.0416825273094286,0.113811961838396
F4K856,1,0.0427651887060839,0.0511024841583097,0.0302675851697958,0.254806546977932,0.192172364391003,0.110166126977923,0.160022200093038,0.052965190784117,0.105732312741798
P50287,1,0.0203466973183435,0.0277595495909797,0.0132258734732193,0.364502209533148,0.095079086806139,0.0460080199296788,0.264939177918907,0.0336357031941417,0.134503682235443
Q304A0,1,0.0132965318669921,0.0180609171730645,0.00871213409583677,0.373990228942941,0.0752529461368762,0.0357697853346944,0.293970999724604,0.0218283462643764,0.159118110460615
P0CZ22,1,0.0259478704291669,0.0317599580450634,0.018409542747545,0.318268150043201,0.213545831286825,0.102277221838048,0.157063584688927,0.0344182476381011,0.0983095932831219
Q9LXB5,1,0.0144025174646813,0.0178845870752938,0.010197125497927,0.437255811026068,0.221298650000565,0.0804167588973515,0.127242183553559,0.0197411696340553,0.0715611968504988
Q9LFP1,1,0.0170655198080049,0.0224505962658292,0.0117523819792581,0.362382030479939,0.119091633583329,0.0580564696656168,0.238842851788171,0.027433065031969,0.142925451397883
Q94CJ8,1,0.0306805412219534,0.0412743328270581,0.0199717657684871,0.286945543023305,0.106585548859249,0.057263250024659,0.255107571318344,0.0491639670159201,0.153007479941025
Q8RWN2,1,0.0190617670780658,0.0240489664323227,0.0135062327115158,0.376560949739843,0.176466748775951,0.08139614702373,0.177079182333053,0.0274979598340301,0.104382046071488
Q4F883,1,0.0264708167912409,0.0365785635581182,0.0165359372914679,0.297490158595006,0.0966107400208961,0.0503568648615712,0.264226982064843,0.0422886820601313,0.169441254756725
Q94A21,1,0.0138845744489987,0.0175459891577453,0.00984006966158883,0.445901722688481,0.175505359170996,0.0716689225213557,0.156387318083692,0.0201441942117975,0.089121850055345
A0A1P8BHW0,1,0.0215652678340418,0.0293977154007618,0.0141261386896884,0.300395804872679,0.101692622271699,0.0524652053767319,0.268571146494077,0.0354711706229325,0.176314928437389
Q9LF17,1,0.0132581654892641,0.0169016662128066,0.00921522745844745,0.484871499375643,0.141381029916615,0.0583214173905642,0.165922331744196,0.0193298047662762,0.0907988576461866
Q9FFE4,1,0.0198863779779432,0.0257104033645926,0.0136828852834763,0.342818632293438,0.137591316348511,0.0682236571926834,0.220272704385124,0.0301589385755677,0.141655084578663
Q9FFE3,1,0.0235844303644878,0.0327532923706216,0.0150351588756486,0.310784087547343,0.0863244613694041,0.0442574064171159,0.292158801927757,0.0401845702251166,0.154917790902505
Q9FN83,1,0.025134101913928,0.0345886622150409,0.0162531894220953,0.285413001479412,0.103579617739858,0.0554966716691796,0.259710205128671,0.0405630544001718,0.179261496031643
Q9FKP2,1,0.0146039359269881,0.0185605296201173,0.0101561989595202,0.443337579959759,0.157450550135108,0.0663567432940017,0.169618830770054,0.0210988305617935,0.0988168007726579
Q8VZK0,1,0.016145275239497,0.0223746576876117,0.0102205737750362,0.343954710408401,0.0729970101706183,0.0354855764975423,0.309323284113606,0.0264819326181519,0.163016979489536
Q93VG3,1,0.0331142658038224,0.0405267377827579,0.0232927375113108,0.272095728067486,0.179635911287185,0.103078905723097,0.178867756179947,0.0430864932213435,0.126301464423051
F4K128,1,0.0237526620528306,0.0322808492462362,0.0157606707556352,0.293960243848012,0.0995683420043167,0.0526417895146883,0.276941577443935,0.0401362658311733,0.164957599303173
Q7Y228,1,0.0145809627507304,0.0196454083730772,0.0096403706414661,0.416116379709294,0.0908022400024195,0.0425054372198149,0.249604670705971,0.0231440234413124,0.133960507155915
Q8LES5,1,0.0238143636547771,0.0311003352290516,0.0156760686721168,0.349206927377205,0.135434699115321,0.0666208147780791,0.209712247992104,0.0343553875983389,0.134079155583007
Q84VQ1,1,0.0142920327712461,0.0182302372193912,0.00964465165938884,0.501800007093626,0.154537765271394,0.0588913707209301,0.143788259379578,0.0197159398521835,0.0790997360322618
Q9FNJ5,1,0.0197281238905397,0.0260328670724574,0.0128066114496098,0.426885054781454,0.118857689465166,0.0538251152244887,0.20243102892573,0.0287635538812526,0.110669955309301
A0A1P8BD57,1,0.0135679819044707,0.0175750610368644,0.00943507814715636,0.440047288155442,0.122670157949988,0.0548975426559067,0.205437556851384,0.0208778754873106,0.115491457811476
B9DI34,1,0.0317484991366731,0.0409428552054725,0.0213469035548264,0.311161702819045,0.144575630256141,0.0749859457132958,0.204787997422729,0.0463437069639145,0.124106758927903
Q0WLJ6,1,0.0150804965868731,0.0201562341542262,0.010130056709613,0.406785227502762,0.0946612145129108,0.0445067029584984,0.252708953144862,0.0245403698984407,0.131430744531814
Q9FLU5,1,0.0189215405069899,0.0241313015933848,0.0132770949802307,0.38982916981205,0.161992090644543,0.0744835092791466,0.183969671609469,0.0279479354996436,0.105447686074542
Q9FUD3,1,0.0243744323598645,0.0323142037616988,0.0163362074688553,0.338683076542914,0.118266064900478,0.0599701182221734,0.237497267148655,0.0380330253896672,0.134525604205694
A0A178UFU5,1,0.0202441329711416,0.0256563470210758,0.0139130902675178,0.378768464708061,0.15710563395871,0.0737147759190125,0.187822345152984,0.0284592998911541,0.114315910110343
A8MQE3,1,0.0143183998572444,0.0195842286519676,0.00934028815933343,0.363462408998927,0.0792410117999924,0.0380915828360591,0.289036876812354,0.0235490751655937,0.163376127718528
Q6ZY51,1,0.0193926397216659,0.0243292317391616,0.0134815954844971,0.375870194294838,0.209656694742261,0.0871842360490849,0.152446538912046,0.0265943900665148,0.0910444789899309
Q2V338,1,0.0127299470543381,0.0164752269508672,0.00881900343935242,0.475398439595141,0.12631642042741,0.0540807713731113,0.185121717642909,0.0192602712280215,0.10179820228885
Q56X81,1,0.0245904501683623,0.0339038119209104,0.0156448337536612,0.311670989274636,0.0957166928369656,0.0489313475453675,0.271598853876243,0.0394501659145153,0.158492854709338
F4K739,1,0.0152745724744749,0.0202736958901437,0.0101772348495274,0.430221010831877,0.103611056952717,0.0473702343145383,0.225920877723017,0.0234119878814423,0.123739329082262
Q56YM5,1,0.0149008288294442,0.0197648452074386,0.00991433107358159,0.459598659006901,0.106686728615669,0.04754452630566,0.208492443621787,0.0226209152103379,0.11047672212918
A0A1P8BG62,1,0.0175469850037224,0.0218535878773205,0.0120464278217042,0.427416547513329,0.1975135645539,0.0761905454919269,0.142459958163014,0.0232129600090125,0.0817594235660698
A0A1P8BBG0,1,0.0302927721824165,0.0403607663584518,0.0203477864478711,0.256603303769016,0.116871038986385,0.0662322588554084,0.245399850059927,0.0491612553062042,0.174730968034319
Q6NL09,1,0.0188396536300061,0.02366478997621,0.0133437355438586,0.361785593011128,0.194646735948098,0.0891772000902954,0.167296143800095,0.0267003152346094,0.1045458327657
A0A1P8BCV7,1,0.0382128184915041,0.0461978636022185,0.0261984659043366,0.269754145852143,0.206149762705143,0.110028069753432,0.154775141612125,0.0458530048810405,0.102830727198057
A0A1P8BHB2,1,0.0329581470044075,0.0405733476044955,0.0240709035357598,0.260287407718766,0.191423698964166,0.114823557264759,0.171917208588041,0.0455935076834433,0.118352221636161
F4KBM7,1,0.0228136774106489,0.0277513382742256,0.016490019592197,0.293562165433793,0.241242223833296,0.117694449283755,0.149238138820231,0.0305907759121857,0.100617211439668
Q9FHD7,1,0.00928843206509416,0.0128307289662767,0.00608622552177209,0.382022188107677,0.0525156795142967,0.0246408190246667,0.353344056476871,0.016093738906552,0.143178131416793
P35131,1,0.0221715562789394,0.0309729318197177,0.0137471182098455,0.332977676267719,0.0871277287321572,0.0433370451096198,0.277918602999649,0.0354025703425037,0.156344770239848
Q8GXF1,1,0.0146360145305617,0.0196955747627017,0.00959423463873671,0.397686883740142,0.0823382144238209,0.0386866454284883,0.273442432252956,0.0236915306598044,0.140228469562788
Q0WSX8,1,0.0118439977625763,0.0156433701137781,0.00793165170168218,0.52094923258714,0.0952699471903987,0.0407974041985282,0.191999236489322,0.018086532796743,0.0974786271598317
A0A1P8BGN8,1,0.0189556805675952,0.0254683746128669,0.0127260482405484,0.350574752920396,0.100665935029242,0.050155985042351,0.263675875642064,0.031192357387192,0.146584990557744
Q9FHI7,1,0.0283077587327897,0.0381420270832169,0.0185076570011324,0.272883433312377,0.11459659772778,0.062792238121813,0.242872163685668,0.0451435054697691,0.176754618865455
Q9FIP7,1,0.0141851688769789,0.0192543865447591,0.00936337442723723,0.354219859009282,0.0737992448220979,0.036072978066154,0.312318881554569,0.0237347036686763,0.157051403030246
Q9LTC0,1,0.0249019174775427,0.0311149099103216,0.0174242200376294,0.312203539666436,0.205133262942261,0.0994486811612675,0.166289027479178,0.0342201425330488,0.109264298792315
Q9FGJ3,1,0.0296494797758315,0.0370264937525305,0.0201282687251727,0.315563664578783,0.187502813691912,0.0924458003519199,0.170831315044412,0.0387612911635654,0.108090872915873
Q9FIK1,1,0.02144541022117,0.027576657620358,0.0145361336444873,0.395493811390452,0.149191500834462,0.0671744347440079,0.189093096793279,0.0310480492433203,0.104440905508464
Q5XV13,1,0.0360266964178516,0.0438772679954501,0.0258864386989929,0.267704795346649,0.192459676313839,0.110023615001429,0.166976527882122,0.0472857959278914,0.109759186415775
Q9FGL5,1,0.0200556952994123,0.0256183508964208,0.0135551354861933,0.416017537524028,0.165452134840356,0.0706887536140032,0.166743647315192,0.0277362375965711,0.0941325074278231
P42762,1,0.0371764990316363,0.0514389246449887,0.0227325606152073,0.249503097848311,0.107107168529627,0.059701216465288,0.237921631362834,0.0565667381736462,0.177852163328461
Q8L7T9,1,0.0165092066037804,0.0216833790882213,0.0109821501728201,0.444919078458406,0.116604138160678,0.0516738804910246,0.202102399588875,0.0248008017477917,0.110724965688402
Q5HZ03,1,0.0140825769994152,0.0187380847675435,0.009609206695786,0.36764459316571,0.0945209540144041,0.0457783769232943,0.270105092288043,0.0231867974327708,0.156334317713033
Q9FG77,1,0.0129911611907903,0.0172778035554453,0.0086955910835727,0.458860092557342,0.0924136036360415,0.04150918658942,0.228923520345353,0.0204627915040732,0.118866249537962
Q9FJT7,1,0.0186822098587066,0.023698775360616,0.0126628351559147,0.40903158986291,0.1877197492914,0.0769743063967014,0.153881294345433,0.0252856967835648,0.0920635429447534
Q9LU73,1,0.0206839902205803,0.0287029134969791,0.0132550692692712,0.310828028391353,0.0801460616987175,0.0407878380061089,0.309212393283277,0.0353680177455138,0.161015687888199
Q5EAE7,1,0.0417026263125821,0.0496328286530216,0.0296459500244442,0.256133851510666,0.202245129321089,0.11463746296075,0.154121305949598,0.0510047885821698,0.100876056685679
Q9FN94,1,0.03464986701327,0.0418874001178348,0.02489042187426,0.259448239803394,0.201501545191265,0.115244775178517,0.163337905231347,0.0447956249885041,0.114244220601609
Q9LSS0,1,0.0302233539828429,0.0380051376795285,0.0205932006583858,0.286580261594525,0.190120761045347,0.100234357427779,0.172383525511325,0.0404404235070758,0.121418978593191
Q9ZTX9,1,0.0140626595535392,0.018809823125731,0.00954192675132702,0.3924592518096,0.0898358059148236,0.0428844621642137,0.270369141387766,0.0233019111505306,0.138735018142468
Q9FJH9,1,0.0363707123164557,0.0471443511993945,0.0238046320863782,0.281855313778633,0.137771657514844,0.0754013148349221,0.206886401115785,0.0516338479095779,0.13913176924401
Q8L608,1,0.0292813010325692,0.0357594835365955,0.0200233625242037,0.305811336368724,0.215652411737659,0.106015768116195,0.151592133593713,0.0357355663230571,0.100128636767284
Q9FII5,1,0.0266958888210665,0.0376435278441847,0.0162591127380603,0.298042329644032,0.0899351185246223,0.046274697193685,0.272732931188219,0.0424618967583988,0.169954497287732
Q9LVB0,1,0.0184366425769441,0.024276000031458,0.012488354504197,0.388478385915015,0.116949398681075,0.0555063909169774,0.228031968091424,0.028932078357925,0.126900780924985
Q501G6,1,0.0143017570757618,0.019094079538129,0.00955085106538212,0.433983486771709,0.0927061965267189,0.0422794352961599,0.242930358180209,0.0227432209468985,0.122410614599031
Q9FGW7,1,0.0219047064246776,0.0276913132587829,0.0154091203707572,0.33554660026266,0.158234355827825,0.0804794082081837,0.200246600237649,0.0316702294416069,0.128817665967857
Q84W56,1,0.0415258000150135,0.0539037898906437,0.0274533297964018,0.256886603463875,0.13815157544462,0.0779732199127721,0.205204810694236,0.060480160923031,0.138420709859407
Q9FFQ7,1,0.0198111298846474,0.0248789890515113,0.0141211398541696,0.337544534469257,0.18181442925482,0.0886517547221149,0.183645548208803,0.0288272466910511,0.120705227863626
Q9FN07,1,0.0337796097813585,0.0416841030044832,0.0235247071045196,0.272831425788308,0.190319324521638,0.106365448262841,0.16883400092301,0.0435934916147565,0.119067888999085
Q9FMF4,1,0.0131433986134472,0.0180445088507023,0.00861136994787833,0.376006661096258,0.0691072683249909,0.0328211749187058,0.316597697036342,0.0223901768698539,0.143277744341822
Q9FKY5,1,0.0129887977039177,0.0172368589437012,0.00886661373093312,0.413009763861319,0.0937970131087783,0.0437776014247719,0.253114679226306,0.0210381203204488,0.136170551679824
Q8GWL4,1,0.0197812956519236,0.0252718446021171,0.0134417633533239,0.406587324797985,0.150965374793358,0.0681588447139407,0.182929130950579,0.0277443522677944,0.105120068868978
Q93ZY1,1,0.0244541983986885,0.0341800561500297,0.015180599200878,0.296000032951878,0.0865172281928881,0.045158673948123,0.28325613655969,0.0394125424971198,0.175840532100704
Q84WJ0,1,0.0225946969639365,0.0287236865158113,0.0151649807531282,0.372888042056894,0.168674042041964,0.0772457286619643,0.174974328842844,0.0307075422996124,0.109026951863846
F4J8C6,1,0.011001167318182,0.0145583882601707,0.00741123303243045,0.50957240519431,0.0876191523283326,0.0381090353246977,0.209388760906148,0.0171715990039475,0.105168258631782
