ID,Cluster,#1,#2,#3,#4,#5,#6,#7,#8,#9
F4HQJ2,1,0.343667791130239,0.0764948663311936,0.114972758086953,0.0338609435672389,0.0580261495968575,0.0500728904712256,0.0315054625050657,0.259661272699013,0.0317378656122138
P92949,1,0.275823084891567,0.089846180190536,0.128883070871507,0.0483862821595487,0.0695744908674238,0.0604441709741163,0.045976112046415,0.23842118979827,0.042645418200617
Q9SYK6,1,0.412655659604362,0.0609434609144585,0.099884563096273,0.0217524567310026,0.0446605520342654,0.0380703170913436,0.0191148530477547,0.281736052440682,0.0211820850398582
Q9LMJ1,1,0.249997601023031,0.0978036840588667,0.132851381499809,0.0535859218335054,0.0763975959699294,0.0665134579950434,0.0530666761611358,0.220631142009853,0.049152539448827
O82811,1,0.326284055863013,0.0809476972447469,0.117321515754866,0.0385223958716266,0.0637798308488589,0.0562516851085652,0.0361826744176616,0.244962379721897,0.0357477651687649
Q9LMZ9,1,0.276852907814938,0.0876042727583706,0.120857741051973,0.0556931481553557,0.0705080695412259,0.0625067158135792,0.0570861268035494,0.22159373948769,0.0472972785733174
F4HUE2,1,0.279893980366533,0.0900826600875897,0.127301441599996,0.0468289837865182,0.0707037566296836,0.0619942074189741,0.0446623687766209,0.236262292920402,0.0422703084136822
O04500,1,0.301060584874354,0.0880805965524909,0.126432071708779,0.0379570691740255,0.0696931332277882,0.061686441520923,0.0341525481525812,0.244240903566136,0.0366966512229222
O04514,1,0.26934012625867,0.0946104000161933,0.143853614285034,0.0366660431086374,0.0714958698729284,0.0615360941505737,0.030758316952804,0.25631870435097,0.0354208310041886
Q45GQ7,1,0.258720904515081,0.095856425597964,0.132765601710694,0.0511121884710482,0.0749327955731733,0.0652942808558883,0.0494970830777657,0.225700721262751,0.0461199989356357
O65378,1,0.399079212568907,0.0554460462432495,0.102944011383473,0.0151344636026395,0.0377157405116662,0.0310388040600301,0.0125620535686625,0.330713560210735,0.0153661078506372
AT1G04927,1,0.256659880472611,0.0955868088912258,0.12837125510168,0.0536663404627893,0.0787247894681917,0.0708841677741986,0.0513563979818535,0.21596374082547,0.0487866190219797
Q9FX60,1,0.324590091219286,0.0802798461901997,0.119781187572627,0.0379716137214135,0.060985167760003,0.0525348043919899,0.035640340526032,0.253408736940643,0.0348082116778056
Q9LQU2,1,0.231547643479034,0.100255467033726,0.13044804343801,0.0611861644056985,0.0819711984451178,0.0731909903718706,0.0614231222596933,0.204631606041551,0.055345764525297
Q8H0Z4,1,0.31347837861742,0.0815797095691369,0.116816068709042,0.0452468068908881,0.0643206588301431,0.0565363088112233,0.0448223051454763,0.237497132170628,0.039702631256042
A0A178WGQ1,1,0.262667163125717,0.0963803140930786,0.135777420513898,0.0466421971605783,0.0729910520835128,0.0625184152592182,0.0446542954961892,0.234734548474007,0.0436345937938018
F4I902,1,0.41271183582947,0.0587973964149992,0.100874844251601,0.019146808064343,0.0418965515554591,0.0351747053369635,0.0164180678182359,0.296119840569853,0.0188599501590749
Q9LPU7,1,0.318502542100893,0.0827582880617513,0.131353284770441,0.0284080991393169,0.0604372239462823,0.051183089440306,0.0243975382444772,0.274641470499611,0.0283184637969216
Q9LMN6,1,0.348531896442698,0.0747777841256766,0.11904407592112,0.028102426691027,0.055848031524176,0.0479284604778201,0.0243678308529686,0.274411053034794,0.0269884409297197
Q9LMN7,1,0.362650155614944,0.0726050281104243,0.11341030339195,0.0270592981608809,0.0544284091772161,0.0469022744655679,0.0239467606950479,0.272555741640761,0.0264420287432079
F4HWF9,1,0.294635734858765,0.0885011665769763,0.12889468249627,0.0397510242388698,0.0667473783140065,0.0573051493215493,0.0374664930832501,0.249190763435864,0.0375076076744491
Q9LM20,1,0.297671800501861,0.0897889420316365,0.131453197891424,0.036917943484158,0.0687102686542355,0.0594218611774893,0.0332190657400936,0.246922273330138,0.0358946471889646
O49298,1,0.342792045481851,0.0720189075147638,0.121747321188138,0.023090383402538,0.0512605459718864,0.0430370626025092,0.0194204221060025,0.303771693445569,0.0228616182867424
Q9ZUB1,1,0.244069692734736,0.0967741947455967,0.134340215514138,0.056616701215298,0.0752778325017817,0.0653297664425299,0.0546374813612199,0.223698597852399,0.0492555176323008
Q8LAL6,1,0.30908894192847,0.0861894071477369,0.128558566370517,0.0341899212330726,0.0642206883141201,0.0548727087303985,0.0311339730437374,0.258323854899307,0.0334219383326409
AT1G26233,1,0.304388763111894,0.0877919978003979,0.131444864378191,0.0329161807290099,0.0662361776603885,0.0571210094718797,0.0292545225520339,0.258533057151077,0.0323134271451277
Q9C668,1,0.362952991620024,0.0716926503942112,0.109583375844002,0.0321322829386197,0.0540317092091881,0.0465037687836759,0.03012420563468,0.263270152255974,0.0297088633196245
Q9C669,1,0.413102348727813,0.0610848945090397,0.100638871479661,0.0203922403085356,0.0447133322101758,0.0381494401358097,0.0177091342761206,0.283955739838681,0.0202539985141635
A0A1P8AQ97,1,0.302574057247435,0.082753355024312,0.11873947051457,0.0476562591234267,0.0649498559363023,0.0568725258398578,0.0471272207003492,0.238131430813127,0.0411958248006203
Q9FZC5,1,0.238226735565644,0.0966945826462078,0.127005076047095,0.0627916125298352,0.0789700206836021,0.0704608982434517,0.0647427362398712,0.206157402569841,0.0549509354744514
Q9FZC8,1,0.251048952593898,0.0985406973054365,0.146012136075577,0.0434863556635954,0.073420891686655,0.062463279145806,0.0378899117090811,0.246571960176547,0.040565815643404
Q9LQX4,1,0.282544908739605,0.0917083017267505,0.141528024618945,0.0322921742066316,0.0676906808060585,0.0575471518716395,0.0272577543285098,0.267247710366312,0.0321832933355481
Q9C7E9,1,0.248549154884756,0.0976292058658589,0.132924519295774,0.0542366900885452,0.0791613300464735,0.0704585787743835,0.0507756442426238,0.217354178481986,0.0489106983195989
F4I337,1,0.311202396635863,0.0840155448059255,0.132939790138048,0.0296779992148588,0.0601361403164075,0.050369886393449,0.0260792804426669,0.27634280357481,0.0292361584779711
F4I352,1,0.2805466640213,0.0950000226551965,0.151875028718137,0.0236857241635678,0.0680807193030667,0.0575387104983953,0.0193378694705559,0.278173102073447,0.025762159096334
Q9SA88,1,0.37293874920414,0.0690524743803283,0.112949541217552,0.0246266712500522,0.0503518829275977,0.0426755342709527,0.0214734233356194,0.282054755928345,0.0238769674854122
AT1G32172,1,0.237261208646291,0.0977026329460127,0.12937042260712,0.0617555146612926,0.0778543929893128,0.0684058387763515,0.0647855878204199,0.208779186980704,0.0540852145724957
Q9LQ36,1,0.264634285911348,0.0912682465974593,0.124593208275825,0.0563997931392039,0.0736305264684061,0.0653604135130965,0.0570453476455099,0.218430399107992,0.0486377793411594
Q9C8U4,1,0.281359367091374,0.0887760709268218,0.151042367681582,0.029703860749842,0.0631024855337145,0.0524755961715248,0.0240823337261976,0.281026416742656,0.0284315013762867
Q9LNL1,1,0.281780294751941,0.0877289126536981,0.141921965947295,0.0373503642702816,0.0640019447757585,0.0537949258453551,0.0316827664631057,0.268419011675476,0.033319813617089
Q9C6E7,1,0.286627126853973,0.0923362373549793,0.133261438916835,0.0381938679328023,0.0707093589582926,0.0612472067151752,0.0346361232833155,0.245543157393627,0.0374454825910004
Q9C7I9,1,0.288992417406463,0.092857299929622,0.136210314524968,0.033342280713663,0.0700955168979419,0.0604929462024892,0.02932847296342,0.254699051278878,0.0339817000825546
AT1G07393,1,0.260037340388415,0.0970532349607249,0.130639815956695,0.0500009217953518,0.0780252741082799,0.0692064235651207,0.0483772724301675,0.219530769523011,0.0471289472722343
Q9SX93,1,0.356611805607673,0.0741445300053661,0.111672616210872,0.0335170357949124,0.0566195806335973,0.0490736656994697,0.0315007652699172,0.255800340329786,0.0310596604484063
Q9SX94,1,0.352793876067134,0.0733910457785821,0.115530685528374,0.0313441868779179,0.0547459417796998,0.0467780780026902,0.0283001496962034,0.268276651541093,0.0288393847283057
A0A178W5J7,1,0.285995060146004,0.0931390163209736,0.142419908986373,0.0299984840316512,0.0680368833756532,0.0577503292855845,0.0258419619861801,0.26622602602084,0.0305923298467411
Q9C749,1,0.229646554736137,0.0990733162167087,0.128875038224779,0.0642799859922082,0.0798944923369082,0.0706572912916198,0.0679874742073741,0.202801435724839,0.0567844112694261
Q94BY6,1,0.254861563151234,0.102756937307282,0.149944938359273,0.0352846888994141,0.0771124429847791,0.0660922433355287,0.0299102645453905,0.247772977088002,0.0362639443290963
A0A1P8ATA8,1,0.275518688321708,0.0946979799345332,0.135708422829335,0.0411700601628189,0.0720897382832424,0.0620308564814676,0.0376386404178707,0.241347509240927,0.039798104328098
Q6NML0,1,0.262268025184886,0.100836463540689,0.153318168837294,0.032659456916983,0.0724915638168812,0.0606406119020891,0.0280026970923727,0.256553433270089,0.0332295794387156
A0A1P8AUP3,1,0.300652738528159,0.0862991753192863,0.131170361656401,0.035905173403409,0.063706437459607,0.0540301672252663,0.0324250508539339,0.261805952658462,0.0340049428954754
Q9C6C8,1,0.273853279575511,0.0935328785831657,0.133444676176893,0.0435770557861341,0.0729384792771533,0.063756170931096,0.0396680568714657,0.238362040637709,0.0408673621608726
A0A384LK78,1,0.287172411901462,0.0877245933045796,0.123168581854561,0.049016895268297,0.0686504069684781,0.0599781801489124,0.0492836923105629,0.231502186456963,0.043503051786185
F4I4Z0,1,0.281292321068731,0.0893186279313752,0.128772561963203,0.0461903833714531,0.0686321273358961,0.0592880617533223,0.0437742839957193,0.24137862499162,0.0413530075886797
Q9FZB8,1,0.27085445025084,0.0913851376338218,0.12969584499233,0.0494644485362259,0.0715769470915727,0.0625615184640788,0.0468717096084725,0.233974773859253,0.0436151695634057
Q9ZU13,1,0.344207911130808,0.0754105325038249,0.12049741370192,0.0277514017785588,0.0555656428177881,0.0473424521546707,0.024192354221085,0.278303745379123,0.0267285463122221
Q9SSP8,1,0.220692679750339,0.0995643016244183,0.128117441019567,0.068433672968002,0.0821913387386218,0.0737165782491348,0.0707928942822247,0.197136429484223,0.0593546638834704
A0A1P8AP20,1,0.247038328052446,0.101043926462331,0.143948604473362,0.04742715491021,0.074694377948624,0.0629598330918329,0.0444884316826907,0.234142609728035,0.0442567336504673
AT1G07823,1,0.287732336851494,0.0884066641288445,0.12981129891848,0.0430242451945614,0.0668624903941959,0.0573325271144855,0.0405105876388299,0.247482732448683,0.0388371173104258
Q9SGU2,1,0.284319231752087,0.0905435293534315,0.135892246108037,0.0369199070184696,0.0679578984817248,0.0582031300100309,0.0323472361913579,0.258443149546571,0.0353736715382911
Q9SGU3,1,0.287334634717606,0.08863517994444,0.125112414382791,0.0454776900983264,0.070031870028812,0.0616954804282867,0.0431107577459576,0.236994977757307,0.0416069948964733
Q9FXB2,1,0.259218389668653,0.0950312083090181,0.133230152308514,0.0508974888442327,0.0723347745566766,0.0620603919960791,0.0501974979975152,0.231254056957024,0.0457760393622867
Q9C6F6,1,0.326624633151054,0.0810920626350148,0.119985339015659,0.0347245263176564,0.0612779218456391,0.0528407030808989,0.0324825727619973,0.257674036418171,0.0332982047739088
P0CW98,1,0.27043185774534,0.0939674544045744,0.131600483490293,0.046481433607632,0.0731987011963215,0.0638038929965571,0.0440804320160076,0.233144015063572,0.0432917294797027
O22693,1,0.331934627152257,0.0817163593343245,0.122878469609315,0.0289883648872536,0.0617401876498188,0.0534488045538696,0.0256850035692668,0.264186205087825,0.0294219781560706
Q9C7W2,1,0.435371039413789,0.0509475429146417,0.0904118944353054,0.0182026291146858,0.0358254088753286,0.0298488980379132,0.0157859877792645,0.306617483291137,0.0169891161379348
Q9C7W4,1,0.293517842107459,0.0859290675417138,0.146210448299684,0.0260159777306959,0.0615717615885303,0.0516643356592837,0.0209651002684752,0.288195917332473,0.025929549471685
A0A178WAY0,1,0.427428919843042,0.0467064158390665,0.0889464075371976,0.0140219351373955,0.0315304117908865,0.0258068889793664,0.011748454177004,0.340175491920425,0.0136350747756166
AT1G08763,1,0.260616287885928,0.0932602003475538,0.125704861691024,0.0555636722693097,0.0749511044287036,0.0663695164602156,0.0565855768370998,0.217471674590843,0.0494771054893225
Q1PFG4,1,0.370100247057833,0.0711657776863741,0.10878120129424,0.030348760556679,0.0537945117213205,0.0464019049105749,0.0280765117499958,0.262727824229944,0.0286032607930386
Q9SHY6,1,0.325426439626105,0.0827582648856215,0.12309975879777,0.0325808665769519,0.0630949197846616,0.0547208731995909,0.0294813585926467,0.256896369082006,0.0319411494546469
F4HQ23,1,0.416863134693959,0.0567040092574939,0.0971750355182701,0.0215010910304838,0.0404286506111994,0.0338511533289021,0.0189162117510433,0.294551999135661,0.020008714672988
Q9FZI2,1,0.24148396237956,0.103884552249159,0.147130406774746,0.0442168597541686,0.0786776132702927,0.0675348202952304,0.0389933559166509,0.234951493542661,0.0431269358175313
Q9FYG4,1,0.288278166546056,0.0910273468627123,0.131963319495729,0.0375910130976905,0.0696890933933154,0.0604656001960214,0.0338221655289982,0.250311717453517,0.0368515774259599
Q9C9W8,1,0.250358232477762,0.100366448291892,0.139017323778463,0.0473305513258674,0.079058307098287,0.0693689737256182,0.0428219818602607,0.226574749070412,0.0451034323714371
Q9LE54,1,0.383888288026342,0.0662107145380769,0.107343140243815,0.0258013199826536,0.0479051465245339,0.0403991959298061,0.0233308820456843,0.280708988586613,0.0244123241224755
AT1G69572,1,0.331685091762395,0.0792348542212784,0.126192207834529,0.0263988967911979,0.056987963832971,0.0479992106148171,0.0230720500751666,0.281885578433888,0.0265441464337569
Q9C9I8,1,0.355851570033486,0.0746099711511808,0.111148149093176,0.0334142779069505,0.057206959101594,0.0497664575902715,0.0315681352946922,0.255081962459647,0.031352517369003
Q6NQ47,1,0.25963556889113,0.0925623325302763,0.129786053441569,0.0541510894881221,0.0724094009252153,0.0631525559593462,0.0526103737159826,0.228913279870238,0.0467793451781209
AT1G09297,1,0.304427283579706,0.0859754678546681,0.123147704846197,0.040399204704328,0.0660558724012096,0.0573564537348994,0.0388077368669539,0.24571801156673,0.0381122644453079
Q9CAU3,1,0.327277506328411,0.0745508028554555,0.127740879891703,0.0285234156783814,0.0526396353474631,0.0436635173503551,0.0243239499847251,0.295237267614711,0.0260430249487949
Q9C9T2,1,0.374708583479917,0.067339477276377,0.111334863724112,0.0256958805591774,0.0485625200801498,0.0408666675298058,0.0228286313825571,0.284673987486043,0.0239893884818607
Q9C6A0,1,0.277230490439228,0.089767251876484,0.125003200864954,0.0514053930243913,0.0703078676326835,0.0613588789836361,0.0521698349802674,0.22748618390676,0.0452708982915967
Q9SSG5,1,0.288134873820562,0.0893529264447636,0.129576683491912,0.0414172253482669,0.0695825431472276,0.0607945725911536,0.0375188383912657,0.245125854511359,0.0384964822534902
Q1PFD1,1,0.288709222299575,0.0876366128656357,0.135340062469356,0.0366399785830731,0.0645394550523209,0.0547199218313167,0.0321034517322785,0.266118070047768,0.034193225118677
Q9S851,1,0.250486931285135,0.0954982162701791,0.132695577826614,0.0550940288137465,0.0751954861909233,0.0657838808411318,0.0527579548457885,0.224386286165175,0.0481016377613068
A0A178WMM6,1,0.261714014374382,0.101392018879983,0.159616703526229,0.0285477310128595,0.0730662228376524,0.0613952460816471,0.0234860070722092,0.261159720361449,0.029622335853588
A0A1P8AQS6,1,0.241411395066346,0.0980267435471285,0.134001020715026,0.0568048283337274,0.0780336606714432,0.0686346409355807,0.0538436377819325,0.218855071326229,0.0503890016225862
Q9ZVA3,1,0.28689716734191,0.0907844771293025,0.133388836954831,0.0394958228955159,0.0692142578621223,0.0598122517739081,0.0360627552397638,0.247554826679399,0.0367896041232468
O64538,1,0.321456834796264,0.0830106005530333,0.127918830861205,0.0290679973980565,0.0630219843992723,0.0546680497089168,0.0248679093720032,0.267004417792586,0.0289833751186627
Q9LYV8,1,0.281096128421746,0.0914396061054892,0.133847105177101,0.0411106930581271,0.0682958288879546,0.0582047561873695,0.0381329329474529,0.24918190591431,0.0386910433004492
A0A178URA3,1,0.419962333736033,0.056815096225474,0.0971040844475381,0.0188089480347704,0.0401889211084075,0.0336405866209239,0.0164083569308282,0.298664964628716,0.0184067082673089
F4KGN5,1,0.387212753364371,0.0616940170927815,0.10933288695785,0.0168583894946063,0.0435529053418962,0.036571186296339,0.0139271989670406,0.31357178805551,0.0172788744296043
Q0WL44,1,0.297087092662988,0.0857443559331484,0.131814942979159,0.0377140188758158,0.0629419715656435,0.0531556013516916,0.0342383239513045,0.262883061404417,0.0344206312758326
Q9LZ24,1,0.283827163479923,0.0911685506145356,0.12813584179884,0.0438055734929985,0.0729937064873082,0.0648547574972399,0.0403073092783172,0.233837774913194,0.0410693224376432
F4JZB9,1,0.303266483474588,0.0884260597201346,0.137443370251982,0.0263782177947322,0.0646487406336572,0.0549977426765779,0.0222832199214171,0.274737231958136,0.0278189335687748
A0A178UA82,1,0.27999166339757,0.0912568980026786,0.130331114535262,0.0439398702089315,0.0695296505946066,0.059897311286053,0.0417038056006741,0.242257045816816,0.0410926405574087
Q9FG36,1,0.353730137075674,0.0746406730760786,0.114240357795752,0.0295704492005036,0.0566036470099931,0.0490307366965711,0.0264932239342337,0.267115864537636,0.0285749106735585
Q9LYQ7,1,0.319650239012033,0.0793992154919575,0.126531770711771,0.0345635445112172,0.0588360898747061,0.0499638617360669,0.0303322501130536,0.269557101784055,0.0311659267651389
Q9LY27,1,0.29722094741455,0.086753891790193,0.128619975385694,0.040587200752435,0.0652199882371557,0.0557464589508597,0.0379896233573563,0.250726596318335,0.0371353177934214
B3H7H0,1,0.205922005065621,0.111482256674334,0.139408453990183,0.0598387488347842,0.0922699521442931,0.0829387165888187,0.0566551793718828,0.193121528580119,0.058363158749964
AT5G01645,1,0.260037340388415,0.0970532349607249,0.130639815956695,0.0500009217953518,0.0780252741082799,0.0692064235651207,0.0483772724301675,0.219530769523011,0.0471289472722343
Q94CL4,1,0.358787197730874,0.0700249102508488,0.118846110608841,0.019004492597077,0.0497225607604103,0.0418784888248892,0.0158088829235266,0.3059738013735,0.0199535549300329
Q9LYJ5,1,0.260795186723067,0.0958631623856012,0.131891633767014,0.0497512058644668,0.0760520055047523,0.06698578574791,0.0473149668671162,0.225506476362417,0.0458395767776552
Q9LXG2,1,0.379559218381397,0.0617297763716292,0.108802090310555,0.021608738580787,0.0427575706854451,0.0352544720493495,0.0186520178866368,0.311258475883391,0.0203776398508102
Q39057,1,0.310976121957856,0.0831275975788899,0.125529377169772,0.0367574005723477,0.0619725222353733,0.0528382085246697,0.0337275872572174,0.260781183522629,0.0342900011812447
Q2V371,1,0.303396077731874,0.0867662217563014,0.130767794418885,0.0329658306343322,0.0647322833639926,0.0554459789472754,0.0291715453675931,0.264350967814222,0.0324032999655237
AT5G02555,1,0.262215868304601,0.093501745175307,0.125920282688388,0.0549488559681416,0.0752981629521422,0.0667456788612973,0.0559936018840029,0.216246098413265,0.049129705752854
F4KGY6,1,0.346018151000353,0.0741204609273989,0.123715930302534,0.020030661892974,0.0531381873993447,0.0449632578944717,0.0166063579046346,0.300277429486615,0.021129563191674
Q9FJG5,1,0.315532647139852,0.0822225931511718,0.131667707729033,0.0290397602004352,0.0585535544781211,0.0489268613201696,0.0255232142154281,0.280169617660344,0.0283640441054445
Q8VYW2,1,0.361571218057191,0.0671715554507134,0.116232700912998,0.0195206682360258,0.0475922967316726,0.0399350121473499,0.0161927820371969,0.311958740911567,0.0198250255152854
Q8RX87,1,0.395740302851091,0.0620909384293594,0.106316139364663,0.0182184443338785,0.0445715125582514,0.0377028549809959,0.0152892968028082,0.301542117535194,0.0185283931437586
F4K493,1,0.403742859068691,0.054316307697193,0.100076916347315,0.0150933436058399,0.0368566474066897,0.030260279534683,0.0126217313232007,0.331747241410788,0.0152846736055995
Q9FMS7,1,0.246799094698338,0.102762904591425,0.150198783253809,0.0409567038901288,0.0791367819543919,0.0685349304607651,0.0342750627489976,0.23778904061462,0.0395466977875241
Q8W110,1,0.297945175051901,0.0870991576659977,0.124122770212525,0.0426271852752741,0.0693689277181328,0.0614638803846981,0.0395507898875999,0.238446308894138,0.0393758049097327
Q9FLW2,1,0.26293883705008,0.089698823432687,0.120958517922359,0.0603383728721166,0.072870580222331,0.0648789983474122,0.0640441894675692,0.213381100968078,0.0508905797173665
O82122,1,0.260677861486512,0.101050790280651,0.14867880697783,0.0353239953972776,0.0739391458533285,0.0624625123302045,0.0308021864466249,0.25111013848407,0.0359545627435019
O49195,1,0.313960413030632,0.0782353796483579,0.135749197161988,0.0213136535694854,0.053677126394679,0.0442999353045082,0.0175805868526117,0.313036101088694,0.0221476069490439
O23624,1,0.242930295955602,0.0973219856852412,0.130489081143338,0.0582390103284802,0.0779517690585182,0.0688040695160314,0.057613749395717,0.214840771926397,0.0518092669906747
Q501E6,1,0.367778646521091,0.0630958861953924,0.113452150153732,0.0201757627495419,0.0435427566806018,0.0359044688548419,0.0169037971237197,0.319531637043257,0.0196148946778222
Q4V3D6,1,0.252960451277005,0.0967938982608651,0.130513717758935,0.053258284841654,0.0774307592240188,0.0685012469235616,0.0519697343461265,0.219704567838966,0.0488673395288672
Q8GWS3,1,0.328207084280536,0.0792173583443211,0.118688506586649,0.0380230231344445,0.060720763784827,0.0525833175973089,0.0353606250831767,0.252695980525031,0.0345033406637059
F4K2R6,1,0.309542762375733,0.0848254110026633,0.128364194179474,0.0347234022476489,0.0632550870188415,0.0539861591561564,0.0312974090877946,0.260711645004727,0.0332939299269605
Q3E8R5,1,0.344694936717537,0.0757555435037392,0.111869159364427,0.0379964205299514,0.0587341108561004,0.0512649045214107,0.0366321732368376,0.248875351282752,0.0341773999872435
Q9LTG5,1,0.341735666721548,0.0701534641581703,0.126474810660473,0.0208778739582724,0.0487536895241988,0.0403698081919971,0.0171253470477338,0.313985591561385,0.0205237481762214
F4K5X6,1,0.334975885809335,0.0809128352748596,0.124950062185204,0.025168647435419,0.060779967485147,0.0526321455150797,0.0214963939295405,0.272831576633365,0.0262524857320498
C0LGU1,1,0.3582493932154,0.0736498537442161,0.110796966295444,0.0333423369257196,0.0559075769405002,0.0483179420991666,0.0316806562334287,0.257118965616368,0.0309363089297568
F4KBM0,1,0.311463125378937,0.0823971270129443,0.131851551389436,0.029832460443178,0.0582964944791413,0.0484969997504112,0.0263864934754308,0.282324572174154,0.0289511758963679
Q9FIC9,1,0.256659880472611,0.0955868088912258,0.12837125510168,0.0536663404627893,0.0787247894681917,0.0708841677741986,0.0513563979818535,0.21596374082547,0.0487866190219797
Q9FKS8,1,0.358781801404239,0.0620453210406593,0.117780243684055,0.0152188747741051,0.0421465996874805,0.0347404391821748,0.0122373140610625,0.3412020885022,0.0158473176640248
A0MFL2,1,0.271097854606209,0.0922207336365855,0.129597208108059,0.0490589442673199,0.0726853966884282,0.0637483811762471,0.046564792961477,0.230782321868202,0.0442443666874717
Q9FHD5,1,0.339476624044082,0.0759211889111123,0.122520017695646,0.0275290892543261,0.0548246569467877,0.046197218162819,0.0240414383865754,0.282690853729683,0.026798912868969
Q9FHD4,1,0.310935587817172,0.0841939254374661,0.132496081669878,0.0293305536472129,0.060027408406696,0.0501936736744099,0.0258616061740932,0.277729452314366,0.0292317108587063
Q9FHD3,1,0.390216332174765,0.0672964064401455,0.106953544958091,0.0229882160313698,0.0498505888486478,0.0427915196847634,0.0202517441987816,0.276644941090916,0.02300670657252
Q9FFS5,1,0.294610637210595,0.0836881878044796,0.14373908820793,0.0301549291672024,0.0580781551311857,0.0476569328439375,0.0252980776972725,0.288633472733354,0.028140519204043
Q9FJ36,1,0.259583441858988,0.0970743563560055,0.140942099116941,0.0441723972899667,0.0717294317872602,0.060588350448735,0.0405976062552771,0.24359000322466,0.0417223136621673
Q9FHY0,1,0.223852949582595,0.104791343938669,0.139203403110077,0.0581382889028308,0.0825058752197766,0.0719657786185419,0.055897721457348,0.209937069530725,0.0537075696394367
Q8L8T7,1,0.303252321943146,0.0875202817132765,0.134531477182789,0.0285617928348147,0.064395816722958,0.0549593331934194,0.024573120230159,0.2729363563214,0.0292694998580368
A0A1P8BFL1,1,0.271635915717704,0.0929212025526719,0.12888152028475,0.048582521606129,0.0723997509326127,0.0630922264344229,0.0479203137980431,0.230060123604849,0.0445064250688175
Q9FIY8,1,0.314951009387861,0.0800647214402503,0.134794477249453,0.0285325053410628,0.057269695186311,0.0478478308340733,0.0239854648859032,0.285591701891839,0.0269625937832464
Q9FIY1,1,0.298514306314199,0.0849509648127201,0.123382473523039,0.0453714357571792,0.0665937611555086,0.0582984780700604,0.0428454782399231,0.24016718686787,0.0398759152595002
Q9FFH5,1,0.205922005065621,0.111482256674334,0.139408453990183,0.0598387488347842,0.0922699521442931,0.0829387165888187,0.0566551793718828,0.193121528580119,0.058363158749964
Q3E8H4,1,0.246691422038069,0.0985838807987665,0.134956442079674,0.0525146765679255,0.0788893035728339,0.069715117012482,0.048542601409914,0.221928260730747,0.0481782957895886
Q9LU07,1,0.296621319280214,0.0908653703983656,0.13038275589813,0.0364817310851055,0.0697709311311983,0.0605993608774779,0.0333424734769393,0.245673047896515,0.0362630099560541
Q9FHE8,1,0.438601528756671,0.0533034606137808,0.0931416147680185,0.0162449609270776,0.0376591707847904,0.0315665904592132,0.0138859105545731,0.299385073699828,0.0162116894360471
Q94JR2,1,0.395955024081825,0.0660286033788429,0.104382377379704,0.0238869285442251,0.0494351831460877,0.0426343058874024,0.0211519751098791,0.273030302693983,0.0234952997780507
AT5G06795,1,0.261600601657573,0.0945924551870948,0.13449286374141,0.048699360738989,0.0730186008740036,0.0631832288604302,0.0454210197676045,0.235111212348234,0.0438806568246597
Q9FL26,1,0.366390818091053,0.0692365405456905,0.109875715791145,0.0304314573950226,0.0509597190403964,0.0432367682740606,0.0280230304846868,0.274257414673694,0.0275885357042512
Q9LV70,1,0.374265595822135,0.0681585760210086,0.109414399358116,0.028194627374524,0.0502086009070974,0.0427055932021393,0.025399878062027,0.275503100978023,0.0261496282749299
AT5G49138,1,0.23861093172895,0.102596245149663,0.139749052386404,0.0522688941674328,0.0803566075682205,0.0700346935187105,0.0493086605666082,0.218894042106437,0.0481808728075735
Q9FGY3,1,0.397766192801259,0.055870716610271,0.102238577215889,0.0177975801871932,0.0380965745209632,0.0312186486893886,0.0150811174755348,0.324760083919961,0.0171705085795409
Q9FGS5,1,0.345250668205774,0.0729036555362402,0.124917440875886,0.0205320197560843,0.052425735170064,0.0443613627690183,0.0168066327944436,0.301710037232301,0.0210924476601889
Q9FHN1,1,0.277023115720369,0.095798342987724,0.141987534225669,0.0353064778263008,0.0728443904481165,0.0628104486145564,0.030162265633185,0.24876486343155,0.0353025611125293
F4KG50,1,0.278025130608832,0.0922487856786845,0.131208006911227,0.0439668886149054,0.0719377534838171,0.0628928601403462,0.0407290167223298,0.23799392792516,0.0409976299146981
F4KHL6,1,0.225521646110979,0.104477646496464,0.135052225729612,0.0577591856246798,0.0859068008148968,0.0770762208571036,0.0550568935023164,0.204651797818877,0.0544975830450721
Q9FI02,1,0.256659880472611,0.0955868088912258,0.12837125510168,0.0536663404627893,0.0787247894681917,0.0708841677741986,0.0513563979818535,0.21596374082547,0.0487866190219797
Q9FHZ4,1,0.294360324589546,0.0855200750103743,0.121704287033196,0.0486879290322291,0.0667930480421571,0.0582350688153744,0.0488294276962154,0.233525166286093,0.042344673494814
F4K1T9,1,0.285241319310691,0.0891781555579336,0.126108880377667,0.0465244928964614,0.0707289904435626,0.0623738676036432,0.0440049926397484,0.233762426209595,0.0420768749606981
F4K6C1,1,0.260037340388415,0.0970532349607249,0.130639815956695,0.0500009217953518,0.0780252741082799,0.0692064235651207,0.0483772724301675,0.219530769523011,0.0471289472722343
Q9XHV0,1,0.262215868304601,0.093501745175307,0.125920282688388,0.0549488559681416,0.0752981629521422,0.0667456788612973,0.0559936018840029,0.216246098413265,0.049129705752854
Q9FIF1,1,0.31585173705458,0.0816609100553897,0.130675636948206,0.0323434584058865,0.0600120966507625,0.0507794686862635,0.0281029620200139,0.270494298453668,0.0300794317252305
Q9FN93,1,0.332391550776995,0.0760807954175643,0.1269521997334,0.0281607891460341,0.0546821109812672,0.0458182415275272,0.0241314878366317,0.285345788521174,0.0264370360594065
Q9FJH8,1,0.310779511049236,0.0857643069842465,0.128622244186767,0.0324098634673584,0.0654469910520398,0.0568579756564683,0.0283569878498086,0.259712295283929,0.0320498244701455
Q9FJH7,1,0.355282941498747,0.0746326762928665,0.115891694847335,0.0290078776089551,0.0557337470370877,0.0477264835132543,0.0259751992084957,0.267734634578875,0.0280147454143844
AT5G08980,1,0.220692679750339,0.0995643016244183,0.128117441019567,0.068433672968002,0.0821913387386218,0.0737165782491348,0.0707928942822247,0.197136429484223,0.0593546638834704
Q8LRK8,1,0.25211982126224,0.0992997215820868,0.138626175224489,0.0471844601741666,0.0776121401859615,0.0677195477481099,0.0428856689533682,0.230368445489269,0.0441840193803082
Q9FLK4,1,0.310622029463026,0.0803059076227437,0.119904071284958,0.0448235004850639,0.0610999822548815,0.05251139932146,0.0436149409459968,0.24918685829346,0.0379313103284093
Q9FMK7,1,0.37895694003596,0.0667867356022429,0.111977124600467,0.0194063013775969,0.0481019366087269,0.0407792437729199,0.0163723066074786,0.29767454063595,0.0199448707586583
B2GVM7,1,0.372352185371864,0.0711131231590569,0.110029801779738,0.0271648829777645,0.053068496435622,0.0456128482561024,0.0246621993905582,0.26951119978773,0.0264852628415635
B5X574,1,0.335368813810165,0.0774607223449914,0.123194685411707,0.0294689899274606,0.0579938071807581,0.0497998588443897,0.0253510884075574,0.273218591655154,0.0281434424178175
B3H5B2,1,0.205922005065621,0.111482256674334,0.139408453990183,0.0598387488347842,0.0922699521442931,0.0829387165888187,0.0566551793718828,0.193121528580119,0.058363158749964
Q9LVR6,1,0.251315925628732,0.0988847677886009,0.138266241991555,0.0496193223166016,0.0747856555938424,0.0638645503102917,0.0477518257060535,0.229629143882133,0.0458825667821902
Q9MAC7,1,0.33742529590502,0.0742951043438349,0.127179735150888,0.0247345549229242,0.0527346755672993,0.04400291313319,0.0207946983867109,0.29492728315371,0.0239057394364223
AT3G01005,1,0.238990349858684,0.0996060471710906,0.132334061382268,0.0579696058579647,0.0789537218518066,0.0692096811557278,0.0586639591110158,0.211596025547014,0.0526765480644289
Q84J95,1,0.302751910595655,0.0862386683650136,0.132142670881367,0.0335246208558334,0.0637570195874095,0.0543063915574134,0.0296705908428466,0.265226590432339,0.0323815368821234
Q9SS67,1,0.259026895647248,0.0960953536382423,0.129271172629203,0.0524649615236724,0.0779083227960537,0.0693763942679397,0.0511730394039333,0.216411656522699,0.0482722035710083
Q9S7A0,1,0.418633977179122,0.0564811658202664,0.0978413164280061,0.0170867449522094,0.0400421472285513,0.0336378773473348,0.0144847680228717,0.304507996893948,0.0172840061276895
Q9M9X0,1,0.343151030787622,0.0743173765792923,0.114446188342855,0.0355195985378967,0.0559799826727025,0.0480321190760499,0.0328872473594376,0.263815774896511,0.0318506817476331
AT3G01835,1,0.279324175008512,0.0897470590000498,0.127606891637883,0.0486894801025105,0.0695248534467817,0.0603505491718132,0.0473701995575559,0.234029308628441,0.0433574834464521
Q9LDE1,1,0.319087438521156,0.0781039935378326,0.135024984764344,0.0246861286617057,0.0544125526489192,0.0449908640042392,0.020569157621779,0.298900777020798,0.0242241032192254
A0A1I9LNF2,1,0.280241183787364,0.0948427032925075,0.135281522661275,0.0365051594298297,0.0733548472782883,0.0641574144369792,0.0323892254443505,0.246370353913345,0.0368575897560607
Q9SSE5,1,0.316288193744238,0.0826514084731906,0.134787920977982,0.0228558812406428,0.0602528341133951,0.0514094778310123,0.0187728881325657,0.288915451373563,0.0240659441134102
B3H5L1,1,0.252144952485679,0.101004425578877,0.150539761750957,0.0401200391071501,0.0775474463219781,0.0669405336502577,0.0333809786838424,0.240009570147082,0.0383122922741763
F4J7G2,1,0.353836338222281,0.0745614146477117,0.112587404940102,0.0331543283887568,0.0568834650898418,0.049304519403306,0.0309134072889015,0.257982788927456,0.030776333091644
A0A1I9LQT8,1,0.260037340388415,0.0970532349607249,0.130639815956695,0.0500009217953518,0.07802527410828,0.0692064235651207,0.0483772724301674,0.219530769523011,0.0471289472722343
Q9LE86,1,0.292405516604218,0.0873449808283139,0.123328507794591,0.0452092565634373,0.0687972227371705,0.060531991262068,0.0434957784882941,0.237616412362324,0.0412703333595828
A0A384KER0,1,0.246567775756299,0.097030206833935,0.128692387523326,0.0575351243397568,0.0784587563072999,0.0696720006047047,0.0580054579298945,0.212104508202508,0.0519337825022764
Q9LIB9,1,0.26250234465443,0.0970248712527258,0.148889671199699,0.0355298354756694,0.0710944842950921,0.0601623622967807,0.0299981568051479,0.259910646443764,0.034887627576691
A0A384LES5,1,0.307562234119726,0.0832909912995111,0.125843437132061,0.0395014949245613,0.0621170249841871,0.0529388021798675,0.037016457885084,0.256131030420747,0.0355985270542557
F4IXE4,1,0.246379103540029,0.0956503485108836,0.127031208586032,0.0596198439798715,0.0788310610140532,0.0708708869354342,0.0591757505931395,0.210043649810322,0.0523981470302349
Q9LE10,1,0.257031994502708,0.099718085376904,0.135641747873142,0.0458121612185278,0.0785958412325116,0.0690952613556193,0.0428197326570069,0.226521569005167,0.0447636067784136
Q9LE80,1,0.331281039546437,0.074355364259962,0.132878951712128,0.0171383015836107,0.0513671241396203,0.0427228450994109,0.0138324917466197,0.3180198964372,0.018403985475011
Q9LDY8,1,0.328273715138464,0.0779741801539639,0.115723376385818,0.0409026648660133,0.0600254236628015,0.0520781343394963,0.0395427368918796,0.24977410280279,0.0357056657587731
Q9LW16,1,0.383244873478763,0.063256697238203,0.11086264147044,0.0168394985921114,0.0447234948438457,0.0376112881865582,0.0139270210677278,0.312050677187864,0.0174838079344876
A0A1I9LPY7,1,0.260037340388415,0.0970532349607249,0.130639815956695,0.0500009217953518,0.0780252741082799,0.0692064235651207,0.0483772724301675,0.219530769523011,0.0471289472722343
F4J9X3,1,0.345996747464335,0.0738137615347407,0.122502029331869,0.0217499171552797,0.0524747310328118,0.0441253214085526,0.0184465984978718,0.29852141255374,0.0223694810207991
Q6PUA2,1,0.447573193758554,0.0466971126788561,0.0858033132089503,0.0128098089110688,0.0320841511868343,0.0265912386591507,0.0107177047374165,0.324658296782736,0.0130651800764336
A0A384KN90,1,0.353274570859013,0.0742477661066024,0.117077889615032,0.0254852075098456,0.0541930651885963,0.0460893354858996,0.0224893476602637,0.281541104239366,0.0256017133353811
Q8RWR1,1,0.28195484991386,0.0910063280504978,0.140306329592361,0.0351058684215737,0.0647746253015351,0.0539072135961126,0.0313806993631278,0.267646220041472,0.0339178657194605
Q9LVF4,1,0.329316707551216,0.0791632678221673,0.12872673474022,0.0276176356908042,0.0571098429832813,0.0480257101336675,0.0238935640727126,0.27940552000806,0.0267410169978716
Q1PEN5,1,0.251770405935146,0.0976814119108394,0.132323307994432,0.0534964537983468,0.0770758848156134,0.0674811363311223,0.053052990531392,0.218341503488985,0.048776905194123
Q8LAX0,1,0.275516185366104,0.0937022668373842,0.142194506540038,0.0370985867664734,0.0679712792275437,0.0570672965964383,0.0330357080050955,0.257653569977913,0.0357606006830095
Q9LUH8,1,0.342373181874403,0.0673840753880938,0.122727457589277,0.0177634046735714,0.0462433716110599,0.0382583809426036,0.0144433454063447,0.332562657970099,0.0182441245445473
O65785,1,0.240424905940004,0.0990640491238428,0.136872265181894,0.055112696728341,0.0773884635035014,0.0673171420571712,0.0520512809117175,0.222944478948305,0.0488247176052239
AT3G27884,1,0.332622936092485,0.0684487539325708,0.126182615974537,0.0232136802500031,0.0466282961217791,0.0380564568317566,0.0192236477652784,0.324061269099559,0.0215623439320305
Q9LSJ6,1,0.268476397164377,0.0966519570413259,0.146094732649245,0.036235894062476,0.069222918663756,0.0577264083456448,0.0321955644166569,0.257821629594102,0.0355744980624166
Q9LSI7,1,0.227009907879072,0.111865367489762,0.152316265801138,0.042248913938635,0.0879796323567245,0.0772180905713281,0.0359446511483601,0.221622595461992,0.0437945753529896
Q9LIA1,1,0.375462016630407,0.0695946645620258,0.112237049285155,0.0237983623298666,0.051330062222406,0.0438778440090491,0.0206359224741728,0.279425551852407,0.0236385266345111
Q9LIA0,1,0.313567681811389,0.0831947018839196,0.129851707004027,0.0309636828307305,0.0599000767358073,0.0503074208780756,0.0276239216381349,0.274264160605295,0.0303266466126209
Q7X9H6,1,0.271400833274747,0.090050188850522,0.123755766032004,0.0544649179264651,0.0719438234113538,0.063533624840548,0.0553714257097165,0.222099711292665,0.0473797086619786
P92983,1,0.328302413667271,0.079635965204105,0.130664597196934,0.0220097420427598,0.0582670454603682,0.0498263149235447,0.0180797569343325,0.29008697913015,0.0231271854405345
Q7PC85,1,0.326518329979716,0.0764221265393191,0.129060532606234,0.0224528662020449,0.052985391436917,0.0439433066096274,0.0190216483115589,0.306709667967349,0.0228861303472344
Q9M290,1,0.205922005065621,0.111482256674334,0.139408453990183,0.0598387488347842,0.0922699521442931,0.0829387165888187,0.0566551793718828,0.193121528580119,0.058363158749964
Q9LXH0,1,0.296987682430697,0.0898470438012104,0.12745979219681,0.0389961340429342,0.0698168133880682,0.0610386382186142,0.0364102176622059,0.241459339949718,0.0379843383097426
Q9M1U1,1,0.236413136684452,0.101633586738678,0.135279432894881,0.0552619849493708,0.0810364438739016,0.0714444803118987,0.0531751723097565,0.214331287957283,0.0514244742797787
AT3G07105,1,0.284376533572298,0.0945331008859796,0.145853982280625,0.0295618479575555,0.0687876135388047,0.0580779996663369,0.0252059159852341,0.263312488854142,0.0302905172590243
AT3G45638,1,0.26478040910627,0.0990536807969089,0.140326440834448,0.0385832760961064,0.0762029936297255,0.066341745869871,0.0342314309936851,0.241789752315845,0.0386902703571402
Q9M171,1,0.291699197224794,0.0902101079197157,0.137318015374879,0.0330756673600666,0.0660855207700939,0.0558977425841836,0.0290118898266532,0.263993546979321,0.0327083119602932
A0A1I9LN71,1,0.263599691510505,0.0960285456930707,0.129707431844979,0.0498070846888633,0.0771846863336069,0.0684576275519196,0.0483863073403392,0.220142702048815,0.046685922987901
C0LGP2,1,0.404367892155693,0.0567071160406223,0.101381831574491,0.0187289352329147,0.0395121430684047,0.0327784186809353,0.015965155402525,0.312614246851256,0.0179442609931574
A0A1I9LTT1,1,0.287445370447561,0.0875356340217176,0.131275659844979,0.0438150249860129,0.0665237725256062,0.0571654497080864,0.0401425207973678,0.247678643891714,0.0384179237769558
Q7FK55,1,0.236618214840458,0.095576757140534,0.125746949550266,0.0652200810039652,0.078355479342544,0.0700903527358705,0.067685293945829,0.205018669480878,0.0556882019596557
Q9SN97,1,0.267208667786451,0.0930842680052573,0.13313316380939,0.0475344676068779,0.0731171497931072,0.0640462322553089,0.0432279098707074,0.235793342887182,0.0428547979857183
Q9STG2,1,0.268898864772872,0.0884369296568752,0.120475539964774,0.0588295667594575,0.0713885271105899,0.0633419791168266,0.0620712659079663,0.217086694532184,0.0494706321784543
P49078,1,0.314616345634011,0.084700942350977,0.12677838339588,0.0320234677027269,0.0640918790313937,0.0554471174036354,0.0284349583247031,0.26220263741601,0.0317042687406627
AT3G07725,1,0.269342481697715,0.0942115766907309,0.130023624639878,0.0481880694584495,0.0735850614250367,0.0642168431401117,0.0472540481769315,0.228494646638853,0.0446836481322935
