ID,Cluster,#1,#2,#3,#4,#5,#6,#7,#8,#9
Q84VV7,1,0.150456839838954,0.212218046644642,0.0185215526861873,0.0184498185974623,0.0917134111393917,0.23951022599194,0.0183894932277358,0.230825073099402,0.0199155387742857
AT1G04425,1,0.149795796291442,0.21132935677352,0.0170266986610914,0.0170153069407116,0.0952465825047892,0.241127362674709,0.0170304381461339,0.233349396662796,0.0180790613448063
P0DI10,1,0.171824444426976,0.199610071768034,0.0235402848060399,0.0234659382399604,0.122475590298873,0.206441900381027,0.0234002636997209,0.204877732659405,0.0243637737199639
Q9LR44,1,0.155685073029858,0.206630524007035,0.0212813902048344,0.0213395126014013,0.101954040129144,0.229562999684789,0.0214455858830783,0.220526043112765,0.0215748313470942
Q3EDG6,1,0.159274377964734,0.202963090729221,0.0228968068528996,0.022944040455836,0.110693717629093,0.222394870671318,0.0230197143572398,0.213183577234764,0.0226298041048946
Q8H0Z4,1,0.179281522923702,0.210615170689552,0.0153333985998869,0.0152689873495429,0.123316092381965,0.212420296240642,0.0152057593605357,0.212349140153968,0.0162096323002046
Q9FE54,1,0.16171134057674,0.198327985687034,0.0253613842041578,0.0251293955177435,0.117384979130696,0.210070071014276,0.0248856188813128,0.208737152529221,0.0283920724588198
Q9SHH6,1,0.130131678808509,0.215772776066734,0.0144275051241257,0.0143766935062944,0.0718437450466705,0.272874543931227,0.0143339351368955,0.250928151483142,0.0153109708964025
Q9SHH7,1,0.155979104945725,0.218023176191891,0.0130128451480222,0.0129992498239955,0.0957891084927956,0.245021212096612,0.012996031253469,0.232869107289194,0.0133101647582953
A0A178WGQ1,1,0.154911967294259,0.211757672193057,0.0162143228006316,0.016229351418663,0.0994715518412059,0.237865693872213,0.0162771464024725,0.230313080648421,0.0169592135290767
Q9LN16,1,0.161731901789963,0.193733329169363,0.0294587031377619,0.0291326959664804,0.118858712436135,0.204091402450835,0.0287728179638804,0.201329054587034,0.032891382498548
Q9FZ66,1,0.13525913512614,0.204278150961008,0.0252735509196934,0.0252067520526594,0.0823146368003128,0.245179741522229,0.0251575250480638,0.230704724900746,0.0266257826691478
F4HUN4,1,0.15389162547674,0.200534468224544,0.0249769170177792,0.0249057612012563,0.105122405801897,0.22123185423994,0.024869036417561,0.216969645710198,0.0274982859100836
AT1G24068,1,0.151494802135595,0.19555355995636,0.0316182636515649,0.031729784996813,0.103975394533577,0.214717115397767,0.0319071758630484,0.207475147383814,0.0315287560814605
A0A1P8AUP1,1,0.141757149637708,0.204918932022578,0.0249231927126468,0.0249045379051553,0.0884562301731582,0.237426230281727,0.0249252596454909,0.226611959343082,0.026076508278454
F4I337,1,0.135704889127852,0.208089076059554,0.0230743940986531,0.0229915800485659,0.0800065389773516,0.249337358990905,0.022917613249677,0.233689064641586,0.0241894848058552
AT1G06537,1,0.159951222633365,0.205953974077567,0.0215567093437623,0.0214658314960464,0.108280099709284,0.220806750646476,0.0213869525629221,0.217478998085615,0.0231194614449619
F4HPH2,1,0.172562646711071,0.203170143055941,0.0190429815334227,0.0190190521889562,0.126480423862114,0.213085929819383,0.0190066679575802,0.208278521125005,0.0193536337465275
Q4PT10,1,0.129325128109865,0.221392266006135,0.0110942643837164,0.011084222151998,0.0697623531947478,0.27957958938767,0.0110861658443171,0.255246652510335,0.0114293584112162
Q9M7Q5,1,0.15300078074895,0.198863867133986,0.0267145263770914,0.0265058785966415,0.105865803515655,0.218181496335751,0.0262970767802103,0.214435428974763,0.0301351415369527
Q9C8J1,1,0.142719268438481,0.203633831118471,0.0250472321203315,0.0250610796910116,0.0913721951014794,0.235591017323368,0.025118796573086,0.225235375067909,0.0262212045658614
Q9C8J4,1,0.157924472833971,0.202847453224397,0.022346262973142,0.0221488595056695,0.108018521571354,0.221196015276663,0.0219493047997159,0.218074253547027,0.0254948562680605
A0A1P8AP20,1,0.165529691125338,0.211617660452181,0.015904287715083,0.0159409182596032,0.107150217942922,0.227847537371526,0.0160136544728143,0.22356045126724,0.016435581393292
F4IEM5,1,0.148768423589782,0.200766294538561,0.0267716201098732,0.0266509039313364,0.100199883842738,0.226584996188653,0.0265232961930981,0.216175771680571,0.0275588099253873
F4HTB2,1,0.135787426660616,0.218246284994629,0.0134259004107466,0.0134436838817607,0.0760220780308583,0.268174493255854,0.013484777149375,0.247689466041069,0.0137258895750921
F4HWY6,1,0.153478503395997,0.191434070749324,0.0335054201607183,0.0335495784892963,0.108228392670962,0.208956865029194,0.0336570168000956,0.202799608099154,0.034390544605259
Q9FZ41,1,0.150653137828009,0.200584501161955,0.0264927334157088,0.0262437449977239,0.101768782442983,0.221853309700863,0.0259813216319553,0.216732032130735,0.0296904366900663
F4HYM3,1,0.149866644767215,0.18478508243469,0.0412451750386681,0.0411880696840715,0.109279459485883,0.199537007952504,0.0411255163696547,0.192591758540838,0.0403812857264752
A0A1P8ASI5,1,0.163529332115222,0.193249496115268,0.0282741079280851,0.0282127977045122,0.122290667935576,0.20275060731118,0.0281988959545983,0.202448482259356,0.031045612676202
F4I839,1,0.128550698505066,0.208499825346612,0.0211983921588032,0.0211253101714457,0.0737342143724819,0.261445359865171,0.0210646095490975,0.241879000585774,0.0225025894455486
O80737,1,0.150606718512534,0.208512792304077,0.0210946803724653,0.0209283236457737,0.0943418976584845,0.233978412743666,0.0207564132002012,0.226497911662056,0.0232828499007424
Q9XIQ2,1,0.164336010041106,0.204353689708693,0.020721488398943,0.020686672293806,0.117583171610309,0.216681350409616,0.0206676951872081,0.213445466746551,0.0215244556037679
A0A1P8AR77,1,0.152532056167651,0.198465567283318,0.0280816941045848,0.0281822895463939,0.103575035399809,0.219368753069933,0.0283530787880366,0.212617425599925,0.0288241000403479
Q84UU9,1,0.157483511161607,0.208479382295369,0.0191507587330507,0.019203013397338,0.106823764169293,0.230503633827463,0.0192837784818224,0.22022587093413,0.0188462869999263
Q9M9H0,1,0.145787849346841,0.207147034009223,0.021222038216414,0.0212170386818044,0.0941151166177447,0.238431865450324,0.0212438096673226,0.228691863080009,0.022143384930318
Q5XVG3,1,0.147978612598829,0.2135347894788,0.0154419158695713,0.0153624559279704,0.0917252135741742,0.247952098742369,0.0152852599992724,0.236251029350038,0.0164686244589746
Q9SRE7,1,0.147341984641908,0.203874939953233,0.0245144325824485,0.0246115561045343,0.0958555222304849,0.231926507853197,0.0247733937250073,0.222294446642986,0.0248072162662005
Q9CAR0,1,0.128682431117208,0.210483278230249,0.0191961013215916,0.0191597840620917,0.0725467563245452,0.265164502569237,0.019146967393966,0.245223430501764,0.0203967484793476
Q8GYM1,1,0.14788782418608,0.201987099144716,0.0257314124943459,0.0255742822059265,0.0947452784129029,0.229563149804236,0.0254247214861711,0.220756473513319,0.0283297587523037
Q9ZVA5,1,0.139830343610281,0.208680601308696,0.0215949127549524,0.0215016093725858,0.0861388441519668,0.246422726649919,0.0214083636562798,0.231909053020233,0.0225135454750865
Q9FLC8,1,0.158850991020809,0.197090586395804,0.0281179984153791,0.0281389004600708,0.113844406417433,0.210402253289445,0.0281975461369392,0.206276259253008,0.0290810586111117
Q39112,1,0.150270800131955,0.189400988994017,0.036237834200452,0.0362916380946144,0.108777812318766,0.207505175218405,0.0363761742335528,0.199656801889724,0.0354827749185133
AT5G01775,1,0.164184109523339,0.196229220086705,0.0269340866408319,0.0270599252692907,0.122163001631707,0.206506398708382,0.0272464164660737,0.202934679374111,0.0267421622995602
Q39057,1,0.147102617428505,0.216900567842903,0.01402261425344,0.0140468449769487,0.0894257931594936,0.253133191311952,0.0140924917670114,0.237228962486337,0.0140469167734094
Q9FKP1,1,0.18178110952829,0.209216584855767,0.0139803704704223,0.0139796540113756,0.127625568002632,0.214001698399865,0.0139932590823182,0.211124352238136,0.0142974034111945
Q9SCV5,1,0.170908030618166,0.206348339547951,0.0168389057675702,0.0168797937856965,0.122510376126995,0.218471178513177,0.0169536097421913,0.213944672263312,0.0171450936349409
F4K9X6,1,0.15198067085639,0.207829352762548,0.0201061257186839,0.0200422442620549,0.0994471842522152,0.235496971417316,0.0199859077827294,0.224383061241675,0.0207284817063886
F4KEA4,1,0.158388289022457,0.196702135758381,0.0284510175682034,0.0285143130104856,0.109782861825419,0.213461203761582,0.0286321536950957,0.207097576509991,0.0289704488483855
B3H6V9,1,0.166250550769145,0.198577980776969,0.0240986421787444,0.0241068274843636,0.124391884733007,0.210516021549835,0.0241286874195804,0.204150546647276,0.0237788584410795
Q6LA42,1,0.133159710799757,0.215031044617721,0.0153624590382241,0.015277467636486,0.0758366315742914,0.267057906221814,0.0151902419108844,0.246768948163005,0.0163155900378165
Q6NKZ8,1,0.152982138056771,0.199191103677847,0.0271746172679868,0.0272177372068252,0.104205842468631,0.21881099899496,0.0273291544034669,0.21407222358086,0.0290161843426528
Q9FG42,1,0.159039369274236,0.202073174271358,0.0231591549783562,0.0230258973824225,0.113795170751195,0.219378900932263,0.022878399488995,0.212624777270135,0.0240251556510376
Q9FKR0,1,0.147792355686731,0.193640997592048,0.0347268561765122,0.0346222955966193,0.100210469217245,0.214293817279835,0.0345119242604945,0.205243076604722,0.034958207585793
Q9FLM1,1,0.143272066166376,0.216562316875233,0.0147708084878703,0.0147169414045503,0.0855350718247802,0.251992632162874,0.0146741454298624,0.242541289656854,0.0159347279916
Q9FN69,1,0.121122995117431,0.217546209444932,0.011268502314159,0.0112244762231493,0.0647285913122613,0.289497543721212,0.0111844568276758,0.261532349900461,0.0118948751387185
A0A1P8BEK1,1,0.149233253556166,0.206742643707767,0.0212914859756672,0.0213231136312434,0.0977876504588943,0.234118108125865,0.0213974809096027,0.22600791209262,0.0220983515421735
Q8L8T7,1,0.178092016525316,0.203495949650422,0.0173278881176254,0.0173502479060172,0.131292311102346,0.209166740207917,0.0174038952217804,0.207839499312852,0.0180314519557242
Q9FIY7,1,0.144807678609274,0.21173326241676,0.0174804442747494,0.0173849520737652,0.089854042755946,0.245870476812393,0.0172934341492977,0.236585837546663,0.0189898713611506
Q9XF19,1,0.156703910773571,0.195734496898841,0.0280899402912046,0.0277661715760252,0.112348455492255,0.210983235680844,0.0274231058506521,0.20842654273168,0.032524140704927
Q8GWN6,1,0.152293126340298,0.193602754668246,0.0333719668306156,0.0333794005310156,0.10622201288712,0.21167468907733,0.0334041568333748,0.203339113619327,0.0327127792126726
Q00917,1,0.16071774113222,0.194923579138241,0.0295003296926803,0.0295106729842218,0.115304225290142,0.20783166067793,0.0295462211964664,0.203040862070313,0.0296247078177869
Q9FHN4,1,0.129706823332361,0.21580237360135,0.0147172686584987,0.0146846258210432,0.0720495866073475,0.273793751304198,0.0146608397000684,0.24936186420732,0.0152228667678137
Q9FJ90,1,0.146288423087845,0.217390293312187,0.0132514063057806,0.0131552950086685,0.0879338125919205,0.252409628931414,0.0130563186470051,0.242108150245517,0.0144066718696626
Q9LTJ6,1,0.128572515399624,0.211075438470248,0.0189624008348494,0.0188951215331322,0.0733555634140536,0.264978456254826,0.01884027376019,0.245201675998294,0.0201185543347833
F4KG50,1,0.162681969108189,0.199866876285556,0.0248729168698842,0.0248874861863579,0.117806195499458,0.214029207299865,0.0249161144921757,0.206492646091562,0.0244465881669529
Q9FK12,1,0.141989763624977,0.20354216200607,0.0247112834360343,0.0246654648596887,0.0900259797249598,0.236755197921604,0.0246554096033123,0.226964546879288,0.0266901919440653
Q6NLH4,1,0.164505466390877,0.19961981152593,0.0235314746828046,0.023366076801266,0.119050981572168,0.210404489147227,0.0232051012324933,0.21007767421835,0.0262389244288839
Q9LU77,1,0.126982613257572,0.212593815778033,0.016748461636066,0.0166646540578816,0.07091057832783,0.270064499795052,0.0165899698241743,0.251177913362801,0.0182674939605896
F4K529,1,0.142543411516196,0.204890012639344,0.0234024063836337,0.023348301269282,0.0890074036769787,0.239452648634363,0.023322717447507,0.228797297419523,0.0252358010131726
Q9FIS1,1,0.13568455062178,0.212097963229321,0.0171590043250265,0.0170894376631614,0.0789609599951301,0.259091008281453,0.01703321749012,0.244239807312556,0.0186440510814514
AT5G09125,1,0.151388820344468,0.195656758723206,0.0304692201017959,0.0304223559838702,0.105487876155672,0.214164990368588,0.030425903854737,0.20939275671846,0.0325913177492028
Q93WU9,1,0.155995472736457,0.191969401600318,0.0336345864893595,0.0336837172728326,0.111520614138038,0.206745453035385,0.0337669408877862,0.19972530834201,0.0329585054978144
Q9SCW5,1,0.163756271157234,0.201479076247312,0.0216553432113972,0.0215576964492273,0.116651137143541,0.215505165961682,0.0214801090662803,0.213912536742799,0.0240026640205262
Q9S7W4,1,0.161784649592638,0.205826036409221,0.0200078480951941,0.0199046229347577,0.109552520860711,0.221694327190295,0.0198161428902455,0.219232375197527,0.0221814768294113
F4J2K4,1,0.164809190391424,0.211891100422911,0.0162249663316622,0.0161998970431722,0.105333272650447,0.226545857403778,0.0161956199975591,0.225438512163377,0.0173615835956694
O82133,1,0.150583241654929,0.206134423543252,0.0232950486083197,0.0232052165538982,0.0946987763257521,0.230981645297368,0.0231315560996864,0.222829701870934,0.0251403900458609
Q9LUE0,1,0.136514315018339,0.205168048951567,0.0242426249353267,0.0242433900270548,0.0820798928559692,0.246607905908001,0.0242831740239605,0.231522779987798,0.0253378682919827
Q3EB59,1,0.162516929927987,0.200638039958001,0.0239983504452539,0.0237922472418836,0.11499589334731,0.212669506674917,0.023574828189588,0.211161776673576,0.0266524275414838
O04318,1,0.149361378703134,0.21245389421707,0.0182852222412566,0.0181447517204257,0.0921203326057177,0.240416131640732,0.0179962612644285,0.231357761096022,0.0198642665112132
Q9LHN5,1,0.141008678849169,0.2109948873566,0.0200646146715897,0.0199757791983522,0.0846440331775015,0.247095197417079,0.0198907489833494,0.234921069021305,0.0214049913250536
Q9LJY7,1,0.161257066056271,0.200222129728973,0.0237487620112044,0.0235201646814052,0.113460047930374,0.21432271415292,0.023284420447981,0.212878177539158,0.0273065174517138
Q8RWR1,1,0.1592682595959,0.216566425511692,0.0127876823233862,0.0127545445661282,0.101448345542266,0.236551685940934,0.0127350193223969,0.234147197667417,0.0137408395298794
Q9LUH8,1,0.184363571502152,0.206862936649653,0.0139765476815281,0.0139837795532478,0.138365845789914,0.208038848562143,0.0140035574876576,0.206365711775735,0.0140392009979692
Q94ID1,1,0.157383134883038,0.214848980847421,0.0149067897508043,0.014794536284493,0.0979401031928246,0.235764620976505,0.0146799521225457,0.233196782586142,0.016485099356227
Q9LSF1,1,0.143216517965827,0.206920951710359,0.0226936553046083,0.0225863325633759,0.088353909535382,0.242138611232594,0.0224794865811832,0.227875880054173,0.0237346550524966
Q9LII9,1,0.169583005135842,0.204213215545677,0.0207031562534874,0.0205923995538426,0.121763349119845,0.211675362763437,0.020472876770399,0.209353816894861,0.0216428179626085
Q9LHA1,1,0.151544744625194,0.204756733377794,0.0243700437964684,0.024434166860651,0.0976191933256105,0.229896127896576,0.0245370457113444,0.218589247520429,0.0242526968859324
A0MEZ2,1,0.139375624962114,0.21861023512882,0.0132409897637096,0.0132432858686111,0.0793925142188511,0.263405596962605,0.0132643928969832,0.24588270813985,0.0135846520584554
P32962,1,0.152695763019209,0.211787722693207,0.0182300660102863,0.0182652183568355,0.0944553067467767,0.238633874866983,0.0183370529963271,0.228802522395337,0.0187924729150386
Q9SN06,1,0.142237916814694,0.215861978912001,0.01538397420006,0.0152628250056067,0.0833500649035627,0.253789371697738,0.0151378716337453,0.242091066737803,0.0168849300947883
Q8LC79,1,0.149730891037079,0.201368123138693,0.0257820598947159,0.0258293580288969,0.100159271555066,0.226416132371257,0.0259270840009471,0.218110517261064,0.0266765627122812
Q9LFI1,1,0.160959113597012,0.194457865600923,0.0285670928257616,0.0285602293669789,0.117463071236209,0.206081694895308,0.0286036766794278,0.204421552381123,0.0308857034172568
Q9LER9,1,0.151396737074829,0.196271415745582,0.0290667278424757,0.0288432640338289,0.106730485397718,0.216221972693636,0.0286137684314079,0.211011778044606,0.0318438507359169
Q5Q0C3,1,0.159059308854484,0.196370647346068,0.0270010479726742,0.0269029281532451,0.115222741930056,0.210614175776733,0.026832742634304,0.208334510767221,0.0296618965652145
Q9LX26,1,0.167597947724297,0.196609218806201,0.0246902147671224,0.0245366070929235,0.126571644545759,0.20481119043926,0.0243811367499393,0.203952298699268,0.0268497411752293
Q6NLP7,1,0.128866464559342,0.214477925202806,0.0166400908606192,0.0165699688149066,0.0720358566491985,0.269454144737366,0.0165031230639514,0.247913865107783,0.0175385610040276
Q9SI53,1,0.154165185161211,0.198280339398283,0.0269948093375669,0.0269429933512434,0.10729435511172,0.217135008222808,0.0269358250236517,0.213013433361115,0.0292380510324011
Q6ID76,1,0.156450974926496,0.204147688662563,0.0218961811894374,0.021775692669795,0.105599996495094,0.223555519437403,0.0216699361744942,0.220589278400151,0.0243147320445664
Q9SIA5,1,0.150393934606897,0.20092956278306,0.0273021096537933,0.0272552257873866,0.0976195413288539,0.224525617366106,0.0272426911745121,0.216038420738534,0.0286928965608569
A0A1P8AXQ6,1,0.145884364461206,0.207474887569976,0.0210633640971209,0.0210977829322576,0.0932821714846637,0.240955252313001,0.0211661534176598,0.227807579510729,0.021268444213386
AT2G15128,1,0.143546797084386,0.20807181577349,0.0215186739768935,0.0213875681771972,0.0892988788302795,0.239858582160334,0.0212615582516066,0.231269569948797,0.0237865557970163
Q7Y232,1,0.156653117475937,0.193957481608051,0.0313472683929121,0.0314292507952597,0.111817090905571,0.210321133828439,0.0315501085587054,0.202361400172387,0.030563148262739
A0A1P8B2C0,1,0.162204592376008,0.202210797237849,0.0234204380662635,0.0234062446473357,0.114071276716557,0.217532609286496,0.0234044286017305,0.210098514443588,0.023651098624173
Q03250,1,0.147439720207478,0.203649592452244,0.0235645024702082,0.0234383959619159,0.0960225423429917,0.231472837072847,0.0233293310340908,0.224856703810266,0.0262263746479586
AT2G07495,1,0.159689634726435,0.194153498380132,0.0298605524372017,0.0300514536330809,0.118351130364968,0.206706393802464,0.0303218828042765,0.201548865906479,0.0293165879449621
Q9SK52,1,0.14799811938287,0.210403827595833,0.0189705415346688,0.0188563610216936,0.0932418642945585,0.240934679213135,0.0187387654586818,0.230692406499167,0.0201634349993924
O48719,1,0.135329218923205,0.207020938675508,0.0232774534823809,0.0232188489794612,0.0816248993792061,0.249570098771951,0.0231687337132515,0.232842996883009,0.0239468111920267
Q9SID2,1,0.13797303360178,0.206408393336959,0.0223767625080315,0.0222862893430086,0.0845282384420396,0.245855690315452,0.0222151033726095,0.233961451567728,0.0243950375123928
Q9SKB7,1,0.16077263476084,0.198563582892257,0.0247597441705832,0.0246407341958795,0.115360181864794,0.213101540452246,0.0245434019003158,0.210889934706591,0.0273682450564938
AT2G08580,1,0.159490896679758,0.19209086903314,0.0314082960014103,0.0313050631569304,0.119469072277089,0.204593998210006,0.0311881787868183,0.19894822069641,0.0315054051584368
P93007,1,0.132457777503818,0.218152670635189,0.0130716648348106,0.012997344871426,0.0735242712008864,0.270224538443816,0.0129265494725367,0.252511221780986,0.0141339612565305
Q1G3S4,1,0.144914604202522,0.205938042006298,0.0230817466942809,0.0230874729995149,0.0913156040602991,0.237228569982201,0.0231312244964273,0.226929187702447,0.0243735478560094
Q3EBM6,1,0.159681302409548,0.194472021415068,0.0279007429486639,0.0277909012506325,0.117219429868308,0.208214959452271,0.0277171547820016,0.206014320864176,0.030989167009331
A0A1P8B058,1,0.151825882169317,0.195972204774972,0.0303413887463916,0.0301059330273549,0.10375728211839,0.216894736092331,0.0298439996275108,0.208815812639233,0.0324427608045
Q700W2,1,0.16288662684614,0.20091877502535,0.023284705442704,0.0232275940530435,0.113240629925829,0.215076046235463,0.0232064327738704,0.212617914784052,0.0255412749135484
O64645,1,0.14714323894835,0.21734389683561,0.0127605954381036,0.0127408684424401,0.0880524473262842,0.253291400067426,0.0127367384693261,0.242451215482377,0.0134795989900821
Q1G391,1,0.164172038666194,0.209879691083429,0.0177420506216309,0.0177113746810615,0.110165165636125,0.22420079980217,0.0176945894908477,0.21980345486911,0.0186308351494324
Q9ZSJ2,1,0.155946515501972,0.204054116577471,0.0224359790472323,0.0222799582554808,0.104670200367027,0.223242410665213,0.0221310818986948,0.219990746346799,0.0252489913401103
Q3E7R1,1,0.144093247041247,0.206452885831301,0.021854134639692,0.0217361431641126,0.0902246846433089,0.239711429574066,0.0216265279707909,0.230259311913259,0.0240416352222222
AT4G04465,1,0.158690473470897,0.197847983743803,0.0265964114561521,0.0266714544180406,0.116073228726234,0.21443055868607,0.0267825117331713,0.206931172026403,0.0259762057392284
A8MQG6,1,0.173230943372387,0.209348588624202,0.0138940864749033,0.0138490948947724,0.12676012643333,0.218012505606838,0.0138107821923987,0.216512077131926,0.0145817952692434
Q9XEC3,1,0.149857159400027,0.196589265532298,0.0303361687113861,0.03045055167602,0.102331910952831,0.219642871769437,0.0306202514176713,0.210186961677326,0.0299848588630048
Q9M0Z9,1,0.167679948674839,0.208444345006078,0.0167818622492371,0.0167355990684095,0.11428362936956,0.222107637117377,0.01670432057065,0.219180710894147,0.018081947049702
Q9LDN9,1,0.155187865397105,0.197049653026676,0.0280635403153663,0.027808126681853,0.109623904368711,0.213217992527258,0.027539608314924,0.210016435939518,0.0314928734285881
Q94K66,1,0.147209662215111,0.215619676150021,0.0161360962388689,0.0161651551615898,0.0890380989907924,0.249535704975637,0.0162175540873312,0.2340027631544,0.0160752890262486
O23384,1,0.157028706361789,0.196697650067739,0.028688118971569,0.0284203238151378,0.108564924891211,0.211788635172468,0.0281431977367526,0.208177137134707,0.0324913058486262
O23391,1,0.14775028630278,0.200451197693346,0.0287208083804724,0.028645660802996,0.0947249213600314,0.225852375417189,0.0285830524589252,0.215569631774378,0.029702065809882
A0A178UXE6,1,0.16094756973901,0.193656371526711,0.0302189512484782,0.0302447369664303,0.11975738429672,0.205387271471257,0.0302859833131782,0.19961045452128,0.0298912769169358
Q3E6U0,1,0.140005822748592,0.208561679119452,0.0211401560308335,0.0209632802149126,0.0850512245839753,0.247614654617863,0.0207690897524102,0.233107629323019,0.0227864636089425
Q9SU50,1,0.148902728291417,0.203447914298049,0.0243301975664854,0.0240946260153557,0.097812681985369,0.228539656983456,0.0238439357140551,0.221913513757132,0.0271147453886805
A0A1P8B881,1,0.157388601408648,0.193597797398709,0.0299340807062438,0.0296704648358087,0.112889328162879,0.208243323701925,0.0294070703015271,0.205150154377724,0.0337191791065349
Q9STJ7,1,0.137336506856317,0.213361913088035,0.0162819490360966,0.0162154406557065,0.0795412634609904,0.259638199317072,0.0161597798547649,0.243957701744339,0.0175072459866779
Q94AH9,1,0.137929514057797,0.206419084819915,0.0223623447304655,0.0222844842560115,0.084721141556088,0.246349518846231,0.0222248322559532,0.233646181348103,0.0240628981294355
Q8L983,1,0.130194926069776,0.215374270483731,0.0154576141171842,0.0154099774697578,0.0720552519782987,0.271551233706643,0.015369376577119,0.248422075429671,0.0161652741678194
Q8LCE4,1,0.186013718138011,0.206431014578038,0.0148794301783648,0.0148014581161403,0.13124662350393,0.20663771163991,0.0147307503343867,0.209058023668106,0.0162012698431137
F4I9U8,1,0.17962075566277,0.202767730894406,0.0167741025291941,0.0167261193007196,0.136167362078571,0.205334340214503,0.016693100809287,0.207809473637084,0.0181070148734642
Q9FKH0,1,0.181015776716658,0.204394561566313,0.0176184419456877,0.0174478871812171,0.128993356174473,0.204806866709991,0.0172700895664736,0.208492511255601,0.0199605088835854
A0A1P8BG95,1,0.180424294081054,0.209963881061931,0.0157912602095874,0.0157791329731856,0.118483316308444,0.212607502221766,0.0157893523661737,0.214514429305629,0.01664683147223
Q9SSE5,1,0.170842299613467,0.221454490181538,0.0100142134825385,0.00996269963487899,0.105967318974467,0.229916197201749,0.00991401306849418,0.23109274645944,0.0108360213834266
O65719,1,0.18479553197778,0.206844278114957,0.0153723626971019,0.0152613772086115,0.129947586605795,0.204920684600766,0.0151534171761048,0.210549594883951,0.0171551667349321
Q8RWC9,1,0.172539513988205,0.201888382856786,0.0205979475976936,0.0204861418735813,0.122512843197562,0.208505505201989,0.0203905356401055,0.209952301086891,0.0231268285571873
Q6PUA2,1,0.181611082557624,0.21101789647572,0.0137466679206346,0.013718761950248,0.123315304081536,0.211615273821344,0.0137085508523614,0.216490242286975,0.0147762200535574
Q9LT67,1,0.180491710576551,0.202938155531556,0.0196070719201125,0.0196308502820741,0.126948626376748,0.204366316764107,0.0196919993471071,0.206062570854526,0.0202626983472196
P92983,1,0.173157188630993,0.219785901990424,0.0112534438175124,0.0111935245500961,0.108707312111525,0.224732286748734,0.0111358460010638,0.227842384273392,0.0121921118762595
Q94A08,1,0.169366824050652,0.21685883652558,0.0119657792003096,0.011930959455449,0.110573372208108,0.226631646475333,0.0119072530968998,0.227922062199919,0.0128432667877499
Q9FPH4,1,0.188221206243735,0.209235308444993,0.0116808358415095,0.0116651314058471,0.138006484914713,0.206697463829066,0.0116624419725836,0.210505504411003,0.0123256229365495
Q9LMM5,2,0.203056050509998,0.188224021066121,0.0187446696927575,0.0185775844936185,0.177510092852976,0.174580061936284,0.0183896786345925,0.18048999964178,0.0204278411718727
F4HSD5,2,0.242189990811373,0.200480586272188,0.00694519175942783,0.00692729440983668,0.172235806909091,0.173476563956409,0.00691414924985529,0.183538555562381,0.00729186106943745
F4IDV3,2,0.170160831680122,0.168368990155008,0.0405823190775581,0.0405268019142672,0.163367973955122,0.166026788508757,0.040499907503935,0.167249794408306,0.0432165927969261
A0A178WJZ2,2,0.210043139692088,0.203963492882574,0.0102191252111258,0.0102008422400758,0.158787539541651,0.187970622201436,0.0101949551180205,0.197692166947015,0.0109281161660134
Q9C7Y3,2,0.186710530243311,0.179735822199699,0.0281618399732432,0.0283229464133445,0.169385754654273,0.17369109047374,0.0285780410623842,0.176879106398589,0.028534868581416
Q4PT07,2,0.174717715595917,0.165516492388965,0.0422320825159472,0.0422258255470713,0.172256591652214,0.159297127034771,0.0422221864743692,0.160543347194308,0.0409886315964365
Q8L7S1,2,0.205225521490279,0.18541421361517,0.0215765840211872,0.0215435851557269,0.169915972474031,0.173401309294026,0.0215358004330112,0.178568944921957,0.0228180685946117
Q9C7Z5,2,0.19537365384218,0.178717333352054,0.0247813355812664,0.0247122562565882,0.18950633989916,0.167192820560441,0.0246338892593531,0.17026722883305,0.0248151424159075
A0A1P8ATQ1,2,0.191674574140934,0.179528666288831,0.0272585054281979,0.0272216393583932,0.175239368677249,0.170129114036916,0.0272137016551229,0.173417877103768,0.0283165533105881
A0A384LK78,2,0.187524269265614,0.180442907883528,0.02868172545387,0.0285430899546891,0.167558159728893,0.173864675396289,0.0283911507989273,0.175511916155953,0.0294821053622351
Q9C684,2,0.185431687266883,0.181025496519668,0.0272729844276692,0.0270098946874359,0.170739247522144,0.174848658400593,0.0267113792574737,0.177667614132272,0.0292930377858612
Q9C7M1,2,0.190286656240475,0.185137092310023,0.0252094418936233,0.0250232800696011,0.162219726186262,0.177933515280749,0.0248305751877721,0.181995027394413,0.0273646854370805
AT1G08757,2,0.178440658320321,0.17492269089628,0.0333987893747481,0.0334906187560336,0.168878669576958,0.172292868955457,0.0336212621152354,0.172214865362041,0.0327395766429255
Q9FZI2,2,0.18374971408465,0.172106792749571,0.0323068310964395,0.0318879261580982,0.178035413000815,0.164488839971647,0.0314288550756277,0.168898271373916,0.0370973564892349
AT1G09327,2,0.168941129824034,0.166994659351291,0.0432668490479943,0.0433392475135601,0.16219468406966,0.164495436531385,0.0434535665070899,0.164672906122882,0.0426415210321034
Q9SQH6,2,0.191918833403434,0.178820794439315,0.0269292798044022,0.027149663600788,0.17855436404891,0.170873958394118,0.0274553404228526,0.172589320701158,0.0257084451850221
AT5G02105,2,0.168941129824034,0.166994659351291,0.0432668490479943,0.0433392475135601,0.16219468406966,0.164495436531385,0.0434535665070899,0.164672906122882,0.0426415210321034
Q8LBI9,2,0.216105942634366,0.211866981423923,0.00697307470454083,0.00695107584694821,0.150287717233149,0.191570385291373,0.00693300518275016,0.201940402882602,0.00737141480034685
Q9C568,2,0.182582820495969,0.179719273181137,0.0288641365881141,0.0290716264131874,0.169964448949994,0.176307620530449,0.0293560406206096,0.176541225115403,0.0275928081051356
Q9FNK0,2,0.168941129824034,0.166994659351291,0.0432668490479943,0.0433392475135601,0.16219468406966,0.164495436531385,0.0434535665070899,0.164672906122882,0.0426415210321034
Q9FHC1,2,0.178440685773596,0.17300825348336,0.0362754304758152,0.0362371320403495,0.168549786711691,0.167348034309558,0.0361969306895295,0.168346658770613,0.035597087745488
Q94AT2,2,0.19962407463962,0.189617697961481,0.0207080528355497,0.0206159147292581,0.160565097892608,0.180227264759824,0.0205341719483315,0.185499075054325,0.0226086501790028
Q9FIF5,2,0.196687047817687,0.175117902840049,0.0271953089634426,0.0272880418935712,0.187350072243319,0.163006797806994,0.0274530723726761,0.167973606298009,0.0279281497642519
A0A1P8BH47,2,0.201523785156719,0.189306765964754,0.0180023692728124,0.0180321266971594,0.174507970378617,0.178587491653206,0.0180973340968947,0.183301152137793,0.0186410046420449
Q38876,2,0.18662025563987,0.170417832038699,0.0335821953524646,0.0338389722948912,0.183337170732565,0.162173470933849,0.0341892852513401,0.164062833487587,0.0317779842687339
Q9FJZ3,2,0.230775437842792,0.193496315815355,0.010267290560585,0.0102106227613713,0.184809675810754,0.168504171819874,0.0101567482190689,0.180619013267753,0.011160723902447
Q9SRU3,2,0.168941129824034,0.166994659351291,0.0432668490479943,0.0433392475135601,0.16219468406966,0.164495436531385,0.0434535665070899,0.164672906122882,0.0426415210321034
F4J3L8,2,0.200143803782806,0.183564782526131,0.0221571644481732,0.0221167885571264,0.174943397160493,0.172092318789115,0.0221112427568578,0.178626104315615,0.0242443976636825
A0A1I9LNF2,2,0.188572406631445,0.184364060503531,0.0217702488362682,0.0217876775310156,0.181919541059597,0.178413728760404,0.0218222402274045,0.179639191953276,0.0217109044970582
A0A384L6K0,2,0.199375805930481,0.182543029548351,0.0210556876712461,0.0209107743525201,0.184246798185796,0.170360052177231,0.020770021274264,0.17732187473193,0.0234159561281809
O04313,2,0.215229777142606,0.190876561431303,0.0163477682222446,0.0162628724821945,0.169590173148456,0.174746357519577,0.0161857580013505,0.182827100866205,0.017933631186063
Q9LT48,2,0.193934210645555,0.186320434427022,0.0232857332378337,0.0231883764334793,0.164093449587742,0.178489997132905,0.0230995103062287,0.182791011041648,0.0247972771875862
Q9LVF4,2,0.189714006679193,0.184786802814198,0.0261410971216545,0.0260953011148208,0.161326541638197,0.177364324544488,0.026073360665399,0.180801204043692,0.0276973613783577
Q9LIM9,2,0.188234544215984,0.173588088053369,0.0339991762103311,0.0341103691274213,0.169947702218053,0.165561757653263,0.0342717103261847,0.167265516430344,0.0330211357650491
Q9LH84,2,0.168941129824034,0.166994659351291,0.0432668490479943,0.0433392475135601,0.16219468406966,0.164495436531385,0.0434535665070899,0.164672906122882,0.0426415210321033
AT3G45638,2,0.170160831680122,0.168368990155008,0.0405823190775581,0.0405268019142672,0.163367973955122,0.166026788508757,0.040499907503935,0.167249794408306,0.0432165927969261
Q9SN89,2,0.171807366498093,0.165504361593122,0.0438151250443329,0.0441620993643435,0.167660118312414,0.160311180357423,0.0446153426263671,0.161272247601327,0.0408521586025779
A0A178VDD8,2,0.190381532342246,0.1784491312264,0.0277656171308975,0.0276547802129001,0.176992384304671,0.16988388427195,0.027531084439102,0.172628212193936,0.0287133738778984
Q9SV12,2,0.225187002157277,0.191203968247761,0.0130094581310696,0.0130057148989809,0.18339475372564,0.169305565658704,0.0130209949967176,0.178245184974567,0.0136273572092829
Q1PF13,2,0.187888678267468,0.177599760050029,0.0321708391677696,0.0321492545004587,0.163562584692666,0.170566771947546,0.0321392037498525,0.171912033578769,0.0320108740454406
O64838,2,0.213510913099006,0.194830847767699,0.0155020973328179,0.0154031692269242,0.16221483177843,0.179213129546363,0.0153075862758373,0.187011658392825,0.0170057665800973
O82225,2,0.195117015319421,0.189282185127191,0.0216316482915089,0.0216662360592754,0.166373773340346,0.179178042058519,0.0217281533006577,0.183017798083047,0.0220051484200345
F4IFN6,2,0.213333960351252,0.185574400617124,0.016954640153333,0.0168749472181049,0.185852940498812,0.169937827683911,0.0167959466237853,0.176527335143162,0.0181480017105163
Q84MD6,2,0.216649182924018,0.194654053121123,0.0121492941561582,0.0120627974259397,0.176651919904016,0.176455888687403,0.0119734230099885,0.186050615697403,0.0133528250739503
O49325,2,0.188557696859329,0.178171610751162,0.0252080293714064,0.0252605433303602,0.186968875772311,0.17240240189095,0.0253414810192651,0.17324895869322,0.024840402311995
AT2G33815,2,0.198517443763097,0.185396053963064,0.0244635764256457,0.0245217271506376,0.162792414543939,0.176035477483013,0.0246272980116853,0.178926415270634,0.0247195933882849
O22971,2,0.186871760535504,0.186162291060165,0.0277951451330483,0.0276174574588565,0.154624926793143,0.178478444507603,0.0274250247471857,0.181535846357823,0.0294891034066725
O80770,2,0.168941129824034,0.166994659351291,0.0432668490479943,0.0433392475135601,0.16219468406966,0.164495436531385,0.0434535665070899,0.164672906122882,0.0426415210321034
Q94BZ4,2,0.194122911450415,0.182660336017377,0.0259049289598826,0.0257774999576491,0.172526676741552,0.171146320768566,0.0256386732759098,0.175427023520393,0.0267956293082559
A0A178VRZ9,2,0.186725724307407,0.176374498011849,0.0278535980539738,0.0276904399981961,0.185635017996581,0.168278322901588,0.0275064419256208,0.171102517567078,0.0288334392377057
O80638,2,0.204411034882068,0.178849326320621,0.0216509213105457,0.0215067925219993,0.195800320878596,0.16321960085316,0.0213525622179128,0.169954722274489,0.0232547187406081
AT2G09505,2,0.168941129824034,0.166994659351291,0.0432668490479943,0.0433392475135601,0.16219468406966,0.164495436531385,0.0434535665070899,0.164672906122882,0.0426415210321034
P0CH01,2,0.19795637759857,0.181023190394338,0.0240543478444255,0.0238156759851138,0.177586292797032,0.169970840328272,0.0235550740368312,0.175356961820115,0.0266812391953028
Q9ZT95,2,0.199595892455791,0.178825837067246,0.0206847013397677,0.0205108711340486,0.197101302105289,0.167169110871678,0.0203234473584575,0.172813837918815,0.022974999748908
Q9T017,2,0.187765064970721,0.176535994077768,0.0285149359689649,0.0282210697801509,0.175690087590156,0.168691641091679,0.0279115977356398,0.173662714313505,0.0330068944714145
F4JP36,2,0.199146762890049,0.193610651828393,0.0187648158543413,0.0187482065260191,0.160415493132891,0.183516354414442,0.0187439533709064,0.187887832733007,0.0191659292499526
Q0V809,2,0.18844283639574,0.16876925171072,0.0334080292130037,0.0334684204213859,0.187592390039996,0.160003973895847,0.0335568769332647,0.161889780658594,0.0328684407314483
AT4G06340,2,0.171233470437573,0.164038694930591,0.0453909825455362,0.045462718597408,0.164385478785862,0.160003109280557,0.0455636137927994,0.160281890230429,0.0436400413992443
AT4G06810,2,0.199921020025134,0.196446632657949,0.0170688918778082,0.0170435242293046,0.156164599566149,0.18700320731007,0.0170312726414847,0.191701436028221,0.01761941566388
O82794,2,0.196287378273696,0.175830558483013,0.026337837395462,0.0265183529532582,0.189824376032314,0.163942042784613,0.0267879612252039,0.168335816781266,0.0261356760711746
Q9M0L0,2,0.189446516339038,0.172534903716034,0.0316049357705495,0.0315753892682162,0.181445037694097,0.164418281771995,0.0315497476530106,0.16609381076967,0.0313313770173894
A0A178UT14,2,0.220347118630645,0.188829248863749,0.016108046702548,0.0160349717817399,0.176268057349282,0.170418556552136,0.0159705529074798,0.178532364575831,0.0174910826365885
Q9LNI5,2,0.201321237491193,0.20795354083432,0.0123741131317115,0.0123658088384639,0.143007741707776,0.196516404412782,0.0123726737826853,0.201202752517238,0.0128857272838304
AT1G04927,2,0.185357905314619,0.187153416687578,0.0215923928759345,0.021597646410765,0.173533043590142,0.183396085773739,0.0216198978292069,0.184033713264377,0.0217158982536389
AT5G58595,2,0.182943657862592,0.187361869748507,0.0256895071751847,0.025769874762304,0.157465674529903,0.184169177943443,0.0258898623122334,0.185011017585433,0.0256993580803988
Q9FL02,2,0.18477599051281,0.185367016630008,0.0277419927319404,0.0277939480944649,0.154607175724253,0.182369986001066,0.0278825963698965,0.182237461736984,0.0272238321985777
Q9LSH2,2,0.173985465185538,0.174887308316461,0.0375984877500061,0.0377305453855087,0.158859289183894,0.171258106490607,0.0379071374342115,0.171768341322366,0.0360053189314079
AT3G27884,2,0.186366410459008,0.202497824171363,0.0198198703281927,0.0197920183963106,0.127243346819966,0.202061515440849,0.0197815496696578,0.201959883980385,0.0204775807342685
Q3E7K4,2,0.186397889165588,0.186966170803007,0.0202361032438697,0.0202231965768988,0.176724141643492,0.1836809961215,0.0202283345200201,0.184736440102725,0.0208067278228988
AT3G53365,2,0.194608358609061,0.199961510450566,0.0177205623488295,0.0177339253320158,0.140502545895063,0.194252333691935,0.0177826137139381,0.198705603253887,0.0187325467047033
O82200,2,0.201132806585477,0.204371048542102,0.0136991233205964,0.0136478603319231,0.151417484236435,0.191664250833213,0.0135972901121477,0.19626140939326,0.0142087266448449
O81025,2,0.186072583300658,0.191044698605364,0.0254134023263317,0.0251388958374373,0.146320837562601,0.184805500612918,0.0248348043222132,0.188263479214793,0.0281057982176841
O04333,2,0.182639456080611,0.189781072841237,0.0259716209302475,0.0258601016013415,0.150654972997132,0.185290581152044,0.0257368970897969,0.1871794622331,0.0268858350744904
Q93WT0,2,0.190251185402849,0.195912861583456,0.0207018206671242,0.0205711390742376,0.143961055523122,0.191936656688404,0.0204407720848993,0.194003555746666,0.0222209532292409
Q9C7I9,2,0.179737440202468,0.164035268488557,0.0404961269051586,0.0406536450592314,0.180785929369695,0.156937018891573,0.0408580009208198,0.158128166429952,0.0383684037325453
P0C034,2,0.193255721011734,0.181967084148693,0.0189228258983943,0.0189181035133911,0.197647838755688,0.17433849261747,0.0189309434858336,0.176680432922649,0.019338557646148
F4KFK3,2,0.17701398127832,0.160665808261355,0.042949018151629,0.0429962662096913,0.183724089948039,0.153207923255688,0.0430653298254042,0.15482673257843,0.0415508504914425
AT3G05152,2,0.175333391377685,0.158583853330539,0.0442906275749435,0.0444536816873971,0.188137146666402,0.150367345914705,0.0446496127751566,0.15227572898962,0.0419086116835535
Q5BPM6,2,0.170502280201291,0.157291012163478,0.0476165283771528,0.0479726555284513,0.179990366117582,0.151560998709545,0.0484184861580084,0.152682490196898,0.0439651825475931
F4JD14,2,0.162693632930022,0.158227111556477,0.0519530576198049,0.0521461979437605,0.163300434642708,0.155054199662276,0.0523710544565849,0.155429117543258,0.04882519364511
F4INE6,2,0.193255721011734,0.181967084148693,0.0189228258983943,0.0189181035133911,0.197647838755688,0.17433849261747,0.0189309434858336,0.176680432922649,0.019338557646148
Q0PGJ6,2,0.178904317994593,0.165937768766552,0.0371984805187889,0.0372458646215392,0.187429218510923,0.158502067409089,0.037323516341702,0.160769402138258,0.036689363698554
