ID,Cluster,#1,#2,#3,#4,#5,#6,#7,#8,#9
Q9LNJ3,1,0.526049362921924,0.0471843716661249,0.0167563882470585,0.0957627002588826,0.0118577212635187,0.0312791909310884,0.0459216704670607,0.205507707766986,0.0196808864773557
Q0WWX5,1,0.4057124521914,0.057286408686695,0.0161193472588006,0.143371411364404,0.00757017134216654,0.0164989070404941,0.0209284374110534,0.320938851983067,0.0115740127219208
A0A384KQY8,1,0.444134578071051,0.0648482234912111,0.022746138150313,0.119764061754203,0.0141859556185767,0.036967814322796,0.0516730818578319,0.221884670692269,0.0237954760417483
F4HVZ5,1,0.570766190340621,0.0383800426335504,0.0129645371749688,0.0851357878923766,0.00944136574399739,0.0240294340064185,0.0346945247931853,0.209218392682662,0.0153697247322201
Q9FWY7,1,0.581655679691695,0.0282111441553079,0.00777435209587357,0.0791765230779831,0.00478756449347845,0.0116098334946423,0.0153494592130457,0.263716237872789,0.00771920590518544
Q9SA60,1,0.394999301662038,0.0609336402962715,0.0170408495322493,0.141333782001352,0.0103901091109272,0.0248118639328058,0.0322488518556625,0.301609374033588,0.0166322275751055
A0A384LKA4,1,0.314232107856047,0.0889985265661661,0.0317464895292154,0.165767175110383,0.017528780731966,0.0396095995693067,0.0508136916508884,0.264204140008741,0.0270994889772862
A0A178WGP9,1,0.480016639550221,0.0349810907107667,0.00934986024532714,0.102216463341411,0.00564636095809313,0.0131874499366641,0.0170708154672363,0.328584935385769,0.00894638440451141
F4I444,1,0.466302185863598,0.0552633942625501,0.020239716899447,0.109832151786592,0.0138491070676502,0.0352149032552991,0.0509673471228702,0.22590053767745,0.0224306560645429
A0A384KBB6,1,0.540456556398378,0.0238101115197468,0.00606712184278985,0.0749749229027357,0.00371830801153614,0.00896222761247861,0.0115857920294007,0.324414277165775,0.00601068251715923
Q8RWV1,1,0.454738421121717,0.0628540743377644,0.0224909253907159,0.119237196929673,0.0130637747490198,0.0330463401256137,0.0457716541333262,0.227346112196037,0.021451501016133
P93825,1,0.433334500507043,0.0605900659554002,0.019105333414098,0.12587920122915,0.0120267409996506,0.0294966169337441,0.0398807284171107,0.26029579545516,0.0193910170886431
Q94BR4,1,0.442750881199367,0.0349437695020759,0.00880537310096959,0.104491190884427,0.00595871561534532,0.0148974700993081,0.0193122955867284,0.359023845522994,0.00981645848878481
O23016,1,0.51324952844927,0.0324029475908501,0.00874194112480845,0.0893755028153914,0.00652755374451783,0.0170352192583117,0.0228634275668088,0.298875819488022,0.0109280599620193
A0A178WEZ0,1,0.412278409640327,0.0434837760200741,0.0118551887699208,0.118229889761365,0.00843829228483719,0.02038083879732,0.026669389573757,0.345128232277162,0.013535982875238
F4I8Q7,1,0.581174447161949,0.0308695192923851,0.00843259117596558,0.0798846669177371,0.00589181154085576,0.0154242905451236,0.0208638088392513,0.24756134881695,0.00989751570978252
P0CB22,1,0.455221390822336,0.0578772483932289,0.0208463637992999,0.11385783785566,0.0139644159211758,0.0350226010340078,0.0498459340772993,0.230820280764102,0.02254392733289
Q9MA39,1,0.653138832188038,0.0274294797124593,0.00850990567652611,0.0659866162071452,0.00623483935990541,0.016325886255568,0.0233375878480405,0.188720390990237,0.0103164617620801
F4IAE9,1,0.560683220074334,0.0377524808094108,0.0116703433216833,0.0889546499679332,0.00806730262308183,0.0205077454655357,0.0285784819791563,0.230560082069452,0.013225693689413
Q9SHJ7,1,0.372905458477132,0.0727782220610666,0.0237037586466926,0.142013677511437,0.0149219215398045,0.0386005686058391,0.0511290227327464,0.258950641750173,0.0249967286751085
F4IDQ6,1,0.536117364339158,0.043252210270994,0.0151835125348344,0.0922105583200178,0.0112734465506704,0.0289257889244242,0.0424651093995848,0.212245506791973,0.0183265028683425
Q8RXL8,1,0.649757267173013,0.0287469823964617,0.00890092205707704,0.0669937021121849,0.00670871296462644,0.0183862451377111,0.0266273669106228,0.182477787757307,0.0114010134909961
Q42572,1,0.659997247716439,0.0255925654802952,0.00764986896125639,0.064779052460331,0.0049030574338589,0.0122649401300083,0.0167802506493774,0.200044874369439,0.00798814279899424
Q42374,1,0.407224222837428,0.0595064736710711,0.01815667461173,0.137352612602416,0.0100903046799703,0.0236488039255211,0.0306648142161929,0.297393708807576,0.0159623846480943
Q9M4B5,1,0.618373088468855,0.0199813118954478,0.00516914409712959,0.0601897369439568,0.00336126442239386,0.00828958486815333,0.0109292830503872,0.268230224249937,0.00547636200373924
A0A1P8AS27,1,0.398624865855088,0.069556793371895,0.0250385533075428,0.129568487582728,0.0157677584532429,0.0424306197637411,0.0587989671146128,0.233472556321803,0.0267413982293461
F4HZG9,1,0.523134151859271,0.0461768321403313,0.0163706955651473,0.0927739014558848,0.0125700537578188,0.0340569694435383,0.0513465049884356,0.202488083402762,0.0210828073868114
O04499,1,0.372245608608262,0.0556055957345979,0.0132918004999734,0.155630374239197,0.00675989355935921,0.0155284289676776,0.0192460694312907,0.350893780370219,0.0107984485894228
Q8RWN0,1,0.450859260295956,0.0504508577809421,0.0145539836499362,0.125299866434035,0.00792138254017358,0.0183568755749679,0.0237089930213849,0.296315079518379,0.012533701184226
Q9SAC6,1,0.319882617533707,0.0971605088031355,0.0330968233359789,0.170325893295482,0.015868895104283,0.0367995718303669,0.0466434330309808,0.255059822661785,0.0251624344042807
Q9C5B9,1,0.291214712087568,0.108705761469077,0.0394759982227532,0.170125392347953,0.0205231406430278,0.0475790744196225,0.0598112549387187,0.22943675868975,0.0331279071815295
Q9SXA8,1,0.384789398715079,0.0530660715024369,0.013842347255172,0.142729808152027,0.00832715995401076,0.0203723087583361,0.0257642450989325,0.337470303831467,0.0136383567325394
Q8LFJ6,1,0.596069911806182,0.0296246206916191,0.00885101723283828,0.0760419676331427,0.00650814843859668,0.0168581369428,0.0234542008013169,0.23182978353966,0.0107622129138441
B5TYT3,1,0.425349338293066,0.0687582719528289,0.0229062995343678,0.130308890791994,0.0130679425815212,0.0338980264957908,0.0458576396519151,0.237974180991556,0.0218794097069597
Q9LNA5,1,0.403880545928726,0.0734423322627654,0.0242523101341875,0.136993587687288,0.0135748952231831,0.0343180254628981,0.04575796560635,0.24536270510917,0.0224176325854321
A0A178WN08,1,0.470098076727541,0.051434690690517,0.0175064377217271,0.109442747854195,0.01302044856932,0.0332086339327858,0.0469820743373765,0.236988445466798,0.0213184446997399
Q8VZ48,1,0.283434560443693,0.101154691368925,0.0321567069851376,0.175040027759179,0.018570832522319,0.0461045757806341,0.0577387043277399,0.255129055550036,0.0306708452623371
F4HNZ9,1,0.4718616680942,0.0545280243998729,0.0194764745452493,0.11024341305876,0.0130726000972587,0.0326131169382633,0.0465037915368344,0.230650934057652,0.0210499772719089
Q8RWK8,1,0.594486970724724,0.0380328895221809,0.0126264895256072,0.0843189069738295,0.00781863966332643,0.0190595824926852,0.0266133871462225,0.20455193484555,0.012491199105874
Q9SAF1,1,0.492562807877627,0.0522056894415738,0.0197222204240518,0.101541611409861,0.014023317854653,0.03564009637909,0.0530442088018751,0.208581231216473,0.0226788165947953
Q6DSU1,1,0.355433758688659,0.0742244367557419,0.0268945305124108,0.135674591654852,0.0190983517430263,0.0512056193191418,0.0703127685379958,0.23468087956219,0.032475063225983
Q9LMX4,1,0.373104805903355,0.0753925749312357,0.0273662311760613,0.131758733873091,0.0189221255810843,0.0495118699412151,0.0695407134688818,0.222610832575284,0.0317921125497916
Q8H1D8,1,0.487729864094695,0.0516303694434484,0.0184340634995022,0.101188402438602,0.0136937659088976,0.0377712111647995,0.0561074976194194,0.210118854832771,0.0233259709978647
Q94FL6,1,0.552396108595718,0.0416384025466277,0.0148481546136492,0.0869047879701193,0.0112434035757483,0.0297501861445649,0.0446641298152576,0.200008317302009,0.0185465094363055
Q9M9S6,1,0.505687508319196,0.0522125912499849,0.0184060163956074,0.10094120521709,0.0126161626082218,0.0339389267684044,0.0494972950624736,0.205415685905917,0.0212846084731043
F4HW65,1,0.525271012149206,0.048027808675685,0.0153399716451205,0.105566085776257,0.0084232915159497,0.0194386614668255,0.0260574035695849,0.238709434927965,0.0131663302734059
F4HWB0,1,0.614392427524346,0.0345315801051869,0.0111764042007532,0.0787942126279947,0.00714303948247413,0.0174777261861332,0.0244242290677838,0.200624699595353,0.0114356812099751
Q9LQU5,1,0.290846747904619,0.103219391808076,0.0301963293459441,0.186447781788605,0.0157013052096426,0.0351134679211412,0.0429495410182498,0.270684572926463,0.0248408620772597
Q9LMQ3,1,0.713112819139605,0.0223053391150478,0.0068822977291648,0.0543339296012967,0.00469081666833656,0.0118645736941654,0.016657711512956,0.162508676355351,0.0076438361840772
A0A178WF80,1,0.506323368909948,0.0446509647190425,0.0153043264191258,0.0978291748392142,0.011919122776102,0.030402618501136,0.0441096301675484,0.230128986490416,0.0193318071774672
Q3EDA9,1,0.61590828653052,0.0292178306389061,0.0082094324050621,0.07513962075773,0.00510997348193613,0.012508659622842,0.0167513928603031,0.228880976194017,0.00827382750868335
Q9FZ49,1,0.579214956692312,0.0306371244765509,0.00907753653417138,0.0802244682280549,0.00611376076837199,0.0147867301335809,0.0200713921379492,0.250103315455067,0.00977071557394082
A0A178WIY2,1,0.654745196014865,0.0292077740948701,0.00953259316082742,0.0665814461286138,0.00677473155848395,0.0180096532381614,0.0261122065816886,0.177748523724399,0.0112878754980902
Q8H1E7,1,0.451080635869129,0.0256517228729371,0.00645394840085284,0.0851564482651534,0.00393921047563565,0.00915779580469377,0.0117334555460268,0.400592980498356,0.00623380226721505
AT1G18415,1,0.442102412655884,0.0580756058659762,0.0209769595738821,0.111865192331979,0.0159459027059766,0.0423239912008137,0.0627343674172511,0.21947167969069,0.0265038885575471
Q84M92,1,0.590830008793964,0.0320627948239619,0.00984818614096368,0.0780909686617536,0.00731100102245828,0.0187162538723759,0.026390276375268,0.224793703998102,0.0119568063111522
Q9FZ76,1,0.423522178470466,0.0370676366099558,0.0100207579720855,0.108816725028288,0.00679951881417217,0.0159807815210412,0.0207752089776403,0.366276002156076,0.0107411904502745
A0A384LL22,1,0.432183253134372,0.0614616366230888,0.023547105232543,0.115460571424694,0.0161810871554265,0.041601970126273,0.0605827820363314,0.222593463695578,0.0263881305716946
Q2NND8,1,0.47982535708646,0.0539603879182748,0.0207684636001013,0.102116288355017,0.0151865531477524,0.039401360404277,0.0595542139908564,0.204345168435605,0.0248422070616572
Q6NNH6,1,0.480974011142641,0.040155780969226,0.0114788019430823,0.106257459514019,0.00680157512704648,0.0154077405167761,0.0202200235720655,0.308191126653077,0.0105134805620669
Q8LEZ4,1,0.486997615970333,0.0213596844536048,0.0050930625808047,0.0733869783185835,0.00280488262563946,0.00647960670709429,0.00821997216838066,0.391212445143887,0.00444575203167306
A0A178WEA7,1,0.561744393001671,0.0360662755301201,0.0107293578930081,0.0879808147452539,0.0075831077327526,0.0199794163480192,0.0276206709347898,0.235567374512893,0.0127285893014915
A0A178WQC8,1,0.625198864907615,0.0333626318112236,0.0105454274555857,0.0772474391645563,0.00642296465555813,0.0155537170439516,0.021402272085678,0.199976917877252,0.0102897649985798
A0A178W073,1,0.368628485552041,0.0516483446967845,0.0144365330696475,0.137028905576099,0.0103203712648028,0.0257777750920502,0.0333264853740392,0.341877536020677,0.0169555633538587
O49596,1,0.413784850458847,0.0639945452959494,0.0250345188149227,0.112622478618653,0.0186202734408816,0.0520713598210489,0.079419617752738,0.202471154073943,0.0319812017230164
P93047,1,0.653598015788266,0.0255656089482168,0.00743194093232913,0.0654312860475419,0.00496525698337845,0.0124957413093655,0.0171516570321935,0.205247366699964,0.00811312625874453
Q8GXA7,1,0.45535746505089,0.0586928270290701,0.0212602036575074,0.109823619277807,0.0150492148862777,0.0417457584355092,0.0614377827969619,0.210870675029714,0.0257624538362627
F4HZS8,1,0.436069961048065,0.0652853108046969,0.0227545790739509,0.125356460753262,0.0130519366036411,0.0323153825435439,0.04408749876751,0.239921940180254,0.0211569302250772
Q9SK87,1,0.413743557037292,0.0668413537564807,0.0218023899128472,0.125745572020261,0.0148060953765161,0.0414863997961347,0.0578654812635336,0.231853278572322,0.0258558722646122
Q8LE06,1,0.311043731821998,0.0980097035420031,0.0374706027481586,0.154855306980773,0.0205636121448169,0.0520895198840296,0.0677515511530359,0.223561225753326,0.0346547459718596
Q5XVK0,1,0.31835763809335,0.0970220503859716,0.0284571979683452,0.177131728901668,0.0146664877173289,0.0346345010783406,0.043066632430958,0.262829691493491,0.0238340719305464
Q9ZUE6,1,0.286863107569017,0.101173020387648,0.0421834869657083,0.151308229516151,0.0255213472432455,0.0613268923508829,0.0807277032745537,0.209302749998174,0.0415934626946191
Q9ZUB3,1,0.575492580150485,0.0382634371169737,0.0132093091364665,0.0819601727371327,0.0102014399869894,0.0273906520499322,0.0410533243170707,0.19542683897597,0.017002245528979
A0A178WBU6,1,0.438719802997553,0.05565960287907,0.0170151354039941,0.123584467072258,0.0108189777064485,0.0275030904390082,0.036615013562345,0.272223799260402,0.0178601106789218
O48691,1,0.552056091344508,0.0362753791672636,0.0110524181709451,0.0880058278136888,0.00825830149196957,0.0215741885126061,0.030252929085218,0.238789649354156,0.0137352150596448
Q42565,1,0.495539975279974,0.0493554857949231,0.0170571059687937,0.101588508917705,0.0123374657930263,0.0339527129530923,0.0497716124649434,0.219470902255643,0.0209262305719007
B9DGT3,1,0.317633920712745,0.0888071082255561,0.0331211767891026,0.143281644240174,0.021690102109584,0.0597564677488515,0.0802251991388061,0.217304125044025,0.0381802559911558
Q93ZD9,1,0.506158736317144,0.0513907264420786,0.017196537327933,0.109439337557405,0.00967859761550509,0.022855020122829,0.0310024907195139,0.236967716630078,0.0153108372675133
A0A178W923,1,0.55810967532297,0.0388060949970568,0.0126601319175463,0.0870142832437093,0.00952994602665394,0.0255515899041875,0.0370279309256841,0.215312686258129,0.0159876614040629
Q9C664,1,0.460174798934311,0.0500341992820435,0.015650948513357,0.115795535307969,0.0104742299482503,0.026370052298929,0.0356252948776294,0.268786186870687,0.0170887539668237
Q9C671,1,0.376451566612088,0.0787781965422663,0.0235170245435485,0.152334593444304,0.0127960489673254,0.0319651746259492,0.0410912015189162,0.261756490911286,0.0213097028343164
Q9FZD1,1,0.433674308714006,0.0296089511888001,0.0071942514946767,0.0955390548098157,0.00433817593176202,0.0102809258272882,0.0130619741695811,0.399337118880996,0.00696523898307449
Q9LQX6,1,0.54585896399116,0.0377707201597906,0.0109033134597537,0.0962325432213887,0.00563832589984217,0.0128204642204188,0.0167284040239431,0.265266833210095,0.00878043181360765
Q8S9L0,1,0.373612457275921,0.0670819621229735,0.0225979149242689,0.140206945223259,0.0150962741360659,0.0364309283410858,0.0488394025601509,0.272016896963297,0.024117218452978
P55230,1,0.418252856294417,0.0582809047143329,0.0191899263900262,0.130657134165663,0.0119724994377827,0.0267422621456178,0.0356823112086794,0.281000922678101,0.018221182965381
A0A178W4S3,1,0.526448940048282,0.0390151617514719,0.0122488960977605,0.0940366322715967,0.00922998946133355,0.023626963411385,0.033220769540327,0.247050250617517,0.0151223968003263
Q93Y09,1,0.368059152039419,0.0707375834761162,0.0193633236624974,0.164435275385043,0.00854393696504683,0.0187566646311223,0.0234053254803659,0.313484430821189,0.0132143075392
Q9FZA2,1,0.399747385783785,0.0660531284323535,0.0269565863875489,0.11454604378075,0.0200113413580239,0.0542667927602577,0.082905341325751,0.201800479303409,0.0337129008681213
Q9SGP9,1,0.455590409138266,0.048495935858675,0.0141179229596998,0.118502859573674,0.00870309984680522,0.0204112554302324,0.0267506362735848,0.29367054373284,0.0137573371862228
A8MRE7,1,0.344247271795854,0.0688823510234255,0.0211146860336301,0.155937950349637,0.0134439779052249,0.0296280035946116,0.0378805666547475,0.308301766390679,0.0205634262521903
Q67XF2,1,0.418146940238385,0.0547197428271565,0.0164829766635315,0.125207212563534,0.012003841869354,0.0297500330813323,0.0398789009650325,0.284289428081032,0.0195209237106422
Q9ZTX8,1,0.631848677784297,0.0298971528370801,0.00884147131459294,0.0743268526848526,0.00511366839720239,0.0122463633334845,0.0164247632014432,0.213120329521545,0.0081807209255014
Q9C8G9,1,0.318023386757229,0.0876644601804752,0.0313155730482264,0.142267668129459,0.0208563334470515,0.0609001664105139,0.0828997055832367,0.218549196333276,0.037523510110532
Q9C8H0,1,0.462144863492107,0.0535415496133135,0.0161606230821839,0.120685600894636,0.00990243033841841,0.0241453028560027,0.0322298141890552,0.26512657422854,0.0160632413057428
Q9SA73,1,0.625823615303171,0.0333700791342821,0.0112909798665786,0.0728413565267322,0.00821685713305145,0.0215601502800987,0.0317514381132517,0.181584306819222,0.013561216823612
Q9SA77,1,0.343065407238871,0.0644485454077466,0.0158695363367914,0.168063202974264,0.00902499356244781,0.0212355576892709,0.0263860886934944,0.337338163262986,0.0145685048341279
Q9SY30,1,0.475065866073012,0.0561735395367487,0.0201999266961813,0.109541752177404,0.0134368261479968,0.0340167820666456,0.0484898149868135,0.221118554483582,0.0219569378316167
Q6NQ80,1,0.376987302641064,0.0750255159761798,0.0269110370028369,0.138925026300177,0.0161412295199758,0.0400783558610881,0.0541486581965084,0.245525678353724,0.026257196148446
Q9SA14,1,0.467213879449352,0.0444245268045609,0.0138122395109611,0.108216650588964,0.0104477461134172,0.025787492017438,0.0353860183684486,0.277927185806511,0.0167842613403477
Q9C6S7,1,0.521145632923658,0.0426959873797837,0.0118116768566528,0.107343820944519,0.00588349808622091,0.0135729487386638,0.0175021151772563,0.270742957836528,0.00930136205671851
Q9C551,1,0.42010948342801,0.0370870723338678,0.0099998266537125,0.108914746387145,0.00682969888582533,0.0160933468318268,0.0209737023200327,0.369189241979151,0.010802881180429
Q66GN9,1,0.494369766682002,0.0502856891252567,0.0186935063033325,0.0989082632991888,0.0142105738377384,0.0374318707231205,0.0566227546604161,0.206019614175418,0.0234579611935271
Q9C811,1,0.486310958293355,0.0508920321671164,0.0168571519056385,0.113764907206203,0.0096978052009718,0.021828319323134,0.0293493472612897,0.256430517634296,0.0148689610079961
Q67YS0,1,0.535629973743773,0.0440328616905808,0.0141460420048454,0.098285531384805,0.00867606037348926,0.0220702356135027,0.0304342896925863,0.232498528387266,0.0142264771091517
Q9FX21,1,0.595816977432717,0.0340343951610829,0.0106274409190203,0.0783514191105593,0.00810293106642429,0.0220497760593078,0.0316722207579343,0.205612705554909,0.0137321339380445
Q9XID7,1,0.440937198063753,0.0583733321329332,0.0174243875124711,0.130721575867877,0.00950013546495133,0.0217965250753637,0.0283582048151422,0.277912739000511,0.014975902066998
Q9SYT0,1,0.264366970920513,0.119606040136548,0.0469115999213388,0.170375590034848,0.0234593897556628,0.0546839886199373,0.0675984909710951,0.214688722997164,0.0383092066428935
A0A178W7S3,1,0.452710726638527,0.0613185108366438,0.0193257436120146,0.125430658988984,0.0115148438166974,0.0284960561105129,0.0381074886098395,0.244191308030955,0.0189046633558259
Q9ASU6,1,0.596098013813433,0.0347075200499608,0.0113485457038548,0.0786094709323667,0.00859093909270825,0.0227761400379619,0.0332468945068099,0.20035572291454,0.0142667529483646
Q9LPD9,1,0.42013143707886,0.0498635544001929,0.0150993699730615,0.125486094864548,0.00953621130439919,0.0212364383556413,0.0278950374608756,0.316210269905098,0.0145415866573233
B6EUA9,1,0.47290930594682,0.0450752978242928,0.0141259082282355,0.109236104788109,0.0097210042540827,0.023975883014796,0.032673728660132,0.276644551871971,0.0156382154115607
A0A178W2L9,1,0.491357416507854,0.0461056255015541,0.0145037232779944,0.105454201119816,0.0106999702413437,0.027526530538532,0.0384886334769584,0.248208401375964,0.0176554979599829
A0A1P8AMF8,1,0.600287534820946,0.0382127008531097,0.0127462909657737,0.0818930206675366,0.0084020687076447,0.0215656561715636,0.0307574231277005,0.192284300238842,0.0138510044468834
Q9S7T8,1,0.380252571207219,0.0766457437518311,0.0282812924335536,0.132111940232441,0.0179278360876068,0.0480591432005184,0.0666740250984773,0.219364972547821,0.0306824754405326
Q949Z1,1,0.30578209668957,0.0980020993353258,0.0312129945436124,0.185123238969325,0.0141052416593455,0.0314512165867797,0.038894856445033,0.273447117770305,0.0219811380007033
A0A1P8APV1,1,0.258900521151945,0.119547728177809,0.0468798905727156,0.169008133941173,0.0246203883816801,0.0572288565948924,0.0706535421965972,0.21308723978989,0.0400736991932976
Q6R3K4,1,0.48164630494123,0.0564992421817536,0.0196572724881332,0.110203607431642,0.0128542359541503,0.0331396072586541,0.046744692521814,0.217907920393914,0.0213471168287085
Q94AD1,1,0.55081337837142,0.0307614782620603,0.00871835473612468,0.0848565065837677,0.00540762299546692,0.0125896527218749,0.0166248959910453,0.281738298832837,0.00848981150540342
Q8LST2,1,0.319466964935482,0.0903680658133892,0.0351779320891755,0.147295541930255,0.0221153561561681,0.0534955493428575,0.0714616060494385,0.224548261248673,0.036070722434561
Q94AT3,1,0.445626791344179,0.0557854052655716,0.0203228928523549,0.111190212148023,0.0156559139916084,0.0393518313162295,0.0578076877736101,0.229197090766062,0.0250621745423611
Q8VY06,1,0.388429046899418,0.0656770311512492,0.0213545609740334,0.138341517871972,0.0136099930779016,0.0322765959563518,0.0431126307163508,0.275755833199822,0.0214427901529011
Q9FX95,1,0.455104522365083,0.0611801162316685,0.0216889045164378,0.115291832236537,0.0137423406235107,0.0372205442605568,0.0525147192115499,0.219804330670754,0.0234526898839016
F4I4Y5,1,0.579599270810323,0.0397408585815962,0.0133193490841476,0.0870241136096103,0.00828685823776385,0.0205839345894676,0.0288318650440802,0.209232832517517,0.013380917525494
Q0WQF4,1,0.508632860881608,0.0523532673534498,0.0191167285716531,0.100790856548353,0.0127094324333579,0.0325712707613361,0.047467726333929,0.205547512228871,0.0208103448874429
A0A178WKH3,1,0.484562036930222,0.0524255558464366,0.0200612797159754,0.10076157780251,0.0149591649207294,0.0387213027270788,0.0586726793999715,0.205441363615434,0.0243950390416419
Q93XW9,1,0.617120098165111,0.0300988996482006,0.00911536552557616,0.0748217973050149,0.00593074251688453,0.0151897802483608,0.020874487488708,0.217077901589598,0.00977092751254557
Q8GYM3,1,0.527939356130556,0.0417717486290174,0.0132507409175824,0.0964121815113166,0.00895483581126621,0.022701606464119,0.0313714309582298,0.242952944067504,0.0146451555104082
Q9C512,1,0.526333425961728,0.049582706452768,0.0171371426403632,0.0981194536666505,0.0110724493370723,0.0297735096350703,0.0426452833356862,0.206609175825255,0.0187268531454066
F4IB81,1,0.521314756716193,0.0488881512213527,0.0172511602967446,0.0983532221498349,0.011675723355133,0.0301657146294551,0.0436643203834558,0.20947453465087,0.0192124165969613
Q9C829,1,0.598347711390209,0.0332669329950147,0.0100294344086385,0.0785261538168017,0.00749790985789122,0.0204155040640597,0.0290112413560012,0.210146935314433,0.0127581767969509
A0A1P8AVH1,1,0.649585297935409,0.0283185917859046,0.00859457611679892,0.0672141106070809,0.00625255985268694,0.0167476695212833,0.0237125599795638,0.189031238380894,0.0105433958203786
A0A384L6A6,1,0.54344902721638,0.0453774579786048,0.0153850075137676,0.0927702302018409,0.0106620021723436,0.0280807025155717,0.040594545815862,0.20589421939164,0.0177868071939898
F4HPR5,1,0.603312121456648,0.0362316536516369,0.0116700415149373,0.0811198874802825,0.00744902930165714,0.0184032507969016,0.0257279443622936,0.204081996489289,0.0120040749463539
A0A1P8APX6,1,0.395145730586608,0.0692514920811436,0.0208082253830356,0.140709725192611,0.0128700421839353,0.031732142266796,0.0417890140356179,0.266571068986308,0.0211225592839449
Q9MAH0,1,0.322698567672912,0.0852263451866402,0.0335074362876336,0.135449154105184,0.0229060659298811,0.0639867102241717,0.0894257456385489,0.20665107081401,0.040148904141018
Q9C8N0,1,0.487796744636337,0.0338219762806034,0.00904404055679457,0.0976209923933167,0.00555977640443718,0.0129671214540243,0.0168532126391024,0.327564475494019,0.00877166014136503
Q5M729,1,0.497966071416601,0.0545617012985433,0.0182343497061296,0.111273116634575,0.0103075559751547,0.0258753752658851,0.0353776270981229,0.229524540042409,0.0168796625625785
Q9ASW8,1,0.499924050313735,0.0514202359603564,0.0181232360499116,0.101789635753,0.0124269410226454,0.0327610522749129,0.0476733776114606,0.21525720618571,0.0206242648282683
Q9FZ36,1,0.492349684284304,0.0384651160012312,0.0109741408381686,0.103335472737768,0.00621790524272013,0.0143659134046181,0.0187658234860987,0.305779203560682,0.00974674044440918
Q501H5,1,0.474095288562695,0.0540304899532448,0.0192816760810302,0.112264105398237,0.012395194589315,0.0290333224313444,0.0404286969394507,0.239143455027915,0.019327771016767
P62120,1,0.530307489070544,0.0429966117180663,0.0150439296352245,0.0916743986356538,0.0116331736254174,0.0305746219478861,0.0455341556348495,0.213123137796827,0.0191124819355315
Q7DLR9,1,0.549053067440938,0.0357469253635228,0.00986163871010532,0.0904439485810655,0.00695123042312794,0.0185436832970857,0.0250081201594019,0.25255258494988,0.0118388010748726
F4I9P8,1,0.379498347524238,0.0671056646422385,0.0220904157321971,0.139024886238501,0.0148005362245538,0.0346320563387209,0.046148261314553,0.273485805973031,0.0232140260119671
Q9SLV3,1,0.367397283154531,0.0757608302119082,0.0218119083694625,0.152053432147148,0.013188882110528,0.0326459296732678,0.0422005617848324,0.273183210528089,0.0217579620202322
F4IBB2,1,0.536216733127363,0.0456613863252269,0.0155561802378565,0.0940125853050628,0.0107196707971359,0.028990752934754,0.041939893704768,0.208856178878356,0.018046618689477
Q8L8Y0,1,0.447775381637814,0.0337958699176732,0.00893950756260273,0.102057939033757,0.00599705594749537,0.0143777315004669,0.0186808728854366,0.358751959657184,0.00962368185756913
Q9ZUI4,1,0.374764525081247,0.0595780503532255,0.0162075223622308,0.143898143311563,0.0109922072717819,0.0270184067880791,0.0350776411979444,0.314556547889717,0.0179069557442114
O22714,1,0.476230278778452,0.0322410105350676,0.00856292509970612,0.0950692503910004,0.0055860495877151,0.0132468458156432,0.0172727166661322,0.342913388014478,0.00887753511180593
O64780,1,0.422782835709026,0.0590872905896014,0.0186793758405815,0.129524582862351,0.0121758796865643,0.0296687922287935,0.0397952777927631,0.268552903710841,0.0197330615794782
O64778,1,0.297713343077793,0.0972406194178145,0.0283965962024902,0.197530892651453,0.0117447684799342,0.0241442293246271,0.0295331153991923,0.296137843334905,0.0175585921117899
Q8GUN6,1,0.381396264266052,0.0493696106530284,0.0115616408229645,0.14260517500454,0.00657503694915895,0.0158160453324368,0.019705355244848,0.362177531268578,0.0107933404583936
Q8LE47,1,0.561998984769411,0.0311629853359757,0.00917016869802917,0.0829005476435781,0.00614179628398378,0.0146787230251337,0.0198263466001518,0.264396482590466,0.00972396505327076
Q6DBE5,1,0.356519266790996,0.0715203093417947,0.0239126845349068,0.145831466494417,0.0165491143130786,0.0390030543704965,0.0513966458555376,0.268914368918034,0.0263530893807386
O04590,1,0.545221322007727,0.0404669398662892,0.0123465396574721,0.0959825933190545,0.00751531882416643,0.0188129800970571,0.025523940437732,0.241848738851346,0.0122816269391556
Q8H1H9,1,0.333259203225095,0.0703876037301926,0.0188508664410958,0.158753998461188,0.013337511114209,0.0337244971824225,0.0428864594708214,0.306485915952573,0.0223139444224035
Q9LQ04,1,0.465162310304933,0.0568025124841597,0.0167965300181039,0.121121458090115,0.0104961062005849,0.0272277435253007,0.0363564866594195,0.248298683197681,0.0177381695197021
Q9CAM7,1,0.450489531678092,0.040787698675574,0.0119305319875864,0.10998187232343,0.00827920261763849,0.0194942530614675,0.0258993870052716,0.320124699480198,0.0130128231707419
Q9C8S6,1,0.296894955217093,0.0947895423720667,0.0296941120513016,0.1630211533491,0.0202889735672669,0.0537681660060227,0.0680949264909483,0.238112354111003,0.0353358168351972
Q9C8T4,1,0.429420403050543,0.0619092373297537,0.0202885593899883,0.127884373145736,0.0123067094602896,0.0307774949809077,0.041413930559921,0.25588902761274,0.0201102644701203
B3H6Z8,1,0.499847668263144,0.0442608285781062,0.014144179022477,0.100816309133446,0.0104464343459025,0.0261236461272388,0.0366908387831954,0.250837054305845,0.0168330414406453
P92947,1,0.348634135446481,0.0758565127199578,0.019836872986647,0.173651676785312,0.00968641598889685,0.0232172881870151,0.0286782116996496,0.304555657806157,0.0158832283798836
F4I893,1,0.5374199619846,0.0393404921705399,0.0117169856811995,0.0987728350605439,0.00639098411485171,0.0144289130848251,0.018993469625186,0.263056489196947,0.00987986908130714
Q9XIQ7,1,0.359391756986625,0.0828029786773291,0.0290007855441574,0.144910715508571,0.0174875539188945,0.0437289459319593,0.0583078769539529,0.235391880046182,0.0289775064323287
O04482,1,0.577076702314236,0.0286926168847794,0.00773849619901708,0.0780072931779769,0.00554875076004419,0.0146328106796549,0.0197413373577693,0.259211798822218,0.00935019380430359
Q8VYI0,1,0.643131494316837,0.0297580400969202,0.00885061910889412,0.072792194041909,0.00512835203768334,0.0127365674245643,0.0171561535147354,0.202082548404856,0.00836403105360079
A0A1P8AMT8,1,0.427586319529689,0.0296749149273954,0.00719409715569957,0.0981124850655384,0.00432489809427852,0.0105303024349939,0.0133701189335992,0.402145261682536,0.00706160217626964
Q9SRZ7,1,0.41849814059596,0.0653165473081723,0.018130371417052,0.140750807511502,0.00950896691917354,0.0227753393221896,0.0291968240955045,0.280417885695095,0.0154051171353519
Q9C8D7,1,0.428819641723112,0.0652152367189972,0.0221189140598785,0.121913698807314,0.0142585499458036,0.0393953547997842,0.0549464082268507,0.228701835721931,0.0246303599963295
P0DH95,1,0.556249010588472,0.0424013090051578,0.0140283517143903,0.0891504143891904,0.0102312860804602,0.0280837913170721,0.0409478164523973,0.201454038722235,0.0174539817306245
Q9C524,1,0.425394922930305,0.0583356341494829,0.0222115926319121,0.11433077890492,0.0173629851969022,0.0429209970399979,0.0632717618691664,0.228631979038716,0.027539348238597
Q9C713,1,0.533416967138177,0.0360025140912948,0.0105324460294045,0.0904699973922805,0.00792537143152293,0.0205033151902972,0.0284000725302946,0.259669351426848,0.01307996476988
F4HRS2,1,0.543767146065656,0.0462539768290115,0.0161379115255393,0.0942356621811336,0.0103948954102772,0.0270785673738651,0.0387655645622361,0.206158624553176,0.0172076514991046
A0A178WI85,1,0.436112306703996,0.0418856501791746,0.0112115270476394,0.114456420917152,0.00830024692957992,0.021463657066247,0.0283259618271136,0.324350263831366,0.013893965497732
A0A1P8ASJ1,1,0.381314220442376,0.0567078695289686,0.0172501173624935,0.139191306495215,0.0114758505981733,0.026006937262589,0.034008800590198,0.316279234528009,0.0177656631919778
Q9FXD2,1,0.38092704707654,0.0698139789535306,0.0245607464224864,0.132221977994742,0.0170327027723231,0.0429300060782611,0.0594376492149332,0.245467832313869,0.027608059173314
A0A178WIA4,1,0.346447222896696,0.0811292881058273,0.0278311207110057,0.145238094025053,0.018280978823621,0.0468542884978575,0.0626962936040213,0.240879282033146,0.0306434313027715
Q9C9G6,1,0.506538596736432,0.0301769301148605,0.00814355811718289,0.0902846712403465,0.00466481105943758,0.0106406648954192,0.0138036292733544,0.328483938939167,0.00726319962380012
Q9LQB6,1,0.481612866257348,0.0542953250986396,0.0178461018516307,0.111971926606672,0.0118084314004146,0.0302164172806335,0.0418670232992044,0.230749825295116,0.0196320829103415
Q9C793,1,0.279053090182227,0.103459689931805,0.0431255145975232,0.152081189457597,0.0244466281880831,0.0635543735090626,0.0830706275764641,0.209656125841626,0.0415527607156125
F4I3V3,1,0.333828979398133,0.0653786650934378,0.0173459810170401,0.159102021097184,0.0119056136375759,0.0289845208511684,0.0369192289885081,0.327214975426384,0.019320014490569
P49637,1,0.385434785655285,0.0429748893933674,0.0116657758433765,0.123061620242014,0.0083992790654661,0.0199986563003256,0.0260170860858644,0.369098327158492,0.013349580255809
Q949X9,1,0.385207086432977,0.0740172798890753,0.0241835608468398,0.140433695291043,0.014442484666112,0.0366394024538477,0.0487722014456878,0.252347895724008,0.0239563932504088
Q0WL80,1,0.499854276622018,0.0529626166988719,0.0195654508096918,0.103345003076019,0.0130219827133218,0.0326509807049563,0.0473445992269269,0.210194014484008,0.0210610756641867
Q9M9G6,1,0.445012888813405,0.0583613806198004,0.0211208287666389,0.108524069929118,0.0161174899110364,0.0453574508492687,0.068264350494086,0.209462288573731,0.0277792520429155
Q94AG2,1,0.539095458136997,0.0453966772720672,0.0158481897309955,0.0930363206140796,0.0110396845292848,0.0295561379714762,0.0433657942480895,0.204161233829487,0.0185005036675235
Q94AH3,1,0.45602833642482,0.0472055826571192,0.012810796685263,0.114954212092505,0.00940077533533727,0.0255433657344985,0.0339975133829972,0.283809336878695,0.0162500808087643
Q9SGE9,1,0.618262545695861,0.0290939410660082,0.00879137147915154,0.0717593667936376,0.006535945385794,0.0170571139424955,0.0240807828548343,0.213599233751659,0.0108196990305589
Q7PC79,1,0.369926156186154,0.0597093919274154,0.0176926020845563,0.143733912731044,0.0116858283912567,0.0291994648095165,0.0381526818273464,0.310813845195805,0.0190861168469063
F4HQ84,1,0.624530598631331,0.0336315241204664,0.0108825281506811,0.0764920008661786,0.00701653513371608,0.0173918267594301,0.0244013742010613,0.194320200115368,0.0113334120217674
Q940M8,1,0.321622739154269,0.0911131548031893,0.0325611885280357,0.150903300112299,0.0202865554059965,0.0515532289956514,0.0679577552975631,0.229907145839422,0.0340949318635744
Q9C9C4,1,0.378829277850737,0.0556388341385935,0.0134645400569333,0.155156142212994,0.00639246835614885,0.0144329924477806,0.0178693534263665,0.34810618255316,0.0101102089572861
Q9C911,1,0.690073144263895,0.0260586669320688,0.00830661091617424,0.0609380473451309,0.00534077748588481,0.0134767132428173,0.0189171565183346,0.168180354316416,0.00870852897927878
Q9CA59,1,0.48398474361411,0.0489598404048267,0.0172963583336714,0.104335659594902,0.0129218828403291,0.0317202722550722,0.0456763474707809,0.234599202094742,0.020505693391566
Q8L4D8,1,0.497145806939152,0.0509911020642618,0.0192543042796328,0.0996496641472765,0.0140284522262747,0.0358423690560442,0.0536869070783016,0.206667365599243,0.0227340286098129
Q9SSF9,1,0.441797109423229,0.0546135671703583,0.0163829409637238,0.123264129584108,0.0106570035790418,0.0284802540230231,0.0382064217821023,0.268425035542234,0.0181735379321787
Q9C9Q1,1,0.266532140924439,0.114629532961318,0.0374835346023699,0.189415959079714,0.0186284228331027,0.0408220051979559,0.0496686139006698,0.253713754228673,0.0291060362717581
Q9LR04,1,0.462868202005413,0.0411797401068236,0.0111723394985021,0.109097241742428,0.00806439315622504,0.0207213034475516,0.0275925311581654,0.305889534643052,0.0134147142418406
A0A1P8AVM1,1,0.466734927959154,0.0519915352769254,0.0191111714008966,0.10659873097915,0.0146637749744055,0.0363020061290699,0.0532907904356245,0.228001486410847,0.0233055764339274
Q9SGR6,1,0.415101893906647,0.0641592448428159,0.0238371815276305,0.116763224408357,0.0174782514605496,0.0485382821126929,0.0712945260538068,0.212829997358368,0.0299973983291325
Q6NPN9,1,0.628100445544858,0.0252097374097945,0.0068652046990487,0.0681149982186057,0.00470753219590901,0.0121074788162959,0.0163548156199697,0.230728895914262,0.00781089158125632
Q9SFW6,1,0.447613801206171,0.0547863173556896,0.0176707326729684,0.124417043688562,0.0100232388648868,0.0226792332009186,0.0300064859391629,0.277320589325733,0.0154825577459072
Q9SFX3,1,0.405398580788419,0.0412975178669348,0.0105797267640191,0.11896939121244,0.00773680318535439,0.0197501108841836,0.0256261990769811,0.357750240721953,0.012891429499715
Q8LF80,1,0.440010973740397,0.0515193384946649,0.0146204869551334,0.128058514849958,0.00778501232100576,0.0186221269740895,0.0239665920714301,0.302902429289675,0.0125145253036463
F4I735,1,0.37628752547584,0.067314639270261,0.0205512146169838,0.149818647376713,0.0110579211038918,0.0251861984924538,0.0324675292067111,0.300110590760767,0.0172057336963777
Q9C521,1,0.392991872760734,0.0398329350880704,0.00994416976412225,0.118395164099614,0.00711305918565174,0.0179953099137035,0.0230886906037164,0.378823991807755,0.0118148067766322
Q9CA19,1,0.661408983727505,0.0241766914557374,0.00710840417839302,0.0628260720261287,0.00496788059241701,0.0127662972642714,0.0176393932974836,0.200898302691308,0.0082079747667561
Q6NQB7,1,0.422646226818544,0.0631351959213748,0.0221648160987566,0.122632508712143,0.015631424814539,0.040783293994509,0.0574988980014139,0.229381701179334,0.0261259344593864
Q8VZ19,1,0.476420920133977,0.0344819632583074,0.00956345320718476,0.0969970445611333,0.0069241481248269,0.0169837949406321,0.0226263201011544,0.324850947318624,0.0111514083541602
Q500Y9,1,0.441136015072179,0.0595129079681595,0.0207785716498598,0.113821216238029,0.0147240528645919,0.0422623956207803,0.0608236903575138,0.221137241502195,0.0258039087266912
AT1G79075,1,0.561830548827711,0.0328504179953107,0.00907309527498397,0.0857312116173803,0.00626335931051019,0.0162791414812642,0.0219420651461991,0.255553687352533,0.0104764729941073
F4IDI6,1,0.420261983775951,0.0639495367095372,0.0197433990193538,0.129313998442205,0.0131570269813479,0.0346476557780896,0.046787816727845,0.249840229391109,0.0222983531745612
A4GSN8,1,0.43676698816773,0.0600796601186574,0.0235724080929056,0.112158113104312,0.0170437105043223,0.0433385991046783,0.0646209326665732,0.214886225506298,0.0275333627345237
Q9SAK9,1,0.592597937222425,0.0195006881771468,0.00478486311648139,0.0622978007943203,0.00275770673179088,0.00658089399856569,0.00847047289612158,0.298569546267556,0.0044400907955927
Q9SAK4,1,0.343972514289526,0.0840806818605031,0.0310131090177623,0.140206910519699,0.0203615510938539,0.0533776846395284,0.0727291602622608,0.219570950120641,0.0346874381962262
Q9AV97,1,0.457965067468311,0.0295267264486076,0.00780500086063323,0.0919121934427752,0.00489832025247243,0.0112746131807135,0.0145917138882356,0.374361407332587,0.00766495712566501
Q9SAJ6,1,0.480427658318962,0.0546115606945531,0.0191078124012373,0.10701348585836,0.0134560942882614,0.0363835009914978,0.0526683728053329,0.213478508384615,0.0228530062571796
P46607,1,0.292262896229947,0.100958498950226,0.0280567471698465,0.188160345785968,0.0151211554307957,0.0358288007318933,0.0437368404997851,0.271214666948426,0.0246600482531122
Q9S7C0,1,0.626399725239263,0.0245329740830909,0.00643386935207307,0.0699054243473773,0.003664526261382,0.00874284621732764,0.0113977219507408,0.243034257120157,0.0058886554285891
Q9CAA0,1,0.616399634152551,0.0349449757845991,0.0111451939843633,0.0793513349535507,0.00688015004310063,0.0167445977528989,0.02313787131131,0.200363505126165,0.0110327368914614
Q9SSC0,1,0.405049646781136,0.0634638556271468,0.0214832484161188,0.122251236572074,0.0164550543362464,0.0445242466529032,0.0632786515002266,0.235497860663374,0.0279961994507739
Q8VZM1,1,0.797027905858788,0.0129210551623269,0.00366899851076509,0.0352835350264011,0.00235916230378407,0.00596571357843238,0.00811078841964833,0.130789468481001,0.00387337265885243
P93832,1,0.506035472177997,0.0342243502285736,0.00973159378489647,0.0941255423840215,0.00661303920310099,0.016644493645122,0.0222599556195767,0.299561986004689,0.0108035669520218
Q8S4F6,1,0.332594565649267,0.085856145081189,0.0343986040892581,0.137435569688883,0.0222525009405907,0.0581099828548886,0.0807247687161847,0.211170933234554,0.0374569297451853
Q8GUN8,1,0.575389862185839,0.0347868123359591,0.0108804510882138,0.0828497374802671,0.00785751291098575,0.0197732632613022,0.027796169441469,0.227924931995145,0.0127412593008184
