ID,Cluster,#1,#2,#3,#4,#5,#6,#7,#8,#9
C0LGE0,1,0.145788007545582,0.0422927369863325,0.00951788009698939,0.0191232300423624,0.42947260104859,0.0223221040200645,0.0241895734799344,0.291073841954023,0.0162200248261206
Q9C5C5,1,0.164221158886327,0.0542691817889657,0.0123699031586639,0.0247270960683773,0.374639605793631,0.0288247919529537,0.0311292702682715,0.288789566055928,0.0210294260268824
A0A1P8APT0,1,0.13341471763665,0.0435822769729121,0.012776998385599,0.0282344451372767,0.344525018719929,0.0336518974833956,0.0369344436520285,0.343684021164835,0.0231961808473748
F4HXQ7,1,0.100023899682574,0.0285175674425241,0.0104181194905369,0.0231703162892104,0.381681377965678,0.0276296569771713,0.0308638584410117,0.378300804531618,0.0193943991796752
Q9XI23,1,0.147490863720544,0.047927475042351,0.0178631656707275,0.0361642481552116,0.355053505940115,0.0414682909335136,0.0449183160786868,0.277764178922244,0.0313499555366069
Q3ED94,1,0.147568624587786,0.0530232647595646,0.0163154363559654,0.0370452099058319,0.332407029418732,0.0439198150321796,0.0467547564005376,0.292469754161482,0.0304961093779216
Q8S528,1,0.115333844244375,0.033693943827018,0.00939764415891984,0.0188361508514734,0.395446113394191,0.0221977293433945,0.0245733750239193,0.364492457534548,0.0160287416221614
Q9FVQ6,1,0.113635452115488,0.0289332736503538,0.00932371968035439,0.0204963854615574,0.476108925448076,0.0239633732609937,0.0261455018862595,0.284044873628094,0.0173484948688228
Q39204,1,0.095987990818172,0.0263577834227649,0.00736753967792143,0.0156980848891574,0.413628115869969,0.0187010229988727,0.0207481436049479,0.388368186554276,0.0131431321639194
Q6NNH5,1,0.124866519722022,0.0399060680552927,0.0145813522694426,0.0364889994507707,0.343381782301901,0.0436107859055069,0.0473193297699278,0.320211251790908,0.029633910734228
Q84WV0,1,0.0967911130161606,0.0279209691525527,0.00866164192580386,0.0187528297811044,0.412578779432512,0.0223630831010631,0.0247084003651513,0.372555443238145,0.015667739987508
Q8VYX0,1,0.16359999692934,0.0658287028188514,0.0213157898510955,0.0369031750013504,0.296853671007253,0.0426222526569371,0.0472732993887127,0.293032151521675,0.0325709608247844
Q9SX65,1,0.142294357178606,0.0422105187636876,0.0121194023938861,0.025795288833723,0.407406662156017,0.0300783287265866,0.032292418080244,0.285889906024679,0.0219131178425709
A0A178WA70,1,0.152347859339598,0.0495281560904562,0.0117140503212324,0.0255130104591328,0.385664791236735,0.0300750745486708,0.0321295220675208,0.291937912923807,0.0210896230128467
Q852U6,1,0.101976857285606,0.0271931153850176,0.00822653355657066,0.0192493156943823,0.473934083116829,0.0229093270474757,0.0246667722583264,0.306053206509134,0.0157907891466579
Q8H125,1,0.108494634328336,0.0314465213201851,0.0109358407255665,0.0253957926673783,0.399444290054562,0.0303098167541059,0.0329732440342214,0.339991333147081,0.021008526968564
Q8VZN4,1,0.141525357602676,0.0436310666122071,0.0150896431297804,0.0304516838753047,0.386782304707999,0.0352217958993419,0.0382925603887068,0.282629891321471,0.0263756964625135
Q9C8M2,1,0.134312808217227,0.04819842308865,0.0174512746718518,0.0397262371102103,0.322442181000898,0.0470592721351456,0.0507877342677283,0.307135217871135,0.0328868516371541
A0A178WAJ6,1,0.123767080342179,0.0378951747255726,0.0112349396112766,0.0235373461171078,0.374318561440153,0.0279563370443877,0.0308595933497776,0.350759615461699,0.0196713519078463
Q0WR90,1,0.13820270883628,0.0410527533679386,0.0137021330938869,0.027411647315078,0.389217502142399,0.0319118942421914,0.0348892341789573,0.300093542457545,0.0235185843657241
Q8L9C4,1,0.134969693019611,0.0345988198001539,0.0108448139935974,0.0236937588315112,0.454630236455967,0.0275196227228248,0.0297689242090055,0.263900401297925,0.0200737296694037
Q94C15,1,0.121585325903172,0.0378419014876461,0.0116470457194952,0.0276249911647372,0.364409084324613,0.0331420237019393,0.0361466809382762,0.345231954084139,0.0223709926759816
Q9S7J9,1,0.10028521024973,0.0277173501268812,0.00969402960927335,0.0228875700384345,0.406849175855247,0.027444013742388,0.0301823650386754,0.356175550376192,0.0187647349631783
Q84W40,1,0.121417412686286,0.0334776569880763,0.0120747843304275,0.0253377418788768,0.40874982815124,0.0296373358164568,0.0327776585720637,0.314804256161528,0.0217233254150447
Q9C9U5,1,0.138430909900416,0.043139770240995,0.0108988181598919,0.0230958775184201,0.401621937821399,0.0271669302099206,0.0292226553120203,0.30706483835172,0.019358262485217
Q9S7E2,1,0.123437558259234,0.036672617946162,0.0128243411765163,0.0276922414185997,0.375262472158088,0.0325426798185822,0.0359760275182976,0.332122823423397,0.0234692382811237
A0A178WKW6,1,0.111703652387903,0.0337177762984572,0.0132540142844178,0.0299287783663503,0.371644976956886,0.0354074905634276,0.039142726883756,0.339994934876178,0.0252056493826243
Q6AWW5,1,0.119484950920916,0.0305925262666512,0.00729417022550381,0.0147191992778021,0.497044902835818,0.017229018129995,0.0187998231400496,0.282337062594558,0.0124983466087064
Q9FNI0,1,0.124100919289464,0.0357059699872039,0.0110317341551497,0.0238284656843219,0.403226149093375,0.027973267302793,0.0306721366272055,0.323347492738313,0.0201138651221729
F4KGU4,1,0.149931921916768,0.0512370784364886,0.0154431950018765,0.0306407216163029,0.353172947818985,0.035748135095171,0.0386974708891252,0.298931340110485,0.0261971891147977
A0A1R7T386,1,0.134823696572775,0.0357919367958489,0.011813506159481,0.0254716402399981,0.436151659935008,0.0295763907697946,0.0320547179593993,0.272559369350947,0.021757082216749
Q8RXT1,1,0.110351087858393,0.031653435360161,0.00858619615180613,0.018556633071179,0.436842311092561,0.0219486974676798,0.0239598443859756,0.332627308663972,0.0154744859482722
Q9LF08,1,0.110716674074195,0.0349929170119079,0.0126175798401718,0.0315878466480547,0.354212887966013,0.0379919489657629,0.0413291160071325,0.351162750754018,0.0253882787327448
Q6AWX0,1,0.130932623235431,0.0387208471978589,0.0108684565706339,0.0217143151539306,0.385819742179137,0.0255192042612875,0.0282713777245896,0.339652785791984,0.0185006478851474
Q9C583,1,0.139241485524838,0.0566652743709252,0.0182658782985677,0.0437494569538245,0.302616157682151,0.0521972822532801,0.0550393672976391,0.296846351945294,0.0353787456734795
Q8VYG0,1,0.10436707225631,0.0300902739625581,0.0114838043205313,0.0267090414841296,0.377566516466455,0.031974230005518,0.0353186626072183,0.360433462602289,0.0220569362949907
Q9FMY7,1,0.113828868240978,0.0304444230408122,0.00942654833343394,0.0206152729154708,0.443067371445325,0.0242446365932591,0.0265755751173342,0.314483855399995,0.0173134489133924
Q9LTI5,1,0.13546158251037,0.0385389671155018,0.0137534257364027,0.0293572558983162,0.38939020024011,0.034137828890167,0.0374156797486524,0.296896771851636,0.0250482880088441
Q8H166,1,0.105379522094242,0.0296974141128517,0.0112502644469676,0.0248702920793903,0.394108181056394,0.0294409645590969,0.0327123194690907,0.351567231909142,0.0209738102728243
Q9FNR0,1,0.146151855117548,0.0560515272007815,0.0157773856762725,0.0353769775248004,0.328025654326505,0.0419812492493067,0.0446218575886797,0.303159955302236,0.0288535380138702
Q9FJP6,1,0.133139641140075,0.0358939977088733,0.0105100532211213,0.020865440406344,0.437936911389643,0.024245064641822,0.0266056292927721,0.292702859584073,0.0181004026152772
Q9FHA4,1,0.113942047637124,0.0348463845117535,0.00844979856911774,0.0177064622596622,0.387889080661798,0.0210844901020785,0.0231555097608858,0.378175820923334,0.0147504055742466
Q9FJW1,1,0.146141632350339,0.0483209488105378,0.0170782255584614,0.0371858895253421,0.334130778256501,0.0435837605292184,0.0476048112945823,0.294762019021857,0.0311919346531614
Q3EBC0,1,0.148339680786168,0.0463786199031181,0.0131252964961183,0.0284354934295469,0.370867917580118,0.0332640402965544,0.0359618464169177,0.299691058941614,0.0239360461498448
Q940M5,1,0.108410294615046,0.0275602372337513,0.00726125038525651,0.0154873474065692,0.515919593705615,0.0181888317652238,0.0196900185295948,0.274422449125384,0.0130599772335596
Q9SRK7,1,0.111131428091547,0.0316883258517859,0.010184473332151,0.0239882531183307,0.420520186301308,0.0285603340769705,0.0307811331404722,0.323453149454987,0.019692716632447
AT3G13277,1,0.147235431748596,0.0547699587795277,0.0141403054297458,0.0313960640722548,0.327670716640732,0.0374136179581576,0.0402798753726278,0.321305422333703,0.0257886076646553
A0A384LP12,1,0.118940190090015,0.0326210341497858,0.0101726016088187,0.0216881649122225,0.434841740112737,0.0253912925837574,0.0278405692153587,0.310147767964478,0.0183566393628267
F4J6D8,1,0.150763457310674,0.0557956356178522,0.0154528788014021,0.0363595662435844,0.323436778983423,0.0433393195997447,0.0461685107891525,0.299167369831901,0.0295164828222666
A0A384LQM2,1,0.106625463443369,0.0316149426912239,0.0126580726969784,0.0276189468745208,0.370609873458824,0.0327070863899183,0.036468649239193,0.358361354049469,0.0233356111565037
A0A384L5C3,1,0.120592170578352,0.0314932410419,0.00983856571677047,0.0209838219511881,0.44586521790751,0.0245902428066854,0.0270030221169249,0.301800512205822,0.0178332056748483
Q94JU2,1,0.12238499462951,0.0354987622929862,0.0111795527429742,0.0239839756332956,0.416606099122543,0.0282069837615276,0.0305447758706339,0.311395265674773,0.0201995902717557
Q9LZG7,1,0.14200942592664,0.041249708126273,0.0116785717824611,0.0255514854177473,0.391241695975964,0.0300415581186179,0.0327383036382726,0.304124051350875,0.0213651996631491
Q9SNB8,1,0.134635386802842,0.0426962256373675,0.016093456306203,0.0358260216459217,0.357009195823902,0.0419577129448837,0.0455644632819709,0.295784551084457,0.0304329864724523
Q9SMM9,1,0.130920289422438,0.0420001527809179,0.0127067514591783,0.0305792299723909,0.356401504670663,0.0365900166131801,0.0394032528228357,0.326544343553619,0.0248544587047768
Q94B40,1,0.094341085672132,0.0266361530666058,0.00941830683827331,0.0219136179726631,0.407719209725591,0.0261736331050732,0.028892676503536,0.366775376142775,0.0181299409733508
Q9LXZ9,1,0.119315064616949,0.0317485256151639,0.0104817254014177,0.0225076559000368,0.444156223928022,0.0262704928060639,0.0287929697629726,0.297575686343294,0.0191516556260811
Q9M318,1,0.145537686034576,0.0504595431026207,0.0122147498702964,0.0281283162855157,0.357069603567649,0.0335621220202062,0.0358205750239335,0.314431626733758,0.0227757773614448
Q9ZU48,1,0.12999457270517,0.0346428885647917,0.0121299939854514,0.0259486595908438,0.439411589428717,0.0299619834677229,0.0325740535377037,0.273041252475158,0.0222950062444417
Q8S9N6,1,0.147098259571479,0.0463580392863772,0.0141524156079327,0.0265297430488051,0.359204238101972,0.0308716078016489,0.0343029577844004,0.318376987247568,0.0231057515498171
Q9ZVQ6,1,0.0846091477228989,0.0198502542706012,0.00512709354389598,0.0110695763643804,0.586235421481006,0.0130380258679875,0.0141942549887936,0.256589498129939,0.00928672763049655
Q9SI96,1,0.14733396320235,0.045557828798061,0.0157946469310136,0.0349438367659665,0.358644149003181,0.0405446650599443,0.0439751297882818,0.283654892647929,0.0295508878032726
P92994,1,0.121289684897224,0.0321376436562752,0.0106300877090686,0.0223467827343997,0.455808177247077,0.0259729723560962,0.028402331190324,0.284288861177172,0.0191234590323641
Q3EBR6,1,0.107350856504627,0.0316715617145863,0.0128237938798969,0.0285880292971379,0.373125202009457,0.0338400523801041,0.037611500009202,0.350871948124319,0.0241170560806698
A0A384KJS1,1,0.126542593738386,0.0414604243143039,0.0148154060245923,0.0346483822846561,0.338934990831206,0.041260599339599,0.0449902547617705,0.328858604041242,0.0284887446642438
A0A178VX35,1,0.136051259491177,0.04441363736803,0.0158398783127144,0.0359714583632663,0.331104020111103,0.0426933699517157,0.0470175735385478,0.317135075171033,0.0297737276924116
Q0WP12,1,0.127158342447574,0.0382069820364993,0.00921175240465291,0.0187560720398948,0.411723711899496,0.0220951833481213,0.0240963161284162,0.332960116742339,0.0157915229530072
O22166,1,0.0996537399321079,0.0276227206380832,0.00861715328657895,0.0201746446475578,0.428137148998327,0.0241204628653008,0.0262516408486887,0.348819085444398,0.0166034033389573
Q9M129,1,0.151846748097281,0.0552887756709274,0.0152663440654046,0.0318093914337037,0.340253021677411,0.0374126306103731,0.0401915318138437,0.301261916790785,0.0266696398402706
A0A1P8B5J8,1,0.112709166987321,0.0314402614838882,0.00842006403210662,0.0180559848956191,0.439158899445262,0.0213451390012937,0.0233363923183693,0.330488108234365,0.0150459836017752
Q9SUL7,1,0.109005265001933,0.0309068098648852,0.00957445804065522,0.021453874137313,0.41494230392528,0.0254579383939837,0.0278831683956296,0.343027682767263,0.0177484994730577
O23393,1,0.137056817242951,0.0402743120844284,0.0152363966839618,0.0326034589846281,0.379011246724443,0.0376959774745096,0.041194939699562,0.288916410057311,0.0280104410482049
O49725,1,0.140801740473649,0.0422476662338091,0.0120727982806749,0.0248506673684386,0.406628100188894,0.0289462786073894,0.0312037026737791,0.292137229081584,0.0211118170917822
Q71N54,1,0.115642805877328,0.0336179653818821,0.0130608950596453,0.0272446400542122,0.382081909819919,0.0319753595828124,0.0356074309732574,0.337346225099475,0.0234227681514686
Q84TH9,1,0.110840188905583,0.0293685391308602,0.00866501009233393,0.018625202992801,0.463274778334919,0.0218600985304563,0.0239404751810721,0.307702031106781,0.0157236757251931
Q9SZ58,1,0.141644064243014,0.0429781849595045,0.0119794245014583,0.0237374839025264,0.409307979588858,0.0275417295266809,0.0299543031551117,0.292522669126453,0.0203341609963937
O49389,1,0.109369127545435,0.0272072504701966,0.00800106318933828,0.017671551683485,0.505507205485696,0.0207772799610714,0.0225146142817193,0.274121443337425,0.0148304640456339
O49482,1,0.124891514138584,0.0323519806845162,0.0102849179761255,0.0205956698331015,0.462620035814929,0.0238674899712987,0.0260971684463113,0.281471185548422,0.0178200375867117
O65507,1,0.152701493100735,0.050278717055694,0.0129753873813461,0.0258450480246191,0.38098399755933,0.0299946249158262,0.0323875426893117,0.292772868768694,0.022060320504444
F4JSV3,1,0.145594694120459,0.0533473624472598,0.0137522690625701,0.0290548947940681,0.338744180744073,0.0344210329407413,0.0371506604810594,0.323754581618531,0.0241803237912379
Q8L936,1,0.106748471102474,0.029355169367806,0.0100203245755051,0.0216468332633901,0.407722872298953,0.0256363461462083,0.0284283608327542,0.352235827239628,0.0182057951732807
Q5XEZ0,1,0.117375532109029,0.0495695126658586,0.0174648490070314,0.0472532176408935,0.265081941852902,0.0591894191403946,0.0635311636079531,0.344410489620641,0.0361238743552977
Q9LMM6,1,0.0811275788255847,0.0260372832519553,0.0111075867951519,0.0258264867184535,0.276877964821562,0.0317622893542562,0.0365595627765408,0.489528295257377,0.0211729521991187
Q08733,1,0.0660738052332614,0.0271660906538842,0.0105131894785169,0.0259291957805685,0.176290372345883,0.0336200490378066,0.0397086260329426,0.600594808833951,0.0201038626031849
A0A178W7C0,1,0.0645631255579731,0.0287408276730375,0.0151225293595114,0.0402734129794891,0.156234197985722,0.0554588433835053,0.0703186534774273,0.539104881691171,0.030183527892163
O23673,1,0.0727128192664318,0.0245523348547022,0.00842171884354637,0.0202401566109001,0.261427132214137,0.0250921314703564,0.0283436084065125,0.543087727836079,0.0161223704973348
Q7XJE6,1,0.0668734164981102,0.0247369062524134,0.012182161226947,0.03138508681517,0.198040525659238,0.040620180661191,0.0487357987963598,0.552937146585796,0.0244887775047747
Q8L735,1,0.131623708400816,0.052912569676409,0.0179382904196203,0.0420111069760731,0.298291693413234,0.0504285896959052,0.054033386363066,0.318763629454325,0.0339970256005506
Q8GUL1,1,0.0811481881527915,0.0271154440947038,0.0120834191409678,0.0274427640840032,0.262647787569436,0.0338023228418241,0.0392499961410057,0.493861663593644,0.0226484143816238
O22691,1,0.0956859845966337,0.0440791549966973,0.0195792494898351,0.0417543159658114,0.207921272229989,0.0527402593942634,0.0624506764037871,0.441914268792439,0.0338748181305445
P93820,1,0.0600426650097005,0.0268980721400548,0.0130652994268882,0.0347391143762424,0.146947706392411,0.047790047451037,0.0597263522911367,0.584880075220789,0.0259106676917407
Q8VZ31,1,0.0969582490162451,0.0396528680400555,0.016104123739508,0.0423163355712296,0.242255924597379,0.0541040058227401,0.0607032259164235,0.415321555129573,0.0325837121668471
Q9SYK1,1,0.103221050465359,0.0506530265309432,0.0237911431174943,0.0579221769890912,0.199476735226214,0.0750315242934845,0.0880855343567995,0.357469504442049,0.0443493045785658
Q9MA40,1,0.0782856645270554,0.0356577704489673,0.0174213038314826,0.0518168309810213,0.184935412731518,0.0712219556067097,0.0845406422290159,0.438768465952113,0.0373519536921171
Q9C5D6,1,0.0330052716889616,0.0122686901371584,0.00472644291895787,0.0118917174471232,0.108720456896081,0.0154351516055696,0.0181883315471075,0.786572859451505,0.00919107830753577
Q96288,1,0.0679288188849703,0.0304475679127993,0.0152136624764699,0.0375823200381273,0.160827107089319,0.0504522717410636,0.0629282075707324,0.545737947430257,0.0288820968562615
Q84K72,1,0.0873243638114033,0.0377749059510128,0.0155831770615521,0.0414743327145106,0.210412429137711,0.0539502557682918,0.0624593089769889,0.459447094271034,0.0315741323074954
P93836,1,0.111881393206786,0.0430665208922149,0.0152054516464416,0.0346014366395566,0.284190918202672,0.0423955942306515,0.0472579584221492,0.393216261868421,0.0281844648911071
Q9FE68,1,0.0868696469437834,0.0268153695357225,0.00881257841587177,0.0194932794593373,0.313796984098895,0.0236243290751112,0.0266407929597196,0.477911697477646,0.0160353220339139
Q9LML6,1,0.0828425231553922,0.026272380773489,0.00777422596125641,0.0174762856450561,0.306484761213799,0.0213117868711762,0.0238356594148438,0.49977774937695,0.0142246275880367
Q9XE58,1,0.056503841630701,0.0236545895328717,0.0104196944663718,0.0267821409729513,0.151027190803474,0.0357189912151602,0.0431826327018514,0.632290902007716,0.0204200166689024
Q8L9V6,1,0.096763534859713,0.041931508286544,0.019269491826678,0.0492608835182465,0.230642734477027,0.0629389031400521,0.0711796009606229,0.389848605571935,0.038164737359181
Q05431,1,0.0542222115900977,0.0202698945367811,0.00887107554880154,0.0234010139750148,0.166585584750028,0.0306075716893336,0.0364523994209364,0.64165758245333,0.0179326660356766
Q93ZB0,1,0.12944104947397,0.0471283988803394,0.0122779565866404,0.0245938133955624,0.323817404268064,0.0292716195817041,0.0323504220293887,0.380484546068581,0.02063478971575
Q84JF9,1,0.0623260905130238,0.0266126991809948,0.0119753321923121,0.0287810650706188,0.160189926801049,0.0378994329314459,0.0461258333098065,0.603780144559214,0.022309475441536
A0A178WCZ1,1,0.0744066070228993,0.0329252588066077,0.0145546960424503,0.0389442251646003,0.183582379600079,0.0519722784466907,0.0613641835178227,0.513080767316475,0.0291696040823751
Q9SAD0,1,0.0613799149793654,0.0236221931163835,0.0115889196805385,0.0303076012766932,0.172548457520349,0.0399568859811084,0.0486848019390806,0.588612025483185,0.0232992000232962
Q9SAC9,1,0.0563884008337215,0.0202562142942972,0.00932735626799388,0.0244551883375788,0.183543280911752,0.0317601886638362,0.0374144340723234,0.617966159163747,0.0188887774547501
A0A178WHZ3,1,0.124745934060225,0.0532652028302403,0.0173762433481781,0.0382600355793424,0.263109398830599,0.0466448927323675,0.0519280375368635,0.373612732084114,0.0310575229980698
Q9SAC0,1,0.0936763770151568,0.0390336053366585,0.0160280715638654,0.0423802692469902,0.228651010117326,0.0548532072355189,0.0625509678044234,0.430585539962702,0.0322409517173584
A0A178WHL2,1,0.0432406185839572,0.0143135161589637,0.00563666115047672,0.0137101491813097,0.166023375870201,0.0173220165321303,0.0201359896778375,0.708738125698009,0.0108795471471154
Q7X7A9,1,0.152234240396027,0.0641982701641617,0.0186299239353538,0.0454884681468235,0.282192450216933,0.0544570684211226,0.0577051787791863,0.288991313678645,0.0361030862617478
Q93WN3,1,0.0550225888285781,0.0237814513328085,0.01095687492809,0.0295618883561199,0.141872231182437,0.04037370290323,0.0497740016237338,0.626695532249918,0.0219617285950855
Q9LPZ0,1,0.065049959700299,0.0284894440648416,0.013865208917122,0.037536107275191,0.158832252159992,0.0511670350177876,0.0634757574454297,0.553578556802717,0.0280056786166207
Q6NNI8,1,0.080534168767677,0.0344640877354284,0.0151312492256101,0.0421787186211199,0.201982421261429,0.0560843946268197,0.0649687700453244,0.473108304654564,0.0315478850620273
Q9LN71,1,0.0564002432546081,0.0205222693801249,0.00905724284155675,0.021410447503362,0.173055193701526,0.0273161235912606,0.0326380346522779,0.642494715728615,0.017105729346669
Q0V7R1,1,0.100547381259635,0.0433833084501567,0.0190300984646888,0.0402961094605782,0.231017698875626,0.0499748074513877,0.0580414835732469,0.42466084749955,0.0330482649651306
Q8L855,1,0.0955034374042592,0.0318472118526279,0.0138534398881511,0.0315441839479006,0.286056229186966,0.0384875889974061,0.0441753294012857,0.432581104841703,0.0259514744797006
Q9LMG9,1,0.0464414113528927,0.0170572042801963,0.0075338943511276,0.018690894812785,0.148351182037819,0.0241664775417923,0.0287903499718315,0.694284675334039,0.0146839103175158
Q949S4,1,0.0894904064653629,0.0319765591096166,0.0139173845728295,0.0302094760832137,0.250599734730662,0.0373063902215101,0.0435241965287134,0.478091973330855,0.0248838789572371
Q94B71,1,0.0444442450175644,0.0174663902072599,0.00784456343591398,0.0193120076063146,0.129451989293654,0.0253423957286352,0.0308302199488182,0.710278753737689,0.0150294350241507
Q9LQU1,1,0.114805940270116,0.0396321081939225,0.0119511145881392,0.0256628357569447,0.325112883870265,0.0309411102088855,0.0342337096581703,0.396440456520638,0.0212198409329188
Q9M9Q6,1,0.0612771768189469,0.0270573237281078,0.0125827629580377,0.0312856329644488,0.153604639964412,0.0418431151841185,0.0513382520598592,0.59709238165114,0.0239187146709286
Q8L731,1,0.0668799381744288,0.028633698797534,0.0128257866056892,0.0341722220774566,0.16762631123702,0.0458866645633797,0.05582364038042,0.562469283321911,0.0256824548421607
Q9XI28,1,0.0698632090273288,0.0326051591770012,0.0170813401944019,0.0470947386753355,0.157005628274278,0.0660080163650776,0.0844143141998548,0.491378132282977,0.0345494618037459
Q9M9E0,1,0.0468854380109407,0.0178086881970582,0.00825065658538848,0.0204160340468498,0.142438372912784,0.0267252165891884,0.0323418815849564,0.689259015740854,0.0158746963319802
Q9S9N4,1,0.0625776868138545,0.027954981680598,0.0138137128934149,0.0386167030043714,0.152095134035453,0.0538208717777372,0.0672885397625468,0.555587214300394,0.0282451557316301
Q9S9L9,1,0.0950847483297833,0.0295778217907351,0.0124587678361197,0.0287960706173267,0.32008923021753,0.034914028105158,0.0395548161000651,0.415800471641521,0.023724045361761
Q9FZ52,1,0.0722245982792651,0.0291777741536894,0.0143700309448568,0.0406512516106933,0.187298153758216,0.0545111508131029,0.0659636013265883,0.505506132176977,0.0302973069366111
A0A1P8AVT6,1,0.0921221847400485,0.0375399153873734,0.0139847194215718,0.0313943851970895,0.230885594122172,0.039285355571724,0.0452491487578984,0.484153726638552,0.0253849701635707
A0A178W9I4,1,0.0564102315288665,0.0174662116860389,0.00620025956715583,0.0148948805565278,0.242251324376464,0.0184712748111945,0.0209700959366296,0.611394471201005,0.0119412503361189
F4ICA1,1,0.0835125984517812,0.0411421206204719,0.0206170609444903,0.0609224593506847,0.170414714190584,0.0854935946156238,0.105066931735629,0.389294586836031,0.0435359332547044
Q9M9T9,1,0.106536004461893,0.0486282908765351,0.01849931783763,0.0489966615670548,0.224413605228618,0.0628569686448533,0.0704983343663972,0.382291846752767,0.037278970264252
A0A178W7J9,1,0.0976886240770709,0.0393369839791199,0.0150259142440297,0.0344219934666582,0.246066465085065,0.0430284410532474,0.0489364888640548,0.447779976485033,0.0277151127457213
Q93YP9,1,0.109394560241631,0.0383278675591747,0.0142734732628302,0.0339984446371464,0.286217943640869,0.0417319825941985,0.0470396703963493,0.40176953014931,0.0272465275184913
Q93VH2,1,0.131843461256978,0.051587781593089,0.0164030985971682,0.0353240210118691,0.298639393695547,0.042455836278519,0.0464939849269384,0.348004656808748,0.0292477658311432
Q9FXG8,1,0.0796693432693421,0.0268689770045963,0.0107377247945587,0.0241725100203164,0.263372086261745,0.0297670321787718,0.034109192736393,0.511476818480534,0.019826315253743
Q9LNU1,1,0.087260362378377,0.0391909378220457,0.0166411164208676,0.0421405755752373,0.202992428074494,0.0550767282975722,0.0639767618719435,0.460604420725431,0.032116668834032
Q9LNU5,1,0.112679261678244,0.0340568687499011,0.0128390543702317,0.0292367033860867,0.34644744221277,0.0350101491235537,0.0390907479742842,0.366386963837263,0.0242528086676647
Q9LE38,1,0.0657160221694898,0.0269909006769946,0.0137112734383888,0.036282930986992,0.171845912413938,0.0487324200271334,0.0599846273990986,0.549300456369446,0.0274354565185181
Q6ID99,1,0.0845843197491506,0.0360840231445159,0.0162134824384677,0.041086216005661,0.206374016896958,0.0532843251963058,0.0629881790936103,0.4675318068175,0.0318536306578309
Q2HIW8,1,0.109847414948152,0.0403057530273703,0.0117249046526116,0.0252234749551983,0.301187179368695,0.0306145828355555,0.0340758455580421,0.42623553441481,0.0207853102395662
Q8VZG4,1,0.11480220746444,0.0420673338779515,0.0143339323721658,0.029646160939117,0.298264679269777,0.0356218959730805,0.0397692141120873,0.400700316326187,0.0247942596651937
Q9XI00,1,0.0653305773123419,0.0209333873454593,0.00811865488903117,0.0186810042711294,0.246090671890061,0.0230648949479474,0.026460016250663,0.576134746885388,0.0151860462079785
Q9LM55,1,0.0709910901232138,0.0246187072094773,0.0107194636106681,0.0242006619057833,0.226250408010629,0.0301968667798049,0.0353821978024363,0.557932338669988,0.0197082658879999
Q8W4I5,1,0.097647546081698,0.0351956326886132,0.0140400777238618,0.0325454324984668,0.269148786607963,0.0403158166097073,0.045865413948473,0.438789964804117,0.0264513290370999
F4I4K7,1,0.117756900718417,0.041760708367347,0.0166087817629631,0.0347835992464923,0.287612455988541,0.0418893676112836,0.0478180442919247,0.382540992037671,0.0292291499753601
O23119,1,0.0908980745766111,0.0295909665752209,0.00969217709003356,0.0214762359972419,0.293035019901184,0.0261731185701638,0.0296594018121308,0.481884639031368,0.0175903664460456
Q9LRA9,1,0.0752298464933013,0.0310506805652829,0.0118227684042976,0.0288389097768664,0.198389303169026,0.0370526845651117,0.0429921917857471,0.552091117731443,0.0225324975089236
Q94A88,1,0.0652019353260163,0.0244282332481537,0.0109887855866832,0.0280651075874774,0.196077288095586,0.0364547815692272,0.042879647171336,0.574197053589083,0.0217071678264368
Q8VYU7,1,0.0868518471340311,0.0343156751472137,0.0124893928127772,0.032972211409336,0.231803396710911,0.0422965428357927,0.047797761418599,0.486181511082091,0.0252916614492476
Q8LFI6,1,0.0760365606336769,0.0233011901374262,0.00890956606822668,0.0213975574375782,0.301165226577265,0.0263231969349864,0.0298350078832289,0.495756243014954,0.017275451312658
Q93Z75,1,0.0294513585440098,0.00999437427877067,0.00384130919733439,0.0095957571965616,0.115012920436378,0.0122528734801038,0.0142302736907194,0.798108616832762,0.00751251634336013
Q9LQY3,1,0.0935192748123676,0.0290257646682612,0.010854737300157,0.0246894123161042,0.324719356332472,0.0298995940047204,0.0337767099850736,0.433189271092315,0.0203258794885289
Q9C5U1,1,0.0624544405156021,0.0259088661607294,0.0110495653223876,0.0254251573247906,0.164838430172556,0.0328838697580013,0.0395433305912869,0.617742519336713,0.020153820817933
Q9S709,1,0.0665411008783626,0.0294964840070148,0.0134272774920367,0.037093856662867,0.162293762088436,0.0506649123967427,0.0618130081904453,0.551246264482007,0.0274233338020881
Q9SFZ2,1,0.0659878854107318,0.0207228611278498,0.00626400766665117,0.0144127508360262,0.266253697823664,0.0177107825804191,0.0199423183360976,0.577055235704188,0.0116504605143726
Q9FZ89,1,0.100155498617915,0.043059727318008,0.01836891179758,0.0467347703524894,0.229888850289068,0.0596830520162704,0.0676575775165018,0.398082808209806,0.0363688038823612
Q8VY22,1,0.0836728188869562,0.0293918109163783,0.0114711483183868,0.0290165058191974,0.247274517289014,0.0364824516819999,0.041793479663988,0.498071031591305,0.0228262358327739
Q9XF57,1,0.0502024055092101,0.0168666700457331,0.00584942359239369,0.0133346364175871,0.188481170770091,0.0166277657446365,0.0191209963174265,0.678779381199561,0.0107375504033613
F4I340,1,0.0671932222844913,0.0233407154585739,0.00995171239740916,0.0229966919826315,0.215334350016023,0.0288269570648678,0.0338459090898281,0.579812903439848,0.0186975382663278
Q8L9S1,1,0.0599256185953568,0.0258391324605523,0.0134343403889199,0.0348592265474688,0.149657688149359,0.0475495386478894,0.0601489958727144,0.582160759016622,0.0264247003211166
Q9C6Z0,1,0.10357565264105,0.0328434537730674,0.0136825776790024,0.0307156919933115,0.328792170348551,0.0370111211147889,0.0417085645916698,0.38607087713194,0.0255998907266192
A0A178WBW1,1,0.110202837916313,0.0391387739323767,0.0135642723264148,0.0337552218942704,0.303990435946474,0.0415129855946199,0.0454328489903602,0.385460797802016,0.0269418255971547
A0A178W467,1,0.0659600638865503,0.0264492594977292,0.0133336390622506,0.037104055820314,0.178202560045325,0.0498135609369404,0.0607629569627088,0.540620553216261,0.0277533505719212
Q9SA13,1,0.0657499353758092,0.0299711320841807,0.0141756563141055,0.037300606055376,0.156546905204727,0.0508665001977381,0.0629341229506817,0.554560520070356,0.027894621747026
Q9C858,1,0.0757434900293726,0.0255779864234277,0.010204527006715,0.0223061532377388,0.251382402232926,0.0273828893285595,0.0316725048393056,0.537243327874758,0.0184867190271967
Q8H960,1,0.0718926126986903,0.0284884431619054,0.0106393128413674,0.0280060170836077,0.205707784397101,0.0362535454331799,0.0415516867368309,0.556122313851055,0.0213382837962623
Q9LQL2,1,0.124439080676343,0.051792122934963,0.0171333533889209,0.0371642045694491,0.278538236983255,0.0450982892147348,0.0497623244921256,0.365608623898864,0.0304637638413445
Q8LCK5,1,0.108701518886163,0.0430506020994397,0.0134802952351723,0.0292328122449167,0.262071411866979,0.0359655591708387,0.0408036824652988,0.442909403533499,0.0237847144976926
Q9MAP8,1,0.0879842654856074,0.041061783403543,0.0189853524642293,0.0574863669881114,0.194226156998896,0.0783493693227976,0.090169291458608,0.390444585030394,0.0412928288478133
Q8W467,1,0.0616430545984187,0.0257348898527543,0.0134873608957666,0.0331761315733323,0.158388967274765,0.0442642557033724,0.0554233258040139,0.582204169371699,0.0256778449258777
F4HYA5,1,0.0701890645539621,0.0202734263929395,0.00697284389256329,0.0172029010958449,0.342811546372453,0.0211272672053023,0.0234512689284578,0.484205751690972,0.0137659298675052
Q9C8P8,1,0.0676237131814567,0.028777196332864,0.0129306348018593,0.0334898563506039,0.176240987906043,0.0446026981120009,0.0531390234799762,0.557796607145158,0.0253992826900378
Q9LQF0,1,0.099869415395339,0.0420045168489762,0.0181731695610942,0.0420229552666697,0.234432886294615,0.0528520387958268,0.060856683308633,0.416056133207778,0.0337322013210686
Q38970,1,0.0950457530197262,0.026696976709871,0.00910660529919262,0.0190767336872131,0.391051389141876,0.0226712444131888,0.0254003957658148,0.39479634497437,0.0161545569887479
F4I1M5,1,0.0517851869951162,0.021345480516395,0.0101591230491187,0.0269189319712618,0.142034737724384,0.0364447300938226,0.04478453425172,0.646202368611699,0.0203249067864821
Q9LP85,1,0.118074172821619,0.0540993839696578,0.0209785866722849,0.0511124622748503,0.229800123274878,0.064295619757028,0.0728599885360752,0.349095594497818,0.0396840681957884
Q949Z8,1,0.0680675935246806,0.0240534809849336,0.00926682796348421,0.0225219070362437,0.216151749358928,0.0283455641091407,0.0328441861126284,0.580871301676375,0.0178773892335856
Q3ECY6,1,0.0499293571534831,0.0178336236920589,0.00632582746596104,0.0151483951630645,0.170474056157652,0.019178253490333,0.0221447965969617,0.687001876869754,0.0119638134107312
Q8GUM3,1,0.0645065486927853,0.0254749296746604,0.0120268022777872,0.0284438160913211,0.178439846219617,0.0367386497617574,0.0444398570378501,0.58745083509378,0.0224787151504419
Q9LPF6,1,0.0632196265285848,0.0281832669482434,0.0149668129248658,0.0417009193212879,0.151425200894535,0.0584018248600166,0.0747799351457302,0.536785749417713,0.0305366639590229
A0A178WK23,1,0.0725916479366096,0.0342877960465351,0.0183619359470635,0.0483703910107367,0.159789367369401,0.0669137213849743,0.0856034393570039,0.477882126912707,0.036199574034969
Q9C626,1,0.0507802518868484,0.0209183685742217,0.00924057849999953,0.0225745569766211,0.140106694649261,0.0297438376300861,0.0360152970276313,0.673170368481097,0.0174500462742331
Q8RY60,1,0.0467425432241117,0.0186135386274574,0.00907175653241428,0.0236477546000403,0.134282836840765,0.0317542307959007,0.0390912065287061,0.67879601520841,0.0180001176421936
F4HYF3,1,0.0509083331692558,0.0199693840867159,0.00900231141575464,0.0223312357962832,0.151893408791068,0.0291288693927183,0.0349732380000267,0.664444306321154,0.0173489130270235
F4HYF4,1,0.0539865208161369,0.0204599897504195,0.00887879735915617,0.0233993906622401,0.170935033217628,0.0305410984981772,0.0358377372187621,0.63807983227968,0.0178816001978002
Q9LP77,1,0.0978803539679966,0.0308610548988568,0.01221313285084,0.0287038838679727,0.311289848269768,0.0350115061685729,0.0396001339124265,0.420954839197795,0.0234852468657721
Q9C736,1,0.0504536380290871,0.0188923211546671,0.00823349812699256,0.0196507702718943,0.154982103149233,0.025303352668317,0.0302359215992654,0.676670274995532,0.0155781200050117
A0A178WJ73,1,0.0460241888912309,0.0168251654374788,0.00660167716632724,0.0157357952884002,0.152806568462089,0.0200605507341264,0.0235745226655568,0.705927889806164,0.0124436415486272
Q9M9A8,1,0.0531688339033516,0.0216327410323636,0.0106472538089746,0.0283490876753582,0.144111442600833,0.0382767249033223,0.0475201595537117,0.634824233990092,0.0214695225319927
Q9XIA2,1,0.0836369595534275,0.0315991039127507,0.0133681949243751,0.0329563021027514,0.235352229135852,0.0416473625579738,0.0476428261314678,0.487702556875951,0.0260944648054498
O22043,1,0.0919749451622726,0.0412864168556228,0.0174488769018739,0.0413971350337523,0.206895850386056,0.0533970519039368,0.0627429809586075,0.452431905237911,0.0324248375599679
Q9FX86,1,0.0786124649964001,0.0255857215068688,0.00972626943899981,0.0242954180042088,0.271076499322245,0.0303580664899014,0.0344962046944143,0.506637593618505,0.0192117619284573
O80339,1,0.0536710612369287,0.0172908530605775,0.00696319775341498,0.0171087813684378,0.216706715602466,0.0215334870015963,0.0247330087301684,0.628373643655089,0.013619251591322
Q8H0X0,1,0.0538073780848328,0.0225150420161724,0.00981830547430307,0.0241693112746826,0.143418683921847,0.0319375973133902,0.0388408501070632,0.656852850233349,0.0186399815743595
AT1G51645,1,0.0860528558178058,0.0372095341857033,0.0149424058999833,0.0330908012429875,0.205636362357947,0.0419089721341675,0.049203103583904,0.505334464552051,0.0266215002254505
O24408,1,0.0729143863631701,0.0339088709691603,0.0176361643791402,0.0450197768285544,0.16448418328881,0.0613994245323666,0.0771824760192798,0.493290178924091,0.0341645386954275
Q9SAU9,1,0.0525276559056358,0.0180490426170456,0.00765573728648469,0.0202658725048413,0.182777248334725,0.0261853375380852,0.030616368788756,0.646293386327803,0.0156293506966233
Q9C942,1,0.0576160028491229,0.0238611067635054,0.011164870750371,0.0296308821228668,0.151525086102674,0.0399781808949594,0.0492975745601988,0.614583749511286,0.0223425464450158
Q8GY87,1,0.100546754116365,0.0361381468053511,0.0133286529826436,0.0314601470736811,0.27928031433168,0.0386274603719963,0.0432469652690066,0.432096763296757,0.0252747957525196
Q9LNN1,1,0.109852510170265,0.0437947248232756,0.0157574584421005,0.0379254133563045,0.279074641217486,0.0469097386707659,0.0515532785407184,0.385113230473147,0.0300190043059378
Q9MAI8,1,0.109303164949234,0.0452341025757338,0.0163119158844041,0.0404476660900641,0.248903459001776,0.0509635443081499,0.0572575662175214,0.400155028462881,0.0314235525102355
Q9C8L2,1,0.112367645245192,0.0504637729074783,0.0216884005112571,0.0638951200307654,0.232094713296532,0.0816463124968018,0.0880103538206208,0.302282983949928,0.0475506977414243
Q1G3Z0,1,0.147798038241262,0.055733309928471,0.0193432404567756,0.0391249434026582,0.300498010906536,0.0459781456151418,0.0508526094296152,0.307213451903502,0.0334582501160381
Q9SYG9,1,0.0696369215787985,0.0323465856335905,0.0169372005716815,0.0436717442648348,0.157614049396924,0.0601461017963291,0.0766982974817962,0.510212406591161,0.0327366926848845
A0A178W7W9,1,0.114860694817061,0.0481168153448164,0.0190606687597966,0.0505407746927255,0.25536064342163,0.0633667303106594,0.0692142888256584,0.340345880152874,0.0391335036747787
A0A178W8X5,1,0.129552070654618,0.0492915999614122,0.0152820760459727,0.0313226905810041,0.304057962389725,0.0373505746705134,0.041417472146487,0.365356949515551,0.0263686040347162
Q93W93,1,0.0433452157930118,0.0149898542520576,0.00565589159919385,0.0137104484637479,0.15801670530098,0.0174042742999262,0.0201556647613485,0.715933190206257,0.0107887553234766
P28148,1,0.0727360976937375,0.0292748129699782,0.0120365925443036,0.0334787719855808,0.196667705671177,0.044258909379158,0.0515175264623687,0.535062032272235,0.0249675510214608
A0A178WKB3,1,0.0814623364078565,0.0353209619050085,0.0153897181908911,0.0442461414541042,0.202921747358403,0.0592164668196176,0.0680869831782915,0.460747282144384,0.0326083625414437
Q39083,1,0.0739889591499997,0.0271688621145481,0.0100543363919382,0.024493663237864,0.228765515324892,0.0308918100218495,0.0351357602208882,0.550108745572191,0.0193923479658291
F4ID16,1,0.08084528200196,0.0380008221522699,0.0189396257907438,0.0586611006154626,0.178100741858529,0.0823015721440445,0.0990725556520871,0.402636307650224,0.0414419921346797
Q8L7G0,1,0.0819909153845948,0.0335020927089921,0.0126645945962459,0.0304123550108577,0.220173860173998,0.0386775411352305,0.0442362368174412,0.514418836471824,0.0239235677008158
Q9C958,1,0.0551594779206165,0.0232402655650389,0.0119672356379639,0.0302915080226664,0.144063252831717,0.0408556370293069,0.0513580561085513,0.61987471698159,0.0231898499025497
P82626,1,0.0730441597805798,0.0265812461489571,0.00862707492703003,0.020508588809032,0.232850261208227,0.0256625335955098,0.0289603906103748,0.567478054852826,0.0162876900674633
B3H7J3,1,0.0707779020635035,0.0243932136093818,0.00945605556808081,0.0239732250165664,0.243701966520443,0.0301926182565076,0.0343371761663599,0.54435536873896,0.018812474060196
Q8GYD0,1,0.0796762316603932,0.0265145818330489,0.0115863150990106,0.0298608320081183,0.264069084123118,0.0376185331586434,0.0429941951709844,0.484164949837481,0.0235152771092016
Q93Z20,1,0.062470963426379,0.0220840180890653,0.0099294271165795,0.0236262624189619,0.199935644908295,0.0298780897256131,0.0353341691722671,0.597818183435499,0.0189232417073402
Q41931,1,0.0815281162274655,0.026995311608879,0.0106745093952279,0.0271288962083481,0.282464271911671,0.0337151152137209,0.0381122035873699,0.477794564695063,0.0215870111522551
A0A1P8AR38,1,0.115539901991824,0.0410895425690647,0.0168796902394454,0.0388510607699761,0.292455265655344,0.0472482157252878,0.0528998256015893,0.363440868367386,0.0315956290800831
P42749,1,0.100640509709339,0.0307879240581581,0.00977562241017299,0.0222160961165366,0.349005352476661,0.0267767533584904,0.0297974671122494,0.412816879393936,0.0181833953644572
Q6DBB8,1,0.116891338685622,0.0375556992599084,0.0128767254638762,0.0255343456015657,0.335018853233592,0.0302246552995017,0.0339531241974644,0.386148058056024,0.0217972002024452
O04469,1,0.0892875294751396,0.0273627564498451,0.0100970847032951,0.0217597010105296,0.316753775989194,0.0262845249836498,0.0298695234256917,0.46034950058355,0.0182356033791056
Q8L7S6,1,0.0774161356897296,0.0236282421846183,0.00680624649973874,0.0148837911999363,0.326498659179926,0.0180419722925853,0.0201726895312567,0.50029809412754,0.0122541692946694
