ID,Cluster,#1,#2,#3,#4,#5,#6,#7,#8,#9
AT1G01060,1,0.0349020811078133,0.0393023112725807,0.0258730420033511,0.246486874454129,0.164669282841892,0.24632890532452,0.189120311449473,0.0164794860527608,0.0368377054934804
AT1G01720,1,0.0238075583689962,0.0274234054035652,0.0182495985383309,0.27716403904758,0.144479664963749,0.271179045998567,0.193068340288773,0.0124147686536159,0.0322135787368236
AT1G02520,1,0.0469312208340519,0.0538626582985859,0.0342166474248556,0.214230725209339,0.166603337805877,0.201583813703057,0.21279756516918,0.0207136184029527,0.0490604131521009
AT1G04650,1,0.0178926270339871,0.0204445601260913,0.0136346104567405,0.331657971549789,0.107199468732217,0.312061602920912,0.167661838769279,0.00922897933276577,0.0202183410782183
AT1G08580,1,0.0164551875696821,0.018798448244233,0.0123315697004646,0.374567702890478,0.0846637856527099,0.307855258623804,0.162112904521434,0.00804557852667298,0.015169564270522
AT1G09800,1,0.0236195062344035,0.0261840368595106,0.0176718028221367,0.319739406530086,0.10764834872256,0.311703942396972,0.162107340851711,0.0112739002876889,0.0200517152949322
Q9SXB7,1,0.0536519121506888,0.0602950689067141,0.0408912869986774,0.202508638906602,0.169108554174236,0.196841071144037,0.192346322095428,0.0258553603051349,0.058501785318482
AT1G12210,1,0.027378135671411,0.03234752263594,0.0204518722507895,0.272872473563463,0.13811286231979,0.2274607764993,0.230182601329507,0.013703791136985,0.0374899645928151
AT1G13740,1,0.0481039870142419,0.0549586000511438,0.0345058630410094,0.228115491521433,0.147975355254454,0.203629980600879,0.216910970623317,0.0206554048586527,0.0451443470348692
AT1G16190,1,0.00850745474617544,0.00986327131486614,0.00638280714689168,0.423975068707514,0.0651779728929921,0.339594558531712,0.132387879006963,0.00420949380236797,0.0099014938505174
AT1G17560,1,0.0199486486725716,0.0230387308297869,0.0148402657386657,0.333147510185939,0.105149239341604,0.276851504683211,0.195841267653812,0.0097544241437423,0.0214284087506672
AT1G18090,1,0.0236608762870808,0.0273701879798566,0.0178199037457796,0.326636096582871,0.104748386462902,0.270050922409597,0.195254524305702,0.0118945369015685,0.0225645653246432
AT1G18550,1,0.0221178864521561,0.0253543115059026,0.016598597454768,0.29863414070105,0.129532727708814,0.283221938638106,0.185832028132892,0.0110343185141968,0.0276740508921148
AT1G19690,1,0.0251108190877811,0.0284695882128142,0.0193726044221558,0.291692996731794,0.130649504185062,0.290524993977919,0.172792783720297,0.0135207556760456,0.0278659539861315
AT1G23000,1,0.027001173175121,0.0306851197857394,0.0211302782024335,0.289205588494768,0.128110802960069,0.280311910609036,0.177147521633646,0.0152058562364158,0.0312017489027709
AT1G26520,1,0.0243703471791604,0.0277095709176169,0.0187241632174667,0.301776276871008,0.12210159039975,0.291367435877239,0.174765258068966,0.0130352994220164,0.0261500580467771
AT1G26960,1,0.0326728122574707,0.0371916300308599,0.0237706289992289,0.272154565570637,0.13388452129974,0.24604309007839,0.212656623299224,0.0144252163905913,0.0272009120738574
AT1G27360,1,0.0379518442377787,0.0438086859961066,0.0284550203026705,0.267523520224523,0.129464300576788,0.222067646478849,0.213816783404122,0.0190692789553697,0.0378429198237922
AT1G28390,1,0.0544727640892582,0.0619580071589001,0.0397549238962266,0.201950187147546,0.166109719459692,0.192076247902298,0.198446819069174,0.0244200933008633,0.060811237976042
AT1G29160,1,0.0524570071745172,0.0589290783607972,0.0377895582646897,0.209931681571352,0.169637302556869,0.202704239453549,0.196740991783939,0.0224856811312883,0.0493244597029987
O82653,1,0.0219783247136469,0.0251285879897441,0.0168359105868744,0.317276049182682,0.112952908528581,0.297309675058512,0.17320243633009,0.0116599747700905,0.0236561328397791
Q9SA18,1,0.0243282013399974,0.0283254908179596,0.018238934683397,0.261743418177337,0.153193301567507,0.248588245570207,0.216679229191851,0.0120105603828809,0.0368926182688639
AT1G06573,1,0.0446191250028751,0.0516767696105708,0.0319449170323439,0.251641428019918,0.135431532780859,0.212921671850492,0.217616519506765,0.0194412892477261,0.0347067469484502
Q9LP11,1,0.0356297346082022,0.0405983110235471,0.0264184692110482,0.278487529720863,0.124586982807569,0.234301685112262,0.213707179201404,0.0168412720243236,0.0294288362907811
AT1G48090,1,0.0526281065599321,0.0600316242661086,0.0382589741946023,0.204952484975876,0.166195920000206,0.191692067025591,0.203544183968124,0.0234288256278359,0.0592678133817242
AT1G48630,1,0.0177040029876474,0.020213921480628,0.0132989316487832,0.378456353586675,0.0845963547608762,0.297162225407167,0.163826751674,0.00881135607262538,0.0159301023815981
Q2QAV0,1,0.0212428333278114,0.0248401959391042,0.0157832154611243,0.289344251134966,0.13388459789634,0.262058547747607,0.214060806605671,0.0102994295968955,0.0284861222904803
AT1G53035,1,0.0377192534113066,0.0440654024258216,0.0278290571375333,0.245892429140332,0.14000505584027,0.209354554600545,0.238391183005229,0.0174848745509083,0.039258189888054
AT1G63410,1,0.0358967293616151,0.0421846349483283,0.0263355962239081,0.248070040222599,0.145986491622636,0.215979608269565,0.230200599997775,0.0167753348127746,0.0385709645407987
AT1G64440,1,0.0366060153494102,0.0407820979368442,0.0264720435304713,0.284532022930909,0.122190382906208,0.252430616687625,0.196782285884573,0.0158493138247097,0.0243552209492496
Q6NKW9,1,0.0168567728757604,0.0193608619872084,0.0128351287610291,0.331501419996905,0.109299744943754,0.308178585918105,0.172051199581996,0.00868920339670833,0.0212270825385336
AT1G65470,1,0.0208822633559526,0.0238071503544934,0.0158763929650048,0.332007323350411,0.107892280236013,0.295797922388118,0.172159350260968,0.0107233511129995,0.0208539659760405
AT1G70650,1,0.0384744472577214,0.0456114805848529,0.0291479863639819,0.251651437359599,0.13406641845653,0.205996554698059,0.233400834323207,0.0196416273680137,0.0420092135880355
Q9LQR8,1,0.0113273297439798,0.0129974363168275,0.00842713657500764,0.374712255582521,0.0823517588217244,0.347558792017913,0.145033910325782,0.00543893752959363,0.0121524430866513
AT1G77030,1,0.0129729888977149,0.0148545709317053,0.00979750803942809,0.38057278837609,0.0791232341004716,0.337732737408821,0.14492770419924,0.00652213817075195,0.0134963298757776
AT1G77330,1,0.0361966346475707,0.0410579800840937,0.0270495135123883,0.243974740420849,0.155348489746742,0.232591554101688,0.210354282935405,0.0169166476473166,0.0365101569039472
AT1G78430,1,0.0313905880149224,0.0366469700305724,0.0235660559889882,0.260496168007631,0.145668069252653,0.22727353941508,0.220092562194568,0.0155353679705819,0.0393306791250042
AT5G02490,1,0.0399027835681244,0.0463038139288854,0.0293733710924416,0.243768526782824,0.143156923232189,0.214950286864084,0.220676707824553,0.0189253078106657,0.0429422788962327
AT5G03870,1,0.0229903749303737,0.0267989308864218,0.0171601959481727,0.293459510290744,0.129767081873308,0.263609518274237,0.206048395219348,0.01134977813869,0.0288162144387046
AT5G03960,1,0.0111254923112213,0.0127933966015112,0.00831776327309024,0.404353995719144,0.0735265897366124,0.32638513471571,0.1464890534821,0.00541221731812275,0.0115963568424874
Q94BZ7,1,0.0144842237690554,0.0165977677542126,0.0109530888280719,0.374467792868747,0.0864741437093005,0.321102321112236,0.153009974574772,0.00733853605692017,0.0155721513266842
AT5G05180,1,0.0394320391972794,0.0462754341259517,0.0286146411402633,0.244460338799483,0.142303163149445,0.204489619164228,0.233441527270644,0.0179152337999098,0.0430680033527954
Q9FE78,1,0.00875031799717082,0.0101416126832368,0.0065689636605957,0.426341329832088,0.06563267174038,0.331571087872267,0.136386018709778,0.00434991427975788,0.0102580832247258
AT5G13060,1,0.0217250358733226,0.0246585489564826,0.0167043522942047,0.318592886559101,0.110380023285442,0.307439669219851,0.165908847438429,0.011537546255786,0.0230530901173804
AT5G13750,1,0.038253934878995,0.0437863696987396,0.0285959435889891,0.247400056993638,0.148207037195511,0.230045563181692,0.20900828300209,0.0180380329482571,0.0366647785120887
Q9LY84,1,0.029691812697599,0.0342660104110354,0.0217289799737285,0.299004861858067,0.119736564123942,0.241122668734656,0.21147994994978,0.0139625625949034,0.0290065896562889
AT5G15190,1,0.0216492512115944,0.0251546489092677,0.0162334200701852,0.310393857138312,0.117544725909271,0.273702180178759,0.201024658365326,0.010675533957354,0.0236217242599299
Q9LXF2,1,0.0532049390873523,0.0598213233442925,0.0417696939272483,0.199024349300355,0.167037527142884,0.192821974869393,0.187588059099449,0.0282303521256065,0.0705017811034203
AT5G15510,1,0.0251729856996151,0.0292265374311228,0.0194692815826583,0.269789784742281,0.146400960623499,0.257201770195421,0.199162593213391,0.0137588969088446,0.0398171896031669
Q8VYW2,1,0.053137300912795,0.0621373024909006,0.0410897147098604,0.216266921457643,0.142431903246167,0.187792597357889,0.209707378585894,0.028824406174305,0.0586124750645461
AT5G18820,1,0.0298453261012292,0.034522491959507,0.0226334594662485,0.285056696417128,0.130667218136792,0.248940098054154,0.201638652585789,0.015483911996641,0.0312121452825122
AT5G24120,1,0.0470090015822503,0.05362538659603,0.0345413355584727,0.223368550821743,0.161206324527997,0.206778636300283,0.202961378345355,0.0219027611952863,0.0486066250725826
AT5G25460,1,0.0372799370679547,0.0431025041181343,0.0276768448702987,0.250948364113453,0.140015354506907,0.222085074026088,0.225735919052695,0.0172072657475107,0.0359487364969588
AT5G37590,1,0.018064820673428,0.0209715325525384,0.0139341588396604,0.30957091746588,0.121553685564877,0.289514992374476,0.190866188554135,0.00968440601330533,0.0258392979617011
AT5G42420,1,0.0313542839449387,0.0342656307959537,0.0233005331702781,0.292277809819339,0.124206015494902,0.285562068309236,0.172042678662579,0.014355877481157,0.0226351023216162
AT5G43420,1,0.0599935545114027,0.067852538260563,0.0424218639457792,0.212649550825687,0.145064477478695,0.191534121145805,0.209801851190201,0.0243992216765654,0.0462828209653016
AT5G44010,1,0.0210092217601369,0.0240656117716762,0.0157619376183098,0.31714155037967,0.111913539606762,0.292878970358687,0.18608535105201,0.0101910092961927,0.0209528081565559
Q9FNC2,1,0.0418959298477697,0.0488333278449394,0.0310395266407074,0.235715147641503,0.148350853818992,0.207248353155552,0.216143182462533,0.0202898611442301,0.0504838174437739
AT5G45200,1,0.0155129074150175,0.0178180007946161,0.0116073001288638,0.330254843424622,0.105471508912095,0.322884893151425,0.17151334452107,0.00753694608320601,0.0174002555690836
AT5G46280,1,0.0141042703019346,0.0160854457228891,0.0108197290146748,0.348970345917145,0.094909554655842,0.346031489609127,0.145097605532261,0.00741599083525183,0.0165655684108747
AT5G49680,1,0.0569595026950744,0.0635384941651716,0.0418807604866466,0.194723869402983,0.173545831231654,0.191717232037456,0.193298187026969,0.0251150711964088,0.0592210517576361
Q9FHN5,1,0.036623554710689,0.0425026910362408,0.0272867318353904,0.240601052687563,0.151266946140204,0.219428088863954,0.225059261545182,0.0173501004101852,0.0398815727705927
AT5G52950,1,0.0205719675720565,0.0235362054204865,0.0155707253465463,0.356045357032182,0.09604259255121,0.284079844954281,0.174463180387397,0.0104778392915939,0.0192122874442462
Q8LAS7,1,0.00959004975784379,0.0109104129854493,0.00713994346758226,0.392649363848128,0.0686867626810712,0.376981079933812,0.119869297793896,0.00457983364449687,0.00959325588772001
AT5G56310,1,0.025695358294254,0.0295862008168842,0.0200870229109564,0.275637563950001,0.139733392433177,0.271682058805353,0.186724862369421,0.0144871136805312,0.036366426739422
AT5G58650,1,0.0229653161392018,0.02649496691981,0.0175161347848096,0.299399689428196,0.127096427556038,0.263356721299716,0.20365220437701,0.0117490755778153,0.027769463917404
AT5G59970,1,0.0189267685722863,0.0212606821628261,0.0140336355920403,0.353044096161671,0.0963311146608441,0.313947585863846,0.157639838498069,0.00894065363755215,0.0158756248508652
AT5G60930,1,0.0249136996537722,0.0286666421402689,0.0188610059978675,0.261963252923809,0.157058100074384,0.260738049429993,0.197025343712497,0.0126356078296935,0.0381382982377152
AT5G61000,1,0.018907205391151,0.0218076665353324,0.0143774205186987,0.330117335867252,0.108308811266407,0.298629111754694,0.175859496290684,0.00983111529971649,0.0221618370760658
Q9LVP1,1,0.0197299709673438,0.0226555772310102,0.0151386652205786,0.33176572446562,0.105804948253408,0.297834198143448,0.174342745468646,0.0104578565961742,0.0222703136537714
Q6NNL3,1,0.0535510501811074,0.061827314446487,0.0381273680806152,0.227483454928809,0.140120067640918,0.19206565957536,0.224929744136847,0.0223746146495862,0.0395207263602703
AT3G02930,1,0.0355616252221282,0.040901760146684,0.0257734314175474,0.254069601170678,0.148641134094378,0.231910331987192,0.211777825192642,0.0158668939899845,0.0354973967787654
AT3G05060,1,0.0171303337383993,0.019562806847184,0.0130499140846413,0.349379269216414,0.0940863089504753,0.318675948069916,0.161416703126965,0.00884338987408948,0.0178553260919155
Q9SRT4,1,0.0291332472238539,0.0332647807714484,0.0216065170407015,0.257411006600139,0.15153561005898,0.249978777676125,0.210862547383538,0.0134151133987862,0.0327923998464283
AT3G07640,1,0.013640642475212,0.0155654414780759,0.010210283879175,0.38883141056357,0.0790188077616798,0.320640760526382,0.152325101193986,0.00661086939371552,0.0131566827282038
AT3G10310,1,0.0154087251033224,0.0176239820718103,0.0115599128472374,0.344000789761127,0.100423879366489,0.32427381555731,0.161008964708774,0.00765000500305968,0.0180499255808708
Q9LK55,1,0.0160117672983042,0.0181858952245287,0.0118928314760136,0.376523918465668,0.0862146134568871,0.314726087813387,0.15455526650615,0.00763930000756422,0.0142503197514972
AT3G14080,1,0.0123019100291224,0.0141338656430762,0.00913025760934288,0.376780173782165,0.0864340638640626,0.323773438714679,0.157599173562387,0.00587653368380678,0.0139705831113581
AT3G15340,1,0.0298380646508366,0.0345204047883109,0.0220802329727632,0.272716266580778,0.137259955906858,0.23989921724203,0.213802728076028,0.0144159535539568,0.0354671762284382
AT3G15390,1,0.0129175972215939,0.0147985075049028,0.00965234686574113,0.363359268926134,0.0906439832026852,0.334695116868761,0.152475522415053,0.00631963272944192,0.0151380242656868
O24617,1,0.0276879428860615,0.0320945965369366,0.0210380355148482,0.30543636029607,0.116678719289045,0.254772178268688,0.198260673792218,0.0145917266920857,0.0294397667240479
AT3G20000,1,0.0124526607925871,0.0141303213497164,0.00944197450783545,0.370758358253169,0.0791166231543423,0.362860980878316,0.132077960291754,0.00628659117617659,0.0128745295961031
AT3G23560,1,0.04379671895735,0.0494535188530462,0.0320017025145644,0.25899569747362,0.133864349081942,0.227437831272948,0.203873983087258,0.01951482272483,0.0310613760344422
AT3G25730,1,0.0491885626170267,0.0564961353038473,0.0385633346171946,0.20918955553552,0.159162837491549,0.195855489903885,0.202923569097263,0.0260619723793442,0.0625585430543704
F4JEX5,1,0.0292619456914981,0.0339942693537109,0.0220132141904025,0.251068480209254,0.159646996314134,0.233653631553939,0.212337899551752,0.0146464055752071,0.0433771575601026
Q9LK24,1,0.0404103171917544,0.0469710210991994,0.0301898921246105,0.24813381808586,0.137694758605337,0.215331518046882,0.223270831540786,0.0192322343190314,0.0387656089865386
Q9LJJ0,1,0.0505623389479008,0.0591010160291318,0.0382285094354574,0.224073156614005,0.139673649426583,0.191041402351358,0.223786861820068,0.024564618464858,0.0489684469106375
AT3G48480,1,0.0407638951384003,0.0485454090160699,0.0297968151958241,0.248419730385987,0.134496078487328,0.198567548454138,0.238166082597771,0.019228290414109,0.042016150310372
AT3G52740,1,0.0445812099234821,0.050456860130444,0.0338439228067397,0.21852515553046,0.163069494874948,0.215552108882155,0.203443595594221,0.0216039329862742,0.0489237192712759
Q93WU4,1,0.0339376296688756,0.0395092807675734,0.0253744357398902,0.235332974208282,0.161017251243208,0.221857026206162,0.223456677171584,0.0162520936535255,0.0432626313408981
AT3G56070,1,0.020446278979866,0.0229085638885103,0.0155745739560689,0.333240290215533,0.0999992961505304,0.324791791660979,0.153939297997473,0.0104412611306584,0.0186586460203807
Q9LXY5,1,0.0482691278048379,0.0551952715343191,0.0375512288465939,0.208207582505609,0.161402190557987,0.2045634786879,0.196519444495714,0.0256711518768662,0.0626205236901723
AT3G57010,1,0.0177278033295377,0.0206848756388981,0.0132170986231872,0.312494040082164,0.119397377615542,0.280998331917547,0.204149079419854,0.00862446305970648,0.0227069303135634
AT3G57150,1,0.0115437323338145,0.0132653757345574,0.00868727970800985,0.417315436461418,0.0697457509756976,0.323457430406381,0.138418172995335,0.00578942934852301,0.0117773920362639
AT3G57157,1,0.0324332024983088,0.0366378551054829,0.0239354105966681,0.26609154139156,0.141897474235279,0.249900897144277,0.202257630298849,0.0149571607193603,0.031888828010215
AT3G60660,1,0.0246236332052161,0.0286287774386382,0.0187541877563496,0.259364006590499,0.152743016871853,0.249482376090308,0.217317990910757,0.0125313170003509,0.0365546941360277
AT2G01120,1,0.0146062966577587,0.016876663849876,0.0111963208000719,0.352473555723302,0.0953053527034894,0.319635807552557,0.164021753996688,0.0077313302031802,0.0181529185130759
AT2G03780,1,0.0136629484791581,0.0157775654244291,0.0104392053229362,0.356226230860782,0.0961228753078494,0.320346463598648,0.162853041762507,0.00715346369428708,0.0174182055494035
Q9ZSP5,1,0.0243958000385606,0.0277847286383431,0.0179198047434262,0.294087237053559,0.127312939854783,0.270571521286365,0.203870369580904,0.0110550399336965,0.0230025588703626
AT2G20540,1,0.0395287538515652,0.044329011827442,0.0295570286683046,0.230893838516826,0.163806186548808,0.230705745529592,0.198698364227206,0.0183655039460609,0.0441155668841946
AT2G25060,1,0.0214497469779697,0.0246678961346718,0.0164572306277997,0.33065918711357,0.107137784169588,0.284916850601175,0.179832323825174,0.011480731353443,0.0233982491966087
Q9ZW27,1,0.0292891712071581,0.0342329591121461,0.0218897722523842,0.269289453896507,0.140414593078456,0.228038203944492,0.227949291041625,0.014364493692042,0.0345320617751897
Q9SJW9,1,0.0161445651020202,0.018415685726383,0.0121955437828036,0.364157504232832,0.0919422245871679,0.318542457974473,0.154390731908457,0.00813042567857116,0.0160808610072927
AT2G31340,1,0.0206891998711026,0.0238155015399795,0.0158090265818558,0.329827906584697,0.107961228585791,0.288220487770431,0.17994866877119,0.010842151158159,0.0228858291367948
AT2G33560,1,0.0219630121134706,0.0258631833049362,0.0167225601655552,0.275802312317566,0.142171629341104,0.246026820465144,0.225174802951608,0.0113548310545878,0.0349208482860286
AT2G08650,1,0.048060264710199,0.0556332743881461,0.0359140436190356,0.221406843797508,0.148623282246992,0.202877983036817,0.216935100155365,0.0228180599313615,0.0477311481145755
AT2G34090,1,0.0313516201000387,0.0365746020948505,0.0234957228723318,0.268647248633995,0.13837129431055,0.234435941298979,0.218039276709404,0.0155103053299882,0.033573988649862
AT2G34400,1,0.0455124836202366,0.0507651663238115,0.0327708443113858,0.239899095905739,0.147198333218702,0.226425800259966,0.198634783371325,0.0198426430952293,0.0389508498936039
Q0WQJ7,1,0.0276308171917369,0.0321153868334742,0.020997179523412,0.258467385991705,0.15332737277226,0.244096547277083,0.207401089805375,0.0142258334406547,0.041738387164299
AT2G37540,1,0.0488056946232845,0.0554230354465065,0.0365844628431503,0.216629909628729,0.162654838605613,0.204759983194804,0.198847522243831,0.0236769397601798,0.0526176136539018
AT2G38860,1,0.0588818410259256,0.0669328897297404,0.0414748572759066,0.214234405985601,0.149048911033697,0.194654209838208,0.205653868983565,0.0239593946648977,0.0451596214624578
AT2G40780,1,0.0221787717855919,0.0250973836150366,0.0167597198649947,0.333992432216497,0.102091424218176,0.301501300925394,0.166567075311047,0.0112099546938254,0.0206019373694368
AT2G41660,1,0.0332474375462164,0.0376455548968077,0.0245197529168178,0.257981448971536,0.147527464867098,0.243598433613893,0.209769025214932,0.0149193927893243,0.0307914891833751
AT4G00525,1,0.0345892329265551,0.0390634135768998,0.0258776650913063,0.278130027957542,0.127149058516062,0.243520162316709,0.204431387490991,0.0164532855772361,0.0307857665466987
AT4G02060,1,0.0207244258070795,0.0235285804617543,0.0154861359957683,0.350740519854937,0.0940922433573845,0.300008707675954,0.167661164314039,0.0101314919752635,0.0176267305578207
AT4G02290,1,0.0305550472560891,0.0351481331876938,0.0226231282032356,0.245905348962813,0.160333756676737,0.236797104867545,0.215905729004455,0.0142953952566811,0.0384363565847512
F4JI46,1,0.0169371118098282,0.0195944477901031,0.0127386575818464,0.32648748459697,0.114486052557029,0.298287294244913,0.180751045498217,0.00853102655334934,0.0221868793677435
AT4G13210,1,0.0271358550999948,0.0320422262539174,0.0207115373598265,0.260550474746195,0.144583120922372,0.22848046209244,0.231124793804549,0.0142158064430032,0.0411557232777019
AT4G14050,1,0.0188260682622751,0.0216209067059035,0.014474640881462,0.327118070262898,0.109133634403522,0.306844831332272,0.170035550420847,0.0100247047425899,0.0219215929882307
AT4G19550,1,0.0240540711419526,0.0278166296669868,0.0183148991023842,0.321927095555305,0.110712760430274,0.264651184533628,0.194978765793075,0.0126367979092576,0.0249077958671364
AT4G20430,1,0.0316792633824712,0.0369535812573055,0.0235625298732966,0.265276415829969,0.142371006083568,0.231129250841233,0.214296151496035,0.0156595390506868,0.0390722621854356
AT4G22860,1,0.036787711577562,0.0430629808346353,0.0276772410877026,0.251076646251683,0.142930592690221,0.216147913857998,0.217718868911414,0.0188393870242187,0.0457586577645663
AT4G23420,1,0.0551167594332122,0.0632332697049548,0.038340997411561,0.229133468701933,0.141408944898653,0.19921072221519,0.210842700194091,0.0223728131943608,0.0403403242460456
AT4G28050,1,0.0266345874300966,0.0294771594157857,0.0196708565673616,0.30974800621949,0.113138883489855,0.299655185307687,0.169303666985642,0.0122880032814822,0.0200836513025999
AT4G31400,1,0.0314761480870707,0.0356917904047244,0.0241016635819245,0.278050484262604,0.135333920525956,0.261712913320491,0.186315504740713,0.0163010723692246,0.0310165027072911
Q9SZ51,1,0.0229627467990674,0.0266305383133404,0.0170556432387776,0.318381436347204,0.115049494492342,0.259863920821782,0.202765549979074,0.0113227383878138,0.0259679316205993
AT4G33925,1,0.0377520062256466,0.0444852053514758,0.0281159843937079,0.233725488983388,0.152464477716458,0.205111121349696,0.231796629711882,0.0183373320167518,0.0482117542509949
AT4G34131,1,0.0515592514308114,0.0584123823887589,0.0373482412262066,0.213568053961862,0.161863782446677,0.202262874336963,0.20508874107605,0.0221623185810415,0.0477343545516299
A0A1P8B760,1,0.0407709280354082,0.0466922300437512,0.0307420239523089,0.231816535905516,0.152537622881818,0.217484538871588,0.217464004484418,0.0193639507788054,0.0431281650463857
AT4G37910,1,0.010677409668974,0.0121889171563289,0.00796840911840054,0.378536854330488,0.0743363887198165,0.368631477072522,0.131499088759043,0.00515262048803593,0.0110088346863912
AT1G02220,1,0.0468934185342191,0.0470903482410199,0.0380026306730913,0.161525280814395,0.259863358965681,0.214904698932907,0.130252795732335,0.0243964761940751,0.0770709919122755
AT1G02430,1,0.0445184393193013,0.0419690448255675,0.0424983874214189,0.11181331410692,0.276692059301744,0.166587727962032,0.0887240663102811,0.0346744899374709,0.192522470815264
AT1G02730,1,0.0402626830379272,0.0425557337675206,0.032559556578858,0.172360815112782,0.238203272787186,0.220737271988522,0.139115710772788,0.0225436897441047,0.0916612662103109
AT1G04425,1,0.0269438653471123,0.027153668548435,0.0242712299908771,0.125782781512692,0.339521217006779,0.22978858453195,0.0872210327356625,0.019809464505967,0.119508155820526
AT1G04610,1,0.0403035051414002,0.0378016062524267,0.0363623516282677,0.140105997504736,0.310275178875483,0.250117926944932,0.0945592411016511,0.0268488295628739,0.0636253629882291
AT1G04635,1,0.0329371860342246,0.0332247177478528,0.0277536566076356,0.133646917423993,0.342868370693879,0.207312082784934,0.103355758633954,0.0191907478826214,0.0997105621909047
AT1G04990,1,0.03898882110621,0.0412525609341598,0.0310386530082255,0.182462616237483,0.237169374596623,0.236306436230485,0.149063514442094,0.0203475643992884,0.063370459045431
AT1G05100,1,0.0533403131381631,0.0542725883891593,0.0445009655886281,0.160605287761978,0.226703632230715,0.198768738301454,0.13333071480132,0.0318583896742965,0.0966193701142859
AT1G05250,1,0.0473088584903692,0.0427702946150756,0.0472065783873307,0.10461483437349,0.246675385442511,0.160967296794511,0.0806188385509751,0.0415202777297843,0.228317635615954
AT1G05530,1,0.0506214070282997,0.0476146899704041,0.0474695947908037,0.125666389256764,0.274426039703723,0.184604321696156,0.0991843335336681,0.037191405197222,0.13322181882296
AT1G05560,1,0.049117234592606,0.0458285978136737,0.048463161609788,0.110254971024052,0.233862737924508,0.15775774796269,0.0880299231241758,0.0433719308375593,0.223313695110948
AT1G06320,1,0.0376691501909023,0.0359293978436308,0.0344769936822714,0.14522514899787,0.292723964282834,0.260364240911928,0.0962617918578554,0.0269392456643021,0.0704100665684061
AT1G06330,1,0.04909295356118,0.0500166548867655,0.0421903709998189,0.155531796044666,0.227072472649527,0.202260850716161,0.128848019548729,0.0313847791047375,0.113602102488415
Q9SHI9,1,0.0349076975831769,0.0343782155624327,0.0310352418973217,0.140021067506255,0.300244805777181,0.237123279658922,0.0968589765661496,0.0242253011625985,0.101205414285963
AT1G08890,1,0.0351239205069234,0.0381640664141536,0.0281375829415062,0.174687550365575,0.252779672070851,0.221633451609133,0.150128382966677,0.0190143982381832,0.0803309748869975
O04491,1,0.0250868243174087,0.0253128870802692,0.0213241279625655,0.132104920845785,0.363827345980739,0.257758665790626,0.0883450090698517,0.0153086518504344,0.0709315671023201
AT1G10110,1,0.0338090242963822,0.0334362651841647,0.0291399148774874,0.125844903117624,0.356579858330072,0.208112567833658,0.093732434564213,0.0209654346007829,0.0983795971956157
AT1G11170,1,0.0484974138972633,0.0433198513361792,0.0474612772900972,0.104290452597346,0.25357746647634,0.159496731636774,0.0806567135267611,0.0387779617622837,0.223922131476956
Q9SXA7,1,0.0349730410220972,0.0353073974849654,0.0299062163907029,0.150507011609513,0.296977992210249,0.234824916244706,0.112533945670234,0.0211612828930844,0.0838081964744481
Q9FX63,1,0.0608110617884491,0.0618726892348015,0.0498851936518879,0.151404297428148,0.211111048436556,0.178357383051619,0.134554193999505,0.033479104355655,0.118525028053379
AT1G13410,1,0.0340653766768661,0.0334550954089434,0.0298637193768364,0.149044352011442,0.292467269625862,0.272135221136582,0.0990895084680787,0.0221483811606751,0.0677310761347136
AT1G13590,1,0.0262106860477034,0.0258379212568808,0.0225490889781861,0.133480354626033,0.365864015922795,0.274702593649285,0.0863997152064094,0.0159124025213808,0.0490432217913257
Q4PS45,1,0.0518401186511017,0.0493456833386066,0.0469926051550014,0.119054541667309,0.240191364525122,0.164544489362199,0.0980915228783165,0.0352294183972465,0.194710256025098
Q9FE54,1,0.0396153661785998,0.0391594334464357,0.0355543041877486,0.134514011850291,0.282483171470722,0.20403266074473,0.104664538048349,0.0272587786869132,0.13271773538621
Q9SHH6,1,0.0398911329430656,0.0370097971112071,0.0387576236378294,0.106397164589207,0.307491054342101,0.174422264671649,0.0801855692512129,0.0323716631018971,0.18347373035183
AT1G17235,1,0.0340958321728727,0.0338394390559615,0.0313467269793703,0.12189989241408,0.293797012351417,0.194356772722925,0.0911359095468297,0.0262241419496986,0.173304272806846
AT1G17310,1,0.0589159325576321,0.0554857086718179,0.0563310312317908,0.117319638860716,0.220502134072655,0.154676217643998,0.101014824919439,0.0446101578157212,0.191144354226229
AT1G17480,1,0.0380461594150352,0.0396699614512835,0.0317556393752081,0.150988362613504,0.260225804757611,0.204601782508093,0.122796104511903,0.0229585084625113,0.128957676904851
AT1G17665,1,0.0406357603133007,0.037769659514113,0.0391755708031636,0.122221064520617,0.310698610113599,0.211635906340684,0.0866381051926991,0.0330811670941362,0.118144156107688
AT1G18250,1,0.0251842214302469,0.0249062515024607,0.0216883353557893,0.133561429301786,0.348436223715762,0.2872535831929,0.0831819606285682,0.0158856999710412,0.0599022949014459
Q8S905,1,0.0199554860471897,0.020605262117437,0.0167367713246204,0.13921132377142,0.348728567266109,0.300891773522306,0.0861489686122391,0.012214145251592,0.0555077020870872
AT1G18590,1,0.0600637403181964,0.0626571312848967,0.0482643763564401,0.154813297073294,0.206861246811313,0.176865252282147,0.144368090470582,0.0314821243047529,0.114624741098378
AT1G20065,1,0.0417697055553312,0.0400339686519663,0.0385492960342107,0.140432897577508,0.283410561643704,0.228682281917363,0.100243090886683,0.0311498916538655,0.0957283060793678
AT1G20720,1,0.0182403231190458,0.0192709222445059,0.0154084808828055,0.147047781191241,0.324583789002254,0.321887219118778,0.0901413439043715,0.0116152347514385,0.0518049057855593
AT1G21340,1,0.0397495861464844,0.038379354658539,0.0357819452060218,0.117404099718076,0.276876137071027,0.176730465276495,0.091569873100346,0.0274331867225584,0.196075352100452
AT1G22110,1,0.0406321031144766,0.0390882633588618,0.0368187208944569,0.14319223149308,0.288964998718362,0.236024971867836,0.101071196382148,0.0285725260082893,0.0856349881624893
AT1G24068,1,0.0552598101480931,0.0513891890140541,0.0550164331959994,0.120174156730571,0.225306625255953,0.167940118613203,0.0953392917344969,0.0510662989810886,0.178508076326541
AT1G27140,1,0.0434399436778082,0.0408668125170327,0.0395490064194035,0.126805354975563,0.323923816477817,0.204036660071895,0.0952438834784964,0.0290560621809165,0.0970784602010683
AT1G27620,1,0.0563681095267828,0.0579669114911889,0.0439584934471361,0.170598059758429,0.219989452561621,0.203472142777735,0.145047632240624,0.0275292425669507,0.0750699556295308
AT1G27880,1,0.0378580884594729,0.0357200496436538,0.0353910489939559,0.131032838700549,0.319050880509262,0.236176030301446,0.088742026116434,0.0288864975882526,0.0871425396869743
AT1G29730,1,0.0441095675953472,0.0413657309690148,0.04208331797199,0.123073376525584,0.289848907959158,0.194366709395202,0.0915882662851417,0.035545995159623,0.138018128138939
AT1G29740,1,0.0498873024906871,0.0449404144024559,0.0499352194179334,0.11156567550196,0.275165703082539,0.172359651184338,0.0855674945814507,0.043068241103391,0.167510298235245
Q9SHF3,1,0.060447596712479,0.063098699756773,0.0465931183453084,0.168505531927369,0.208134829450803,0.189038156437234,0.154973520754241,0.0286438827054357,0.0805646639103563
AT1G31320,1,0.0571829610731653,0.0580781003910984,0.0487861498235935,0.135834021920622,0.205089127218094,0.16247221575741,0.122857919199222,0.0348353928466664,0.174864111770129
AT1G06537,1,0.045576103877611,0.0426508628273093,0.0437711954417502,0.113770841540736,0.264054056263172,0.169399158961293,0.0897611338557667,0.0361224934938408,0.19489415373852
F4HR92,1,0.062211615166058,0.0617266372740096,0.0554508332739578,0.138201908021588,0.212410289496824,0.170095161057469,0.123717747330399,0.0406874150376833,0.135498393342011
AT1G34380,1,0.036907299942242,0.0364204357313531,0.0315745890196426,0.147942559619066,0.293495201826361,0.244800121231114,0.104885897311004,0.0224681020622233,0.0815057932569928
AT1G35250,1,0.0555181793355499,0.0503198940158279,0.0528517863589053,0.115547212364755,0.258202398400004,0.168631433851444,0.0909432477766809,0.0415835527649741,0.166402295131859
AT1G48330,1,0.0367955533618241,0.0361212834787127,0.0315243026111677,0.153190847625487,0.299154721757425,0.255220073193387,0.107187553503432,0.022016604383774,0.0587890600847904
AT1G48580,1,0.0434468758508102,0.0406319910712121,0.0388413799460038,0.137580517581076,0.294969047298867,0.227798789700505,0.09684128472405,0.0283999425212564,0.0914901713062198
AT1G49230,1,0.0475088802596678,0.0465030462393092,0.0413130194080286,0.146045428404253,0.260137272591302,0.213973000485093,0.112742886807625,0.0298254888337893,0.101950976970932
AT1G49720,1,0.0260640025158067,0.0266724633800088,0.0224641719618189,0.145830089548781,0.321656602924982,0.271277113465071,0.0994341641015528,0.0166556191815569,0.069945772920422
AT1G51380,1,0.0384145074638273,0.0364668646307742,0.0364739097462913,0.127605863676187,0.30219979244336,0.217970371153068,0.090116548099395,0.0307599999031577,0.119992142883939
AT1G51420,1,0.0279735265918369,0.0290216208640263,0.0238084711668556,0.139746223606026,0.337374991851847,0.229711134372552,0.105406366865971,0.0172243802927989,0.0897332843880871
AT1G52450,1,0.0365562470141871,0.0356571370346126,0.034226833137705,0.113155510764366,0.275667076057125,0.175199635516305,0.0862537831195686,0.0292373623806186,0.214046414975512
F4IEM5,1,0.0552178429387215,0.0499460383825472,0.0564356136098544,0.110537263054858,0.22466664622187,0.158822727384454,0.0884228863838404,0.0511997847580611,0.204751197265793
AT1G53130,1,0.0491537481803342,0.0493483872890601,0.0432018275076734,0.149021565276238,0.239116584065571,0.198849434248756,0.124608873285999,0.0315678211615933,0.115131758984775
F4HTB2,1,0.0417468928012173,0.0387205628885207,0.0412843420218744,0.10333338714266,0.265895242633787,0.160485234618772,0.0794640744381229,0.0365549673094988,0.232515296145546
AT1G54560,1,0.0532860181571527,0.0506913820818833,0.0509597196027737,0.129871480420103,0.234996873093623,0.183311006822504,0.101767238313311,0.0443871052671894,0.150729176241461
AT1G54570,1,0.0541312564632659,0.0549118850993574,0.0433145539948286,0.161013419592467,0.237860279084503,0.200005111350736,0.139456622256889,0.0273893138496467,0.0819175583083062
Q9FZ41,1,0.0402998896410325,0.0395304641323959,0.0363068598946096,0.135568445929847,0.292609262382998,0.209011496682548,0.103954229665691,0.0277714700457565,0.114947881625121
Q06327,1,0.0615437308492656,0.0626259351472013,0.0518565141876719,0.140363726302709,0.205027068976869,0.16559264932448,0.130199110803499,0.0354488252736771,0.147342439134627
AT1G56680,1,0.0394959222314298,0.0367221888097036,0.0372137625974364,0.128030100901948,0.32224573202008,0.230403527123757,0.0873545090553142,0.0303377336801049,0.0881965235802262
Q9FXB9,1,0.0421229551633088,0.0392543141559425,0.0401580167310305,0.124057485936282,0.28661914127987,0.206879542159079,0.0884857966220632,0.0338468487043797,0.138575899248044
F4I839,1,0.0393487615057821,0.036068257866809,0.0382467298413533,0.113260978163127,0.3358922036228,0.200746217833467,0.0805883762003087,0.031859338202224,0.123989136764128
AT1G59540,1,0.0216563213876021,0.0216935975618559,0.0183891165975815,0.132935585661037,0.351904356142769,0.309702772430724,0.0799576216686301,0.013308054085355,0.0504525744644458
AT1G59730,1,0.0290710318223645,0.0291835074298456,0.0253476577297376,0.117552793866799,0.352872667422559,0.199119253990245,0.0876419857555844,0.0189712843910395,0.140239817591825
AT1G60130,1,0.0456387388010725,0.0432887622803972,0.0427858336888803,0.116841968786556,0.283290049397996,0.173186112075991,0.0934795122538011,0.0336079285414425,0.167881094173863
O80742,1,0.0354409602377731,0.0364866617149455,0.0299243646535814,0.151964494992876,0.293291906817948,0.226691345791022,0.117235822480023,0.0212803734781958,0.0876840698336346
Q8GY68,1,0.0310351151559781,0.0301070534800749,0.0271166375623605,0.144344692198552,0.30677160409404,0.289305981841056,0.090289132380157,0.0201454979352606,0.060884285352521
AT1G63100,1,0.0174975200670944,0.0180553266614179,0.0147914035448405,0.132296720119049,0.345940574758623,0.336386729547214,0.0772483387647005,0.0110074791504116,0.0467759073866487
AT1G63990,1,0.0628634829346674,0.0554235772206795,0.0627758831032635,0.104171727700275,0.220287730645413,0.143403915699939,0.0862907458664018,0.0511450643319463,0.213637872497415
Q3ECI7,1,0.0385728940887676,0.0367146881535877,0.0358299459454953,0.137111821237776,0.298062919212455,0.242762715360277,0.0939500398443119,0.0288131037587037,0.0881818723986254
AT1G64910,1,0.0433155351355699,0.0398931348368815,0.0414114409145398,0.129085213853155,0.30438281020899,0.221177657622317,0.0907073765367844,0.0333407884736643,0.0966860424180985
AT1G64920,1,0.0418779247564406,0.0383119538693448,0.0396012022186525,0.121386181168374,0.336006887778115,0.212614413872485,0.0860083956867,0.0309472531131619,0.0932457875367255
Q9XIQ2,1,0.0445882926946284,0.0419108559709256,0.043601464703898,0.112102890336876,0.241190701647422,0.16647396183434,0.0878157031833067,0.0382478156964019,0.224068313932201
AT1G65110,1,0.0350843747001233,0.0352808070891352,0.0299787977636205,0.127371434757317,0.316242045667137,0.193104291385143,0.0993710845630977,0.0216611398890846,0.141906024185342
AT1G65120,1,0.0308116848581103,0.0316051476965585,0.0274380744363412,0.126723724025574,0.284354054032606,0.195132061605839,0.0976549837595258,0.0219899532711104,0.184290316314334
AT1G65130,1,0.0435575334075185,0.042459188408032,0.0408768802491186,0.135364644370844,0.26047492491263,0.203045654765035,0.101059493419392,0.0353752168842279,0.137786463583203
Q5XVH5,1,0.0265186908841669,0.0270702080779699,0.0226514614311461,0.148002412927074,0.311939254778281,0.277100758054817,0.0962732219728556,0.0170813990349749,0.0733625928387147
AT1G66960,1,0.0553556182299965,0.0544409032740567,0.0492153516042073,0.124901812533254,0.213640915174699,0.159413981222518,0.110150861008475,0.0364548038239096,0.196425753128884
AT1G68470,1,0.0531234850367951,0.0485976520651225,0.0499677777336654,0.1027146707535,0.239987158820001,0.142752176051257,0.0855957809296692,0.0378913735893913,0.239369925020598
AT1G69890,1,0.0406368934210178,0.0397388353396179,0.0363764741700976,0.115042970543255,0.271100207763707,0.165571851890628,0.0923859298371986,0.0279455232047202,0.211201313829758
Q9S764,1,0.0474151131601049,0.0482600448521633,0.0397284637334917,0.146837162608876,0.248423887282741,0.190672219846441,0.123452242464824,0.0278605213189668,0.12735034473239
Q9C9I6,1,0.0416452150996939,0.042095690223346,0.0355225201452967,0.152338666305705,0.260099612299578,0.219506515532592,0.115524909974615,0.0263274664067078,0.106939404012467
AT1G71760,1,0.035722160313767,0.0347127786375748,0.0334021511301758,0.127951203447011,0.297781309070986,0.216189219394703,0.0913711918884395,0.0283953411969604,0.134474644920383
AT1G72490,1,0.0393702857311848,0.037845662581933,0.0372290636792776,0.11304412632567,0.276776048250673,0.175941943918739,0.0876649785976754,0.0309968867076223,0.201131004207225
AT1G72960,1,0.0430086305837952,0.0414162048731934,0.0388644837898591,0.138591029625597,0.282237847134654,0.221333018283844,0.103011326921136,0.0292901231436516,0.10224733564427
AT1G73020,1,0.0262039297954949,0.0284612020588252,0.0208600400482917,0.177580186005474,0.279259975897437,0.257825076522218,0.132946915836809,0.0143386342704336,0.0625240395650165
AT1G73805,1,0.0583077251262796,0.0523088511953832,0.0579836056428298,0.110819664001056,0.23352535780357,0.154627727664261,0.0905023360261516,0.0473101519965787,0.19461458054389
A0A1P8AQV4,1,0.0594117064060458,0.0628008021389014,0.0482479642365079,0.169173761372156,0.197460979933912,0.187570394221325,0.158367948949004,0.0313010096662142,0.0856654330759343
AT1G76520,1,0.0556061134572766,0.0513038722823071,0.0534808760335843,0.128396457835165,0.256565773823477,0.186689684236006,0.0993763343603496,0.0434859333777025,0.125094954594131
AT1G76640,1,0.0424953945620291,0.0406873580070756,0.0405904134087786,0.127416287617504,0.269529584700513,0.19864797575593,0.0939612404969189,0.036067075576182,0.15060466987507
AT1G76790,1,0.0515891718598551,0.0469520998891269,0.0496794050662285,0.109898417231412,0.260154356444241,0.163104529244631,0.0866751498990062,0.0399780074276175,0.191968862937882
