ID,Cluster,#1,#2,#3,#4,#5,#6,#7,#8,#9
Q6R0H1,1,0.239464271247931,0.210744274173456,0.0784747822404224,0.0253753711525991,0.0158448536092332,0.0318397566553253,0.161269425276877,0.204164412595369,0.0328228530487876
Q39013,1,0.256584322814239,0.207854976376485,0.0662991184227633,0.0183198867459025,0.0122304862028653,0.028674293658248,0.164988565493506,0.221225002104008,0.0238233481819822
Q9FWX7,1,0.195987607999505,0.18086249742903,0.0947017424627862,0.0354749689103472,0.02084276695387,0.0436559233633282,0.19027903932615,0.191645156237729,0.0465502973172552
A0A178VZV6,1,0.377419332295333,0.306224736912149,0.0431556841534115,0.00946026375463094,0.00648056881104883,0.0146395487308753,0.079278572441592,0.15169852205408,0.0116427708468796
Q9LR70,1,0.347100989817172,0.208115772144291,0.0365836319668908,0.0118030309419837,0.00776429041202908,0.0142909008710649,0.121375471225842,0.237823083224687,0.0151428293960391
Q3EDJ0,1,0.336071411650541,0.305899980900138,0.0518197099848856,0.0098880483212399,0.0065288298534882,0.0183735114203249,0.0992645414627424,0.159814363461207,0.0123396029454329
A0A178WEL9,1,0.308759135814137,0.206244869147254,0.0442090474969419,0.0135912657862891,0.00901477145259275,0.017942030844016,0.140226085815721,0.242409560492997,0.017603233150051
A0A178WFM0,1,0.294571232661574,0.232987806123824,0.05918932033415,0.0165937812257726,0.0116546828745986,0.0245156442672924,0.129183141218555,0.210489631301173,0.0208147599930606
Q9MAS5,1,0.307770327173676,0.238594753376109,0.052467175642756,0.0143899635769423,0.00939431219001214,0.0214970699761946,0.130096047362453,0.207426070872872,0.0183642798289843
F4IDQ5,1,0.276904189774319,0.242558296896811,0.0677954155636612,0.021078702226798,0.0141194895653223,0.0290736689400642,0.128657563120707,0.193640042646699,0.0261726312656188
Q9LQQ4,1,0.338721982440947,0.169314377718657,0.0289097242238212,0.0103572615472087,0.00664306904848107,0.0114450126498108,0.13136316643714,0.289568184654999,0.0136772212789337
Q9FRS7,1,0.333110553289584,0.186981853526983,0.0335462365058778,0.0121576936629788,0.00777901492423278,0.01324275896354,0.13335252063056,0.263964832025794,0.0158645364704503
A0A1P8ASY1,1,0.247131161726172,0.246022047847713,0.0997082120144881,0.0215429071604853,0.0155630429753625,0.043956272283655,0.125857468411696,0.173918463445255,0.0263004241351732
P59226,1,0.380143394184443,0.225348558141322,0.0343959348877742,0.0113271694964099,0.00728200040842405,0.0123657904818846,0.101991789682246,0.212821045009957,0.0143243177075378
F4I114,1,0.307838509402106,0.25123399966784,0.0567456299273927,0.0183671664288901,0.0121880138981203,0.0206519532646602,0.115088039861367,0.195324947139795,0.0225617404098291
F4I2L0,1,0.316585227771948,0.212953490012156,0.0421897439745496,0.0166003271147856,0.0104496370203705,0.0167607099865766,0.130298242064979,0.23305147397528,0.0211111480793552
Q9SY69,1,0.308871398411389,0.242402554322089,0.0519565255458879,0.0184736428119284,0.0115384190907493,0.018408044706837,0.12152610406786,0.203938194803307,0.0228851162399521
Q9SAC4,1,0.325986049360885,0.17720600955984,0.0329886787496643,0.0103582333710316,0.00679379359020187,0.0134055171613231,0.143013623671296,0.276512093180823,0.0137360013549361
Q8L840,1,0.33908271055449,0.167084291342652,0.0282994361821498,0.00880457604699346,0.0056999372123618,0.0113943643744599,0.137904409528771,0.290019305018167,0.0117109697399547
F4I7D7,1,0.323580902156517,0.172808599794319,0.0307389052189092,0.0100757532542828,0.00623448011642442,0.0117102580683264,0.151625917284297,0.279785357310356,0.013439826796568
Q9SXB7,1,0.188743604458971,0.178158389553468,0.105471070611903,0.041718712256369,0.026220811846078,0.0527390255158676,0.173021346263053,0.18092539260299,0.0530016468913
Q9SB00,1,0.259307838589862,0.191374078090134,0.0527441949149547,0.0139645438021591,0.0089392190331989,0.0232938937401314,0.190839250426799,0.240841048742614,0.0186959326601464
A0A178WBI5,1,0.345331845046006,0.179797506248091,0.0309583832659101,0.00987188651749397,0.00647394780375783,0.012636647367029,0.130632447770293,0.271258641757516,0.0130386942239038
Q9LMY0,1,0.294779683397571,0.242032668006924,0.0581865382837177,0.0150335856453925,0.00967058449563885,0.021604070314043,0.136363407103684,0.203197167649219,0.0191322951038108
Q9LMX5,1,0.203401532168404,0.179576817330692,0.0799196731475492,0.035382004442251,0.0205884530585163,0.0399142745098523,0.191991119364022,0.202366380601195,0.0468597453775182
Q8VYI4,1,0.361391475504061,0.165273302761055,0.0260489526705478,0.00918637186961083,0.00586856987913172,0.0101060452640119,0.121761111078216,0.288210002745262,0.0121541682281047
Q9LMP8,1,0.311258019429776,0.226420784498506,0.0478075071344737,0.0157046883365987,0.010174482011338,0.0190601719416549,0.13075961179311,0.218965171228463,0.0198495636260798
Q84L32,1,0.416104940956838,0.172102081245061,0.0235756171892158,0.00650738909680773,0.004193890144061,0.00889489488758607,0.109115822010423,0.250910697030954,0.00859466743905332
Q9SA32,1,0.250954228263442,0.246041572291685,0.0961977454413471,0.0182782919755614,0.013245856018146,0.0433016616729144,0.131138975478427,0.17829373022275,0.0225479386357282
Q84JG5,1,0.285689687253153,0.191565614966033,0.0437100436415335,0.0146825190792219,0.00938344596947355,0.0186657388143743,0.162469075578836,0.254443824820557,0.0193900498768181
Q94A33,1,0.27200978124547,0.18630953733271,0.0470607653796624,0.017883953315208,0.0116765163654632,0.0200746812376038,0.165178340103395,0.256241624218786,0.0235648008017018
F4ICA0,1,0.282878123521753,0.21202972735595,0.0539398015600768,0.015997623697901,0.0104283941822903,0.0236963920218943,0.153047808003366,0.226986242882069,0.0209958867746995
Q9M9U0,1,0.295011750996513,0.277137810932129,0.0648015755225771,0.0197145770995266,0.0124297499352889,0.0214180817109454,0.110454821023425,0.175570010001055,0.0234616227785403
Q9M9V4,1,0.31471768536403,0.234576813353314,0.0488871888657826,0.0155750958154194,0.0102217465307868,0.0189936516327292,0.125413583276155,0.21208752445621,0.0195267107055731
Q9LN61,1,0.32580445821521,0.265502639595289,0.049999875517375,0.012820840222542,0.008134068845709,0.0174840720241339,0.116360327650381,0.187891443701286,0.0160022742280743
Q3YIB2,1,0.275317828896384,0.21136608303003,0.0595144273699868,0.0190428597661853,0.0130587498956158,0.0246927995792825,0.146220862565456,0.226347078127444,0.0244393107696162
Q8LG64,1,0.421505378435276,0.277674931700962,0.0325443733521971,0.00770566245153382,0.0051164063929832,0.0118090399720431,0.0777203295440221,0.156282829644229,0.00964104850675306
D8WUA4,1,0.240925392062589,0.223504584151703,0.0909599856268993,0.0195139970289714,0.0135862307602993,0.0434743488604304,0.151720088214219,0.191474186571632,0.0248411867232567
Q9SK99,1,0.28891180907146,0.235080758855011,0.0601972335060538,0.0196576935880167,0.0133949775458314,0.0238468650650896,0.127574383534615,0.207092864082371,0.0242434147515519
A2RVM8,1,0.262225979499075,0.203978352015608,0.0622354992023076,0.0210497692713924,0.0148871016647853,0.0281851202606575,0.152147837307145,0.228376680313223,0.0269136604658055
F4I4K5,1,0.224725214292853,0.222402317001008,0.0937811380223298,0.0365814703319941,0.02220990104776,0.0405198510950306,0.140083343652398,0.176005476720673,0.0436912878359539
A0A178WB77,1,0.336254977449826,0.18022190522848,0.032068591651192,0.0100142277377316,0.00657735850385444,0.0129769643784033,0.135013560028379,0.27368881116122,0.0131836038609137
P59271,1,0.315921679680677,0.236178170494053,0.0498304189736795,0.0124566559657679,0.00834318763187109,0.0199177275621624,0.130209072120242,0.211306780900068,0.0158363066714791
Q9ZUC0,1,0.280039341650322,0.269757468113648,0.070637271102538,0.0225680483962326,0.0140560460346185,0.0237202535064916,0.11638409118192,0.176193072690889,0.0266444073233393
O48675,1,0.283661046609795,0.279000228447975,0.0779547203630435,0.0177956326003798,0.012946337338586,0.0310582532971865,0.107482465914905,0.168898301167056,0.0212030142610738
Q8GYF7,1,0.364175363283123,0.156043898827153,0.0240406854743789,0.00761157230307709,0.00488693904210131,0.00936113485046984,0.124655727958903,0.299098477415452,0.0101262008453421
Q9C670,1,0.321178922442482,0.31515873101702,0.0603091737497299,0.0126490262457005,0.00886481132325701,0.0217202178684726,0.0907052521176368,0.154229136386374,0.0151847288493273
Q500W8,1,0.278033026375748,0.206576716279156,0.0553693866429403,0.0185471935032606,0.0126380579242762,0.0232742514396335,0.148053618201872,0.233631223589444,0.0238765260436686
Q9ZVH3,1,0.327240136012903,0.237843497007787,0.0474386545485847,0.0130080530605632,0.00878650445311056,0.018795741444062,0.121242556979533,0.20924904718208,0.0163958093113762
Q9ZVH0,1,0.257690148609172,0.238517845422139,0.0801774630247757,0.0160298953618976,0.0106489854960878,0.0342009234204703,0.151039679220009,0.191262634302408,0.0204324251430407
Q8LFD3,1,0.243821785025835,0.194470617458735,0.0600980666761609,0.0237699514475938,0.0140111434028767,0.0235027821223158,0.181156078307962,0.228110665717958,0.0310589098405628
Q9SGN7,1,0.187788208737665,0.176835830136058,0.101692318928699,0.0410124317818928,0.0245817230962444,0.0544993623377675,0.178477256151952,0.181402223206337,0.0537106456233832
P68350,1,0.199498668280627,0.186583473218585,0.0966152773145287,0.0387370696879596,0.0224987185190852,0.0437429008427084,0.17530786436059,0.186584520401633,0.0504315073742832
Q0V856,1,0.32189869041335,0.227905749879564,0.0461614958587685,0.0127574492082371,0.00847244542705007,0.0184771594867606,0.130037404231614,0.21795614527661,0.016333460218046
A0A178W982,1,0.290929851757102,0.225687513073338,0.0574265401760566,0.0197616010069107,0.0134500754892676,0.0226505559106154,0.129979928389139,0.215345299949939,0.0247686342476319
O82653,1,0.288051260691077,0.203313606964087,0.0501509685959624,0.0167827417051098,0.0113782837897713,0.0211258556559216,0.146452204043744,0.241002353237581,0.0217427253167463
Q9SA18,1,0.239411980101438,0.20136387463449,0.0702840558429666,0.0184371848028888,0.0118057542535743,0.032544352285681,0.185945059255689,0.215836272309784,0.0243714665134875
A0A178WK34,1,0.308379484125281,0.171224967757837,0.0330485501057311,0.0134809401336346,0.00829236834402934,0.0125856651682059,0.146860097924821,0.288125858781704,0.0180020676587556
F4HT41,1,0.299096270107266,0.213725923760215,0.0508970993053442,0.0165856525388257,0.0113260501623386,0.020726462534919,0.13596759161065,0.230453872424386,0.0212210775560554
Q67Y14,1,0.313720929974902,0.160209382326802,0.0282527236001106,0.00920055822678313,0.00569066813478592,0.0110100931597787,0.160105161832414,0.299472475650558,0.0123380070938656
B7SY83,1,0.320384408773719,0.314758048412072,0.0595041888744414,0.0125263989322497,0.00848398604515452,0.0222779358878834,0.0925616541785669,0.154200543105323,0.0153028357905905
Q8GUN7,1,0.38812980480736,0.268533582991014,0.0366242975070248,0.00918873172713115,0.00593402399767525,0.0132130243475205,0.0924504082919229,0.174368540164199,0.0115575861661529
Q9SX79,1,0.329812730906532,0.172184427132636,0.0306558077472119,0.0117741896889107,0.00736716435681958,0.0117319230802919,0.136030721321174,0.284798444646944,0.0156445911194804
A0A1P8AMQ8,1,0.188430727092149,0.176428514734781,0.100363161724134,0.0394510639069355,0.0235294237464057,0.0529607357234771,0.182759385676602,0.184210848658001,0.0518661387375136
Q9C4Z6,1,0.321662357345359,0.183743472298239,0.0347509970792215,0.0131721879980368,0.00854896456272834,0.014024719282146,0.135807103569181,0.271106810067001,0.0171833877980873
Q9FVQ1,1,0.379013057044567,0.171915141184378,0.0258054788130567,0.00795669458661737,0.00514406139239359,0.0102171534115218,0.119377323803982,0.270077213735935,0.0104938760275483
Q9LPM9,1,0.287912133521686,0.183152327238195,0.0422151709977038,0.0148518663798051,0.00999269306867674,0.0182421817344718,0.155259475258624,0.268799440517039,0.0195747112837984
Q2QAV0,1,0.260918138517401,0.200563952226343,0.0570009690384902,0.0157412594011593,0.00999543668966656,0.0247947880744255,0.179898624122177,0.230068284885027,0.0210185470453102
Q9C928,1,0.33920947813062,0.294907731614475,0.051813736571617,0.0127338097913444,0.00876265098924011,0.0186359912931553,0.0925128355486876,0.166015613478912,0.0154081525819483
Q9LPI3,1,0.406281395919399,0.264272400559363,0.0335506660681092,0.00911327705986956,0.00585724950060829,0.0115289486516918,0.0862050043393162,0.171828587128839,0.011362470772804
Q9C8M5,1,0.271514006972749,0.228366370719537,0.0616544020284017,0.0160453853308901,0.0099901571876759,0.0246458926450397,0.159097531781242,0.207989238716532,0.020697014617933
Q1H583,1,0.31540859732342,0.235945410529661,0.0474355908747148,0.0125178827538371,0.00783380663672618,0.0171363361403235,0.136508197911689,0.211154545614807,0.0160596322148221
Q8VYE2,1,0.374552154374462,0.208995781278201,0.0332950402918655,0.00985627326374558,0.00654465076106335,0.0130882154061789,0.1110980847837,0.229850106972106,0.0127196928686782
A0A178WNA8,1,0.3440907246424,0.312065698299821,0.0519879750357557,0.0109664996276895,0.00768976539087883,0.018999798891416,0.0862782245162856,0.154584727852535,0.0133365857432185
Q9FXB5,1,0.240408778405011,0.225002595108874,0.0923290976945488,0.0238059791455645,0.0168535479172638,0.0403470726537342,0.143060039135596,0.188856897656949,0.0293359922824584
F4HPX2,1,0.283242146016768,0.264733625231847,0.0730984041467187,0.0201864572879585,0.0144787777370199,0.0291858649573718,0.112490859583381,0.178559576129528,0.024024288909407
Q9SYA0,1,0.257919504699368,0.245159779858928,0.0884372026507953,0.020844034386199,0.0151095344366518,0.0374553531729064,0.12695504155871,0.182633459048479,0.0254860901879624
P22738,1,0.354319964293848,0.309153627996444,0.0473535612810711,0.00983749514688008,0.00668759192940082,0.0171436389410512,0.0877755376892645,0.155622328769896,0.0121062539521439
Q9SI77,1,0.24748158069623,0.185378910358521,0.0540088120741222,0.0194704203107499,0.0120256782681289,0.022501941202477,0.188735249119071,0.244712820877613,0.0256845870930868
Q8LGF9,1,0.239116598214273,0.209913012909182,0.0746957135622917,0.0305975260605561,0.0191014688030409,0.0300211691082492,0.153900379054438,0.204887849300311,0.0377662829876577
Q9C7W7,1,0.255636474260076,0.194364005195789,0.054062729195198,0.0259995523972423,0.0151994973055137,0.0207884289092639,0.165431533581213,0.234985561347443,0.0335322178082616
Q6NLR2,1,0.372484615032906,0.210750183985392,0.0325505033265244,0.0111488021148846,0.0069598611700787,0.0117013662402913,0.111093341575997,0.229009776279494,0.0143015502744315
Q6NKW9,1,0.31085944801999,0.206800089320567,0.0441702350777698,0.0126559298261032,0.00842372882708757,0.0186717309094778,0.142595364264659,0.239301496230434,0.016521977523911
Q6GKU7,1,0.338276798568367,0.160029931855219,0.0272422333224416,0.00893096058212659,0.00583433201568612,0.0110136217420446,0.134492606879705,0.302288751375396,0.0118907636590145
Q9SXY0,1,0.300172330328376,0.200055622958859,0.0455453423304539,0.0154819681764464,0.0103004078223596,0.0182296224217774,0.14293521436036,0.247161171404744,0.0201183201966235
Q84WJ2,1,0.343626037618176,0.257583732165374,0.0472412508528964,0.0113109148758567,0.007629095836206,0.0184145724183096,0.108892259929517,0.190946419454834,0.0143557168488293
Q9CAF9,1,0.268058467579964,0.237587078834925,0.0681392644416366,0.0278136123315859,0.017428802510293,0.024863208174201,0.128435294515315,0.194557448048185,0.0331168235638939
Q9LQ98,1,0.230284371781067,0.210700182755971,0.0903618124985298,0.023272397074428,0.0154531527418268,0.0412494981590512,0.162387915480361,0.19637893769509,0.0299117318136755
Q9LE20,1,0.199353223786756,0.198397253641829,0.111278944670002,0.0361518289614119,0.0228299939738264,0.0582996264835158,0.156343946389138,0.172806506067812,0.0445386760257087
F4IBQ9,1,0.255049394052368,0.250241571428973,0.0879985628970451,0.0202595814258875,0.0135788825339469,0.0388500595555485,0.131420406024532,0.177430901213166,0.0251706408685328
Q56ZA1,1,0.268273282805911,0.256330234769407,0.0759510133307157,0.0252157361497478,0.0161067007337365,0.0268139864081643,0.122053203376195,0.179547996626805,0.0297078457993182
Q9LQR8,1,0.392207575172428,0.194103337099661,0.0279472228534477,0.0080310013954068,0.00505607705110617,0.0101634592228705,0.113930840507588,0.238034936696324,0.0105255500011681
A0A178W4Z0,1,0.237234839799997,0.23030510976082,0.100002080510149,0.0263763785442887,0.0194457867245029,0.043797617825348,0.131182174811681,0.18004340375084,0.0316126082723733
Q8GYB8,1,0.224892779955094,0.206498113969746,0.0868024684565757,0.0273079497653653,0.0169749814286606,0.036024204480879,0.170188710864147,0.196750476098503,0.0345603149810297
A0A178WJH7,1,0.244428005561986,0.220630872045565,0.0832069607803149,0.0222927140541795,0.0152140353696766,0.0398721100902407,0.149776423709089,0.196206051293482,0.0283728270954668
O49289,1,0.363656004388701,0.19014414785454,0.0307469511215483,0.00985809248316872,0.00642209379814875,0.0120503034507339,0.120515843999913,0.253765892118155,0.0128406707850912
Q0WPW4,1,0.223021815446872,0.194467266112992,0.0773792650887561,0.0274453379211839,0.0167802510616449,0.0323175989914066,0.183640619661489,0.209649047370991,0.0352987983446637
Q1PFC5,1,0.292504450423674,0.237661615903724,0.0574386651176064,0.0180182835493049,0.0118146482044647,0.0225348941134787,0.132366123327391,0.205325833478324,0.0223354858820316
Q9M9F9,1,0.224795197305079,0.186716814459358,0.0734069403226105,0.0235867115803436,0.0152759088203124,0.0346890118166407,0.190015108185153,0.220092837051541,0.0314214704589626
Q9SAK2,1,0.330222128412453,0.146175191407043,0.0236067912924437,0.00851388273166081,0.00522032928368991,0.00956223847273504,0.144064984690547,0.321030775028306,0.0116036786811215
Q9C968,1,0.314156927431002,0.302970039432293,0.0623990457310799,0.0166500214848658,0.011630046987952,0.0215866935459799,0.0913309614574567,0.159772163578273,0.0195041003510973
Q9SAI5,1,0.319781010137111,0.168684327490319,0.0310100253853984,0.0112745858044701,0.0072896340845147,0.0126303048617114,0.142423082772694,0.29198880782734,0.0149182216364419
Q9LZM6,1,0.351399785050125,0.237701849720546,0.0414621018437033,0.0122970733350615,0.00824689819556903,0.0159444156694958,0.109775370547236,0.207758714470046,0.0154137911682173
Q9LZC2,1,0.262398670117367,0.199262432030123,0.0569271922002233,0.0170053241562496,0.0109738416787851,0.025117035549574,0.173116698386887,0.232542158843039,0.0226566470377518
A0A1P8BH03,1,0.382168907808085,0.179487320804502,0.0267081406579866,0.00820043915305166,0.00521993118497184,0.0100816756760576,0.118646593684876,0.258723268482619,0.0107637225478516
Q94BZ7,1,0.347606001343348,0.193480362746416,0.033867463981878,0.0107929719731137,0.00710231256569552,0.013670144388832,0.125711835383562,0.253666903019417,0.014102004597737
A0A1P8B9U3,1,0.270199018288479,0.258096897015666,0.0829030290276986,0.0173978261337404,0.012435089116908,0.0361306944811673,0.12226875980485,0.179105607416595,0.0214630787148953
A0A178UAP6,1,0.323981084992309,0.250392931114657,0.0533738853936278,0.0124634744083254,0.00858810777633895,0.0205174725541753,0.117202221364856,0.197716162937961,0.0157646594577504
Q9FE78,1,0.399070893182182,0.172866898368682,0.0244929246669363,0.00684109066486634,0.00441683421649771,0.00940657538360721,0.114459712547719,0.259423726058161,0.00902134491134753
Q9FFF9,1,0.318930290325045,0.256473571890247,0.0556091794175181,0.0117602123338257,0.00811517727520576,0.0219650336581066,0.119270716179048,0.193008667026721,0.0148671518942823
Q9FI94,1,0.301116313547862,0.223555623031159,0.049890175672302,0.0133717599643143,0.00854902115012231,0.0203629221462514,0.146300732863409,0.219475364070237,0.0173780875543429
Q39067,1,0.338419899922315,0.27038888436118,0.0500303474173882,0.0115833658613343,0.00776156591937542,0.0194423158931253,0.106081760183146,0.181658853539627,0.0146330069025083
F4K3T5,1,0.307561660220952,0.252338745408221,0.0574570347640606,0.0180460804678913,0.0122912421124879,0.0216831250755269,0.113738205779549,0.194817692811983,0.022066213359328
Q67XX3,1,0.334308184477233,0.241120254610388,0.0451652770947474,0.0147500806439267,0.00967791520489996,0.0168875603319226,0.113577169574812,0.206204695569984,0.0183088624920877
Q38946,1,0.235161577468756,0.224162253272322,0.0923332627383579,0.0205724019942059,0.013566900962656,0.0397383208268223,0.159762348172729,0.18882423845359,0.0258786961105605
F4K856,1,0.335582184833563,0.292292559016422,0.0542327872494321,0.0105056984404317,0.0072479496918327,0.0199923416086476,0.0995850938674777,0.167505409952751,0.0130559753394426
Q9LEY9,1,0.393542931210282,0.259866593009078,0.0364529347929392,0.0100654330009392,0.00672795611926901,0.0131408693300915,0.0883359894508156,0.179379305392851,0.0124879876937348
Q8LCQ3,1,0.30158105606115,0.278546010885887,0.0625301721834334,0.0192374290531411,0.0127614453804882,0.0236169047446096,0.105225858735082,0.173522482114309,0.0229786408418997
Q9FY88,1,0.327094026625064,0.24483498723958,0.0476349616173189,0.0122395513431484,0.0080842670158316,0.0183644440949688,0.121868313622718,0.204435791239218,0.0154436572021522
B7U179,1,0.297727114450737,0.207161918435477,0.0482108879883229,0.0165091551416872,0.0112167439242965,0.0205036256829218,0.139613317782855,0.23781713996731,0.0212400966263925
Q94BZ1,1,0.222520585476534,0.190273903526346,0.0756574328419003,0.0289285524830321,0.0179252901858925,0.0324638511226076,0.18230618962248,0.212255888864609,0.0376683058765995
Q9FMT6,1,0.22598888251185,0.215999752662313,0.0928837252418091,0.0317858073006706,0.0193888889412025,0.0350722396595627,0.153245676192437,0.186722157859768,0.0389128696303863
Q9LY84,1,0.251862456536726,0.186997203230241,0.0540726413536466,0.0211136446977342,0.0132780389802273,0.0248597528116759,0.176757518838846,0.242809050181822,0.0282496933690804
Q9LXG2,1,0.272020464320707,0.195189400674798,0.0508064350390568,0.0162732794734498,0.010452875779233,0.0208216176987476,0.169349280039363,0.24356512583578,0.021521521138865
Q9LXF2,1,0.182899771496887,0.173402168180093,0.10990230649954,0.0421936473024482,0.0284290611220553,0.0638619237612366,0.168831539031427,0.177417039187483,0.0530625434188288
Q9LXE8,1,0.243366662178733,0.221335985561472,0.0870598524179158,0.0221113564150985,0.0154390257915114,0.0393146520665619,0.14780662427828,0.195612984576259,0.0279528567141683
F4K9T9,1,0.242106496854585,0.199967902901987,0.0724078192759953,0.0196383724752525,0.0135840165200414,0.0358095982653621,0.171786555797864,0.219010784431537,0.0256884534773753
Q9LF30,1,0.334959526578834,0.262206631789643,0.0490717789609831,0.0161777460188183,0.010714516525469,0.0173983338276852,0.101943377663366,0.187898772468751,0.0196293161664506
A0A178UMN1,1,0.454175258618597,0.267248833289847,0.0286989266141004,0.00720313937914598,0.00476022146239749,0.00975391423718365,0.0695145948031298,0.149659026409532,0.0089860851860659
Q9LFE2,1,0.339824877516076,0.212984025915022,0.0390862640360041,0.0128683979649089,0.00844944547235995,0.015033444624618,0.122152318128769,0.233156624620815,0.0164446017214266
Q9FFI4,1,0.345276640749889,0.175056238020067,0.0297689120842433,0.00862202843990573,0.00561719446731575,0.0118372185111886,0.137372640212054,0.275024491977593,0.0114246355377427
Q9FN75,1,0.237168875415494,0.215723042055518,0.0831207353741693,0.0209897343652002,0.0134939943659276,0.0379583844134238,0.167034319467614,0.197401406703063,0.027109507839589
Q56XV8,1,0.244512388457116,0.190397859022821,0.0638354180786532,0.0224899232235766,0.0150624669734092,0.0276698800041794,0.172450053942072,0.233963360148014,0.0296186501501579
Q6NLH7,1,0.279235230414593,0.269894877549037,0.0768849565253153,0.019862152142359,0.014276876128436,0.0306637115877236,0.111561605520126,0.174138075147501,0.0234825149849085
Q94AF6,1,0.343621294660684,0.2115447540214,0.0373369417973137,0.0121338970151152,0.00788971909058826,0.0145554693886179,0.122963528100854,0.234390389125504,0.0155640067999225
A0A1P8BG25,1,0.399988728649681,0.26645623060912,0.0355958267210257,0.0100047273425381,0.00656775805505898,0.0122579429712142,0.0842075149670446,0.172531475262005,0.0123897954223126
Q9C574,1,0.295603992426169,0.161879222225895,0.0315614011233977,0.00967022381338937,0.00604041434326952,0.0124411768069114,0.175159136370729,0.294551927918536,0.0130925049717031
Q9ZNX9,1,0.203070041021868,0.183723490069717,0.0913396642768,0.0350387322028434,0.0216556304432002,0.0431180316590872,0.179369563163482,0.196721207136898,0.045963640026104
Q9FLU1,1,0.3118740519335,0.298478922547172,0.0645994220048455,0.0137694417065001,0.00970275020341763,0.0238506559758868,0.0982927301211252,0.162797806251237,0.0166342192563152
O04658,1,0.359368604538901,0.338095031793519,0.046448271612814,0.00989870460680067,0.00686632081628044,0.0157155811139231,0.0737159959896238,0.137990390902702,0.0119010986254362
Q8GXP7,1,0.288862904318524,0.272623152828829,0.0725631302679905,0.0171629495495925,0.0123128390685913,0.0290053377276338,0.110725484869475,0.176116657596334,0.0206275437730306
A0A1P8BCY5,1,0.388316852213747,0.247738581412414,0.0351181896052347,0.00985876381020012,0.00633905433822664,0.0125071503809406,0.0974527753811014,0.190259338620007,0.012409294238128
Q9FGV2,1,0.314186027810917,0.275420612298794,0.0567589600564098,0.0140269300355775,0.00906658717072038,0.0217517207233041,0.11258699520995,0.178688107153213,0.0175140595411136
A8MS56,1,0.309690865544757,0.255783194246533,0.0557809427738023,0.0180244873187926,0.0120618172883753,0.0208354665937177,0.112931896171106,0.193035164370766,0.0218561656921507
Q6NL09,1,0.27570550287368,0.201642832114344,0.0539711294946187,0.0143559097591735,0.00976747279796227,0.023669673086723,0.163935588689931,0.238192605894476,0.0187592852890915
Q8GYF9,1,0.378973986366247,0.23209873488431,0.0359599918474615,0.00952333533626533,0.00635457342302221,0.0136428646760335,0.105092751628502,0.206224312926018,0.0121294489121409
Q9FKA7,1,0.345898681659512,0.232723589466261,0.0415602160387529,0.0137997447203375,0.00897457350862247,0.0152216681592885,0.111721022255186,0.212727447822286,0.0173730563697533
Q9FK93,1,0.214194784273442,0.208445736169738,0.105523591788727,0.0343706029282849,0.0243004165789204,0.051382145660362,0.142974564970621,0.177675791772813,0.0411323658570917
F4KFX1,1,0.338068291722446,0.241146717697981,0.044572954300667,0.0154143904726838,0.0101446488675645,0.0164853643259272,0.109340230271111,0.205790864553706,0.0190365377879141
A0A1P8BC49,1,0.267238892328529,0.220692326318443,0.0613779931293479,0.0156472925841058,0.00974699973431337,0.0252191455500695,0.167408087775481,0.212197648144952,0.0204716144347588
Q9FIH5,1,0.285731203985748,0.213256539961828,0.0513071587474326,0.0220450444038432,0.0134578138611532,0.0189853849088903,0.140743207228812,0.226749104293867,0.0277245426084255
Q9FMZ4,1,0.228399397206364,0.200483882369126,0.0840298452521727,0.0264187511882883,0.019048044915869,0.0424102465835501,0.161355300818344,0.204596999473864,0.0332575321924212
A0A178UQA9,1,0.291534659572922,0.201664779563824,0.0460776774994267,0.0155753309661694,0.00987741508195781,0.0182515416000858,0.154927895207766,0.24177068650708,0.0203200140007689
Q0WTY4,1,0.272247527860516,0.179684746699631,0.0443074842993253,0.0165837658797618,0.0107918765761067,0.0196787853704996,0.16718502577976,0.267289217411016,0.0222315701233843
F4KD45,1,0.324229596966884,0.208858077946857,0.0396719703267185,0.0114845374013821,0.007269304044367,0.0150938189483583,0.140832542091194,0.237557855399749,0.0150022968744899
Q8VZF6,1,0.393111547897184,0.203401180617691,0.0308152905155283,0.00884050022322364,0.00582857387103022,0.0114758029676893,0.105662006951016,0.229409347432258,0.0114557495243804
Q9FL33,1,0.348528560071869,0.207866584747342,0.037530793033303,0.0108191099066274,0.00729002633376397,0.0148412727302933,0.121273645887005,0.237871136713564,0.0139788705762316
Q9FHF9,1,0.265984912356196,0.216240364960213,0.065757434991856,0.0173939504616978,0.0120050088523934,0.0293770312759187,0.15299552042701,0.217968377700217,0.0222773989744984
F4JX59,1,0.345195046562341,0.267711972663854,0.0467559894832895,0.0137055897264174,0.00920456341097985,0.0171650766021166,0.0997682335500748,0.183769217256966,0.0167243107439613
F4K087,1,0.33635592025632,0.282391200982153,0.051208911826007,0.0134616313213277,0.00916285980719496,0.0186963784218851,0.0981162561119389,0.174255846850147,0.0163509944230264
Q9FKB5,1,0.270211159593341,0.243553018535384,0.0750646416644245,0.0196866331901161,0.0135689201109438,0.0320251744080591,0.13025617607999,0.191150401420278,0.0244838749974635
Q93WF1,1,0.266255901038387,0.22715850676794,0.0660820983397766,0.0228387797417539,0.0140275132481543,0.0238208642654027,0.145069650598536,0.206269746074122,0.028476939925928
A3KPF2,1,0.418545144721249,0.280033315203884,0.033723633990786,0.00877016515527326,0.00583345935676075,0.01144272532295,0.0750166218771217,0.155808714636393,0.0108262197355818
Q6IMT0,1,0.184625963073888,0.178117230226328,0.107813655272478,0.0437492457897491,0.0255341879400144,0.0533716389640602,0.175077711971979,0.176127898696256,0.0555824680652473
Q84MA8,1,0.266377500309144,0.183645290754983,0.047290855316294,0.0175194735119297,0.0113437790100995,0.0202811890607559,0.173156711759643,0.257203867574851,0.0231813327023003
Q9FI59,1,0.219661378208436,0.207852888879848,0.089006667723831,0.0374946124382246,0.0230168951717963,0.0412155822735641,0.150392776036812,0.185673719931676,0.0456854793358108
Q9FHN5,1,0.210915030377733,0.182955289043666,0.079427228176027,0.0280758242758576,0.0173330261004299,0.0355803851239571,0.198264178293065,0.210550877098228,0.0368981615110361
Q9FHM4,1,0.318085148358289,0.286938717966221,0.059290651958654,0.0131695780857252,0.00890148098011561,0.0230370275909059,0.104090797234736,0.170117136591332,0.0163694612340208
A0A1P8BHH4,1,0.299273383444112,0.187723796601576,0.0410847686922417,0.0153190321862239,0.0101473446054564,0.0169105212833232,0.145238478864629,0.264287650056557,0.0200150242658807
Q9FM57,1,0.295159784949799,0.228707913483242,0.0576445370389021,0.0130200800258251,0.00890733610657627,0.0236606733156645,0.141960781248403,0.214140071440954,0.0167988223906341
Q9FHG4,1,0.237069226914283,0.225413777542886,0.092598883550627,0.0240978034391222,0.0162843153759656,0.0418257306272277,0.14578394741472,0.186751227407352,0.0301750877278173
Q8LAS7,1,0.469366313387042,0.178448105554709,0.0211504032007101,0.00632059427759343,0.00397162338641347,0.00748720786437424,0.0878642670172101,0.217160838582094,0.00823064672985358
A0A178U979,1,0.250753786518606,0.227204013036591,0.0837968243230362,0.0183466081595907,0.0127719003196639,0.0392605569010663,0.149056957882297,0.195432047436276,0.0233773054228735
Q9FMA1,1,0.250221487857204,0.203519996124749,0.0694474228860077,0.0203097532811454,0.0143277844716163,0.0330210724829147,0.161605992068478,0.221318360727779,0.0262281301001067
Q941C7,1,0.258512790604573,0.195755772034179,0.0573589452736237,0.0175885916167704,0.0115970571861342,0.0247282602912135,0.1731140023151,0.238382645151822,0.0229619355265839
C0LGW2,1,0.252703462338961,0.229545577747685,0.0821939504483295,0.0210202936713254,0.0145464544052658,0.0355331784651464,0.1435677881864,0.194681049777738,0.0262082449591478
P59259,1,0.341683471503068,0.200838626204033,0.0354747136962261,0.0130023927040403,0.00813519682955539,0.0130155102013948,0.123964791853103,0.247084486093376,0.0168008109152037
F4K0J3,1,0.249517590207157,0.211676602212747,0.0715750710718272,0.018692364705571,0.0122604592392606,0.0334189032295201,0.167544747326844,0.210870653973792,0.0244436080332807
Q9FME0,1,0.298067836476417,0.201268797705148,0.046154463822185,0.014326249487277,0.00959505139840376,0.019682418086936,0.147373140283101,0.244750468898625,0.0187815738419074
Q9ASU7,1,0.354865440282291,0.223381300253413,0.037709385999658,0.0115248731024294,0.00738945936412983,0.0139078251428617,0.117019194731161,0.219432536514635,0.0147699846094209
Q8L557,1,0.33765603789369,0.30249784565905,0.054166637782905,0.0104419687613652,0.00726402651845498,0.0198378349661502,0.0940553027145394,0.161190984985357,0.0128893607184886
Q8W4R3,1,0.306556110061115,0.179223559790117,0.0342364073275067,0.0112498941858319,0.00689456843824345,0.0137379588207345,0.163943008487004,0.269085232089912,0.0150732607995343
Q5XUX6,1,0.262462249685222,0.257117140378763,0.082974918950448,0.0220141077203289,0.0150343596721882,0.0329075376375502,0.124290935915509,0.177018322492399,0.0261804275475915
Q9FFN4,1,0.274271874618519,0.227882939028997,0.0612740887433585,0.0159072375386071,0.0100645974696771,0.0235439439629289,0.156312398154743,0.210407070447365,0.0203358500358034
Q9FN08,1,0.273896008623946,0.192494656173984,0.0472808540287809,0.014100813647683,0.00883780552327005,0.0187501400960761,0.178689676006379,0.247251039439486,0.0186990064603947
Q9LVP1,1,0.294816697464612,0.198700189528929,0.0463423978415603,0.0151651078024084,0.0102959058916846,0.0200114258253184,0.147396261570316,0.247533345249453,0.0197386688257185
Q42546,1,0.25648603045857,0.222366632838201,0.0703417864589616,0.0185131737432102,0.0115150450930963,0.0277516866642429,0.163660335477696,0.205316833424584,0.0240484758414376
Q7Y214,1,0.299892797992877,0.178831440351618,0.035723403729549,0.00977099682447156,0.00618468827471705,0.0147465989284158,0.172822163578437,0.26888170780328,0.0131462025166341
Q0WPN7,1,0.351839189329036,0.157606332028008,0.0246218190125857,0.0089952365516718,0.0055490046036895,0.00928047147566739,0.128445379252601,0.301698709575384,0.0119638581713576
Q9FJY5,1,0.346542030161598,0.295538957799808,0.0503730756621559,0.0115528842056699,0.00801486291991516,0.0183646540430485,0.0912261070230161,0.164260197940658,0.0141272302441294
A0A178UAF6,1,0.24396445033638,0.240848740540765,0.0937310227976757,0.0277757976424258,0.0199246481163373,0.0418929320876035,0.123568381615091,0.175539782038475,0.0327542448252458
A0A1P8BCM1,1,0.182650823554705,0.178385501294127,0.116951039111922,0.0399022169984351,0.0266178737986902,0.0734971843375876,0.161962871123133,0.169841633130222,0.0501908566511781
Q6NLE5,1,0.300132110517265,0.255465455778428,0.0598617206942758,0.0162407364918166,0.0105739270113963,0.0214973247026213,0.123074149740054,0.192981277621344,0.0201732974427988
A0A1I9LNS9,1,0.30595782007867,0.176442098604191,0.0364103534187399,0.0125473231133046,0.00831301162583939,0.0150065416677017,0.147863212561291,0.280784895472909,0.0166747434573525
Q6NQM0,1,0.306911348669864,0.286857565124851,0.0634503698789283,0.0183988170011369,0.0127339755417401,0.0226330076634537,0.0986226871253553,0.168729775574894,0.0216624534197772
A0A384KWK3,1,0.25230220311327,0.247450156301287,0.091204220846271,0.0177594362220386,0.0120495082448078,0.0400922949245083,0.137845109657583,0.178952926559501,0.0223441441307333
Q9SRT9,1,0.272037089799822,0.215735742072227,0.0561138873415821,0.0187412929730134,0.0112992140777942,0.0209629921341828,0.159964988650913,0.221082616994091,0.0240621759563758
Q1PET6,1,0.280849583644167,0.223920080427246,0.0592076312110118,0.0215279419658408,0.0138090802739361,0.0219764694548942,0.136992903235954,0.21479716608477,0.0269191437021807
A0A384KJT4,1,0.32311222235715,0.253162328369215,0.051085757437366,0.01161337656396,0.00764809297930918,0.0201611225825618,0.122224519406163,0.196114849133475,0.0148777311707993
Q8LFJ8,1,0.280837090545714,0.277522878643914,0.0789189309067858,0.0187769616721184,0.0135522190509144,0.0323886496498222,0.107465038186346,0.168129020463753,0.0224092108806318
Q9M8T5,1,0.23256919772927,0.195698200590697,0.0706765132673055,0.0255239048805078,0.0153570371615364,0.030586832262772,0.181285727877743,0.214289512033406,0.0340130741967617
Q94K05,1,0.438542640455247,0.213651681536829,0.0272365961918049,0.00741050355714508,0.00489250478811731,0.0101011936016671,0.0892049110675238,0.199469006139951,0.00949096266171404
Q5XVC2,1,0.346377572101738,0.316628682573739,0.0501628720277229,0.0101980422000866,0.00699586101130172,0.0177970328069977,0.0868472404533447,0.152545002826781,0.0124476939982872
A0A178VJ88,1,0.421334493352238,0.143760281271003,0.0188767450512179,0.0055075191575911,0.00349654087400178,0.00715364207991513,0.107665813226049,0.284854361268589,0.00735060371939523
Q9MAB3,1,0.320119091976631,0.198108148975774,0.039193522487869,0.0131448834104321,0.0087233937810663,0.0160439627969087,0.135945334318925,0.25169709984899,0.0170245624034035
Q9C8Z4,1,0.323540063376179,0.314478594498038,0.0596490819184704,0.0112971772416097,0.00788921937736045,0.0217090959977917,0.0926171939132449,0.155036444954967,0.0137831287223382
Q84W92,1,0.329717386054926,0.170351948095454,0.0306209912941979,0.00980452756082128,0.00644998647376721,0.0126783903489688,0.139612305047851,0.287755758776396,0.0130087063476178
Q9M8Z5,1,0.341215122090768,0.305124472419408,0.052504049678591,0.0112120305671682,0.00778077722431517,0.0190228628554228,0.0903914905879234,0.159043015509337,0.0137061790670671
Q9SRT4,1,0.240893645339403,0.204639848200427,0.0681843144358856,0.0217150831596927,0.0131675377166004,0.0285937552590808,0.180671326893022,0.213921987169645,0.028212501826243
Q9SRT2,1,0.205581273572044,0.200887260049395,0.110907396143318,0.0269760523356639,0.0176022100589994,0.0540149453443238,0.168860190954002,0.181091603054539,0.0340790684877147
Q9SSE6,1,0.360171378140401,0.185455328632382,0.0295985978342973,0.00999465504438691,0.00634533266265662,0.0113784446894745,0.123643470897644,0.26039194015256,0.0130208519461981
Q9SFB4,1,0.245970736021647,0.213142351370266,0.072139452620122,0.022046543950813,0.0137990987081082,0.0309594344136029,0.167034631684423,0.20644366348898,0.0284640877420377
Q9C9Z3,1,0.300343976257946,0.256058332702133,0.0574686875096797,0.0188428920186044,0.0117962011261099,0.0201540291653252,0.120349179463685,0.192007563681073,0.0229791380754435
Q9SS81,1,0.324691818951433,0.24694779752379,0.049137976020363,0.0141785672328672,0.00933004450367005,0.0192174715755983,0.117404800997265,0.201308744995067,0.017782778199947
Q9SR33,1,0.275916568044446,0.24216395667103,0.0645844787453526,0.0233272225770517,0.014193993595142,0.0228909833823329,0.132841253382105,0.195660479591456,0.0284210640110834
Q84TG1,1,0.314613361131712,0.211940146383051,0.0435441204511997,0.0143623936395095,0.00940644030218237,0.0174360484066913,0.13560035954505,0.234664571538168,0.0184325586024372
Q84LG4,1,0.256334227333318,0.222718779941462,0.0725704950293837,0.0173964573779934,0.0112144771614453,0.0310378481750406,0.161859825831086,0.204275164454878,0.0225927246953927
A2RVP7,1,0.307147050514484,0.251110392473416,0.0581610567296806,0.0160487782835141,0.0111744586642326,0.0230868586511724,0.117421801255336,0.195998160201715,0.019851443226449
F4J2M6,1,0.342225992757563,0.208323839666619,0.0372513495982938,0.0109961624921318,0.00713013099878514,0.0152454674564234,0.128707741631621,0.235731325825178,0.0143879895733859
O24521,1,0.288008798950525,0.248507938918123,0.0614347649096647,0.0214896926681286,0.0139796371746318,0.02331811430952,0.122851984652049,0.194562628797011,0.0258464396203474
Q9CAF6,1,0.401635378066085,0.336803059472404,0.0359744072519064,0.0072331761731685,0.00490217642285364,0.0118506154882422,0.0653221407731093,0.127393443155919,0.00888560319631166
Q39069,1,0.309027367791507,0.159913036300723,0.0296895111299697,0.0111778572173662,0.00702236969884835,0.0123895560551788,0.151191470094211,0.304454607108203,0.0151342246039935
F4J8K6,1,0.332495445896249,0.304800138883651,0.0555630757465152,0.0106719039943793,0.00737562338277103,0.0204438428127918,0.0954402624648164,0.160037780871805,0.013171925947021
Q9LH49,1,0.293049318138649,0.286561130610014,0.0722029891644701,0.0167279144269262,0.0117794627814679,0.0288905984535296,0.104229751628615,0.166339563814355,0.020219270981974
Q0WVD6,1,0.37035617882403,0.295860846879259,0.0430661347503183,0.0102905245159023,0.00698780422848738,0.0152644373632247,0.085280963919263,0.16028252188937,0.0126105876301451
Q9LK55,1,0.354193468681001,0.190838346326514,0.0317301101684434,0.0112129244687616,0.00706479948968522,0.011870580998447,0.122356250242968,0.256112486855245,0.0146210327689352
