ID,Cluster,#1,#2,#3,#4,#5,#6,#7,#8,#9
Q9LMM0,1,0.0292037363964628,0.0277028899171616,0.0286403304663582,0.0295770144283958,0.0273258130942435,0.164431307332827,0.0291435822521495,0.350215725531183,0.313759600581219
A0A178WAU2,1,0.0188943010461282,0.0178978416802748,0.0185312066815634,0.0190977896871572,0.0176406817862254,0.187501479026905,0.0188571468400911,0.367245764905813,0.334333788345842
Q5XEP9,1,0.0218382107739262,0.0209088091438928,0.0215361620454022,0.0219139697065798,0.0206390422227793,0.175695418923061,0.0218123282517908,0.366607370142748,0.32904868878982
Q9LNE7,1,0.043033455273415,0.040276899495788,0.0418944175326211,0.044031695083799,0.039672103611225,0.16313273711975,0.0428982685018048,0.302681823999314,0.282378599382283
Q9LNE3,1,0.0387455461220644,0.037350356542151,0.0383168637653934,0.0387593972157188,0.0369323930339697,0.189745616694878,0.0387128384653456,0.29499312367197,0.286443864488509
Q9LQN6,1,0.0202236074865965,0.019317938517481,0.0198866803511334,0.0204446429069997,0.0190876030174989,0.150671038317546,0.0201878252709022,0.3851987862292,0.344981877902642
Q9FRR8,1,0.0354132034905602,0.0335792854256022,0.0347037041606292,0.0359157305893419,0.0331370678355115,0.156898011069499,0.035335224798438,0.33390665425595,0.301111118374468
Q9XFR5,1,0.0326365966579399,0.0310360140494462,0.0320035501221601,0.0331408609170704,0.0306562465223455,0.186208000788299,0.032564639321095,0.32387698630753,0.297877105314114
O80518,1,0.0261177739960027,0.0250133055165477,0.0257185201846801,0.0263328100154038,0.0247261213742079,0.161640594868351,0.0260773704186408,0.355550678854265,0.328822824771901
Q8LC45,1,0.0287286294813417,0.0271287832153559,0.0280745627512602,0.0293069925604182,0.0267687643259961,0.162106266091326,0.0286513346588105,0.350492973839816,0.318741693075675
O04089,1,0.0237705267534345,0.0229318595158657,0.0235101912347464,0.0237846050257817,0.0226802479140482,0.160436622420768,0.0237504495699528,0.365323363290534,0.333812134274869
F4I8W6,1,0.028547423161276,0.0278311065318279,0.0283486239313245,0.0285347044690202,0.0275879203905849,0.25091761403427,0.0285346495916054,0.294041536456784,0.285656421433308
Q9XI72,1,0.0330820286057928,0.031123206956096,0.0322941553692689,0.0337270053211351,0.0306742130027405,0.160091788824523,0.0329910980729739,0.340293301185925,0.305723202661545
Q39103,1,0.0299740154550679,0.0285497271522621,0.0294228575801938,0.0303736382314811,0.0282035266740915,0.19595924608481,0.0299131078799794,0.326553407043009,0.301050473899105
Q93WK6,1,0.0398398528348189,0.0389017249800417,0.0396014203710819,0.0396678244769775,0.0385766565654649,0.214232513130206,0.0398305996956872,0.2794271306197,0.269922277326021
Q8VY80,1,0.0259854119181564,0.024239567306459,0.025237423237832,0.0267385764286134,0.0238723519793473,0.179632146090071,0.0258924271716327,0.348366063196306,0.320036032671582
Q9SQI2,1,0.0196681030658126,0.0189844509828315,0.0194428677078153,0.0197324286099058,0.0187881892433307,0.163905785950073,0.0196482906765411,0.375514918412026,0.344314965351665
A0JQ18,1,0.0337130982587305,0.0321582835776026,0.0331180379251776,0.034167845999522,0.031769458276343,0.174783828075452,0.0336473445244334,0.328167633098108,0.29847447026463
Q9FYL1,1,0.0154020190081025,0.0148666581099117,0.015234726890269,0.0154289006137721,0.0147056934254962,0.19818449492081,0.0153885434230269,0.367951952865462,0.342837010743149
Q9FZ91,1,0.028307340054712,0.0272464651893848,0.0279867741172725,0.0283068970275217,0.0269224730774205,0.174639784506844,0.0282838433705007,0.340375901917916,0.317930520738428
Q9FZ93,1,0.0325591359527587,0.0309391168102858,0.031926778094441,0.0330559340394507,0.0305463752384406,0.219786130939314,0.0324877675093234,0.301798288876898,0.286900472539088
Q9SA71,1,0.0167512102892397,0.016050573172304,0.0165079873559338,0.0168617764467051,0.0158600826570831,0.167618505783274,0.0167277638809409,0.373978543045311,0.359643557369208
Q9C615,1,0.0200979937561354,0.0189350182901457,0.0196276900650771,0.0205175671498747,0.0186688427589436,0.226151928916934,0.0200426355303547,0.334242390053996,0.321715933478538
F4HPM2,1,0.0172806879945319,0.0163062609382245,0.0168969141506305,0.0175839420995968,0.0160764929465498,0.171335324561491,0.0172370763749136,0.374307937623841,0.352975363310221
Q9SX97,1,0.0330926370930638,0.0315011676813723,0.0324533046550894,0.0336423874747749,0.0311293068437472,0.189440896994816,0.03301829922944,0.319937776393936,0.295784223633761
Q9XIB6,1,0.0237069289133506,0.0225567352762483,0.0232703853714066,0.0240110407911427,0.0222712506231578,0.158771085347842,0.0236596274123328,0.369488695550473,0.332264250714047
Q9C8L7,1,0.0341002372095245,0.0326453513057139,0.033574477701171,0.0343994193802378,0.0322665921347907,0.195237490403545,0.0340462777151965,0.303827619613309,0.299902534536511
Q9SYF4,1,0.0365070820134975,0.0361939625257079,0.0365758334642855,0.0360454584003926,0.0359602453750519,0.194134875051675,0.036537952516478,0.29722977477411,0.290814815878801
Q9SYF5,1,0.0378072546302128,0.0359790816992413,0.0371746304755015,0.0380749365013014,0.0354830910648689,0.196375558792957,0.0377469102205271,0.294358238465596,0.287000298149794
O22721,1,0.0289383315737173,0.0272801172816635,0.0282739852250132,0.0294584259926888,0.0269031289432554,0.199149397089322,0.0288622111307004,0.320582819891304,0.310551582872336
A8MRV9,1,0.0354303077417474,0.0344745332511452,0.0351590671673745,0.0353972424718408,0.0341583697997581,0.190925049324732,0.0354129882936538,0.31085988116998,0.288182560779769
Q9CAC7,1,0.0367093447127172,0.0353652435327794,0.03627190110775,0.0368122692947108,0.034980206964639,0.189000610056763,0.036671676918378,0.299232504473009,0.294956242939253
Q4PSX8,1,0.0374819184607657,0.0366056170845495,0.0372744872270324,0.0372685111093383,0.0362972692720908,0.2113289525352,0.0374767496144969,0.284786869221324,0.281479625475202
Q9ZPJ8,1,0.0242789437383441,0.0231479877702457,0.0238895947304674,0.024431985504456,0.022839739149415,0.155714672682183,0.0242423853251063,0.367094435236117,0.334360255863666
Q9S777,1,0.0301600366992746,0.0283563250332639,0.0294633820792539,0.0306204941749973,0.0279267365708797,0.167843630920006,0.0300839830965217,0.338221962427357,0.317323448998446
Q9SRZ4,1,0.00726605666174306,0.00699985812096687,0.00717840080149946,0.00729444973662133,0.0069233815022763,0.203036818731452,0.00725825253984394,0.380358962172351,0.373683819733246
F4HQ23,1,0.0402869701616525,0.0392508064400144,0.0400720379219904,0.0399284639830333,0.038863416976329,0.188061211765239,0.0402885419618725,0.289648307949173,0.283600242840696
Q8RXD5,1,0.0182306132012116,0.0176272251084928,0.018060232185765,0.0182016803971033,0.0174305287393622,0.179552321900034,0.0182199361359439,0.376294433824003,0.336383028508084
Q9M040,1,0.0228911971349035,0.0226372725965833,0.0229236601020626,0.0225672454468077,0.0224674409528298,0.253955133695045,0.0229113208913424,0.309809845644775,0.299836883535651
Q9M020,1,0.0275532790291055,0.0264175480289793,0.0271706147440014,0.0276721279449138,0.0261016201310909,0.167639416050712,0.0275185922781372,0.345278077950157,0.324648723842903
Q9LZX2,1,0.038681618871146,0.0371546434367508,0.0381221341379231,0.0390069760745328,0.0367567085044323,0.197290189739879,0.0386240961222492,0.29590695285856,0.278456680254527
A0A1P8BF18,1,0.0297941197396495,0.0279786024105674,0.0290561857190629,0.0304123022673558,0.0275684720113065,0.15524945724211,0.0297079974883347,0.354350469231889,0.315882393889724
Q9FF79,1,0.0147304242288419,0.0143611740872143,0.0146467353514352,0.0146539183324686,0.0142235366028089,0.179872979726441,0.0147286444641545,0.385343768178034,0.347438819028602
A0A178U9K3,1,0.0412262039093996,0.0395487658332889,0.0406700969337831,0.0413911908652983,0.039077680305301,0.194785026306255,0.0411769249929196,0.283907249273874,0.27821686157988
Q9FNP0,1,0.0364115561906247,0.03553536789732,0.0362663156340067,0.036026685766967,0.0351731794445753,0.168413821041166,0.0364210349150142,0.316336169802737,0.29941586930759
Q84WM9,1,0.020215368069385,0.0195575206617411,0.0199993368684655,0.0202893641664031,0.0193657488310523,0.178500030801037,0.0201961936657826,0.364258247599329,0.337618189336805
A0A178U7B6,1,0.0234940572938987,0.0230035436638721,0.0234195083012531,0.0232621795407564,0.0227926311893145,0.196075975460544,0.0235008378794549,0.345293894307329,0.319157372363578
Q9FJG5,1,0.0146212716305526,0.0142891216550853,0.0145640380771558,0.0144950635752782,0.0141513788423511,0.191930958027002,0.0146240103761927,0.372071117589632,0.34925304022675
O23115,1,0.0419635815847798,0.0413994337078707,0.0420232940189911,0.041249009655349,0.0410449577923221,0.19502473416201,0.0420061539358776,0.28044604054259,0.27484279460021
A0A384L1G6,1,0.0387133797861487,0.0365752992577098,0.0378379096320751,0.0394883650343784,0.0360908726275389,0.17421635756575,0.0386099237486688,0.312301773340205,0.286166119007525
A0A178U9Q7,1,0.0195236234459974,0.0186294540325848,0.0191913835119218,0.0197421007027872,0.0184008598970974,0.15771495678195,0.0194884372475234,0.388922245811461,0.338386938568677
Q9FID8,1,0.0368061257955159,0.0356643384242008,0.0364991534739875,0.0367083166841929,0.0352791388659232,0.194220642014836,0.0367892329947369,0.298664194933852,0.289368856812755
Q9FID6,1,0.027816341818618,0.0263116404912163,0.0272434796692707,0.0281855371730162,0.025945142416198,0.155743662759832,0.0277546851778767,0.355780550732663,0.325218959761309
F4K1I5,1,0.0381110549049324,0.0348435607859286,0.0366457169647484,0.0397540402937292,0.0342113490463938,0.209720656775254,0.0379206767129444,0.287672921462027,0.281120023054042
Q96242,1,0.0371533127662868,0.0355482605802885,0.0365738485749039,0.0375009030937826,0.0351208094180793,0.22656139797006,0.0370938984034511,0.282274643516998,0.27217292567615
A0A1P8BDN2,1,0.0421629236799219,0.0402831475600981,0.0415811650817158,0.0421824433051755,0.039725545476724,0.186229784067066,0.0421182665668109,0.286221695257622,0.279495029004865
Q3E7L7,1,0.0432822047806084,0.0412542242213316,0.0425749572296408,0.0435418283485395,0.0407176257258535,0.194471833142426,0.0432149268568893,0.275972946708088,0.274969452986623
Q9FIY6,1,0.0301507882854659,0.0285885843781688,0.0295685141118001,0.0304980100127792,0.0281972775624944,0.155040805149703,0.0300898769771715,0.351610787942724,0.316255355579693
A8MS31,1,0.0246595863215718,0.0232582168599008,0.0241189148735828,0.0250670712684971,0.0229165809998121,0.172047511796616,0.024599550728584,0.359863490050807,0.323469077100629
Q8GZ89,1,0.0445640236592882,0.0408259186867234,0.0429133611234572,0.0463295185972802,0.0400823208181291,0.184529080614932,0.0443533874813354,0.284541986399245,0.271860402619609
Q9FJ55,1,0.0233255043612293,0.0223240110972323,0.0229892122350351,0.0234331249486336,0.0220445985583555,0.160169733706771,0.0232951701342142,0.366630031825121,0.335788613133408
Q8LET2,1,0.0175894249596827,0.0166156283397705,0.0172213715352548,0.0178331446743033,0.0163740788339161,0.186289435019686,0.0175498474601103,0.374728748313573,0.335798320863703
Q9FGL2,1,0.0376111077842133,0.0345252718896074,0.0362111411608209,0.0392053711406652,0.0339365139339809,0.200536535294155,0.0374276542501109,0.298845777029905,0.281700627516542
Q9LV60,1,0.0256375142688648,0.0240134694157386,0.024971200881457,0.0262046246982448,0.0236531684820011,0.166974048862524,0.0255589842882571,0.356479254080681,0.326507735022232
Q5MAU8,1,0.037553622072621,0.0358399456164909,0.0368879170694968,0.03805390744245,0.0354223520740503,0.183487703611461,0.037479551405892,0.309437850103174,0.285837150604364
Q9FHC8,1,0.0288966444126219,0.0282170092275841,0.02876619227454,0.0287041248614986,0.0279449031635489,0.206239069711805,0.0288984795425123,0.314250700875203,0.308082875930687
P27323,1,0.0406887112903667,0.0399937909275405,0.0406298997613807,0.0401734720542877,0.0396635450339427,0.181653537961134,0.040710426328786,0.293212691238694,0.283273925403868
Q9FL70,1,0.012952808345486,0.0126255652396586,0.0128856286483352,0.0128591031397764,0.0124992392146573,0.193577074310918,0.0129529590862269,0.375949745796771,0.35369787621817
Q9LVG8,1,0.0302441696925473,0.0294821098108658,0.030069364218372,0.0300673835574945,0.0292033589001452,0.164087683003034,0.0302406044061175,0.341273383185166,0.315331943226257
Q9FLK4,1,0.0246805804213301,0.0244264034852594,0.0247145841103908,0.0243611742090869,0.0242532854818184,0.180378834110815,0.02470088212863,0.350801660376749,0.321682595675921
A8MQN2,1,0.0253776399025252,0.0245797314940651,0.0251277152299786,0.0254174214478241,0.0243375837507397,0.233124511470997,0.0253575208169168,0.315924106701372,0.300753769185582
Q9FMG6,1,0.0366304542867569,0.0344911485938582,0.0357156319273417,0.0375421825012436,0.0340376169965967,0.189301395390766,0.0365172478661906,0.308634149336789,0.287130173100457
Q9FGF1,1,0.017709427819653,0.0169162868548064,0.0174340895654916,0.0178364232183342,0.0166997412983442,0.173338211828851,0.0176828770623026,0.379573123203481,0.342809819148737
Q9LV88,1,0.0426253702406612,0.0407465719768208,0.0419788857381359,0.0429104613066067,0.0402268422742379,0.181368245385478,0.0425636571206862,0.288639061788602,0.278940904168771
Q37001,1,0.041425304643081,0.0390693177101086,0.0405127974524338,0.0420502246316187,0.0385099780450203,0.170290147054684,0.0413250355872065,0.30137737827665,0.285439816599197
Q9FKW8,1,0.0239271232940439,0.0227540880095646,0.0234776502761232,0.0242498022145099,0.0224652578933141,0.160614877983465,0.0238778041050792,0.369558442931321,0.329074953292579
AT3G01045,1,0.0414766238062735,0.0388699885144277,0.0403935209561086,0.0423909251635144,0.0383072032942675,0.181242020930838,0.041348587503732,0.296353085574922,0.279618044255916
Q9M880,1,0.0374815975311977,0.0364746856088522,0.037233673379681,0.037305144638901,0.0361238706272581,0.197210574371423,0.0374724137053419,0.290518174844305,0.29017986529304
Q66GI2,1,0.0313246356596333,0.0291766567272959,0.0304179852229106,0.0321807568663419,0.028716832147642,0.240562018723212,0.0312140993073796,0.294574032453124,0.281832982892461
AT3G04615,1,0.0249307201598753,0.0232522135958479,0.0242464135423196,0.0254982548576278,0.022878681279752,0.163234244981143,0.0248508036138352,0.363381180015868,0.32772748795373
Q94K36,1,0.0293780186721911,0.0277105287601369,0.0287100605459859,0.0299261130295677,0.0273233060107431,0.183201236927389,0.0293010664377525,0.338064698428395,0.306384971187838
Q9LTL0,1,0.0315825820268975,0.0303109279911365,0.0311332662065527,0.031828891289878,0.0299635410225662,0.170692788559908,0.0315380020909557,0.338415317400421,0.304534683411685
Q9LI89,1,0.0294684607153562,0.028080731603853,0.0289473763618607,0.0297980802659509,0.027733224501726,0.156784065480389,0.0294132217166272,0.354115770100678,0.315659069253559
Q9LHR4,1,0.0125625198336276,0.0121364036616643,0.0124243640151647,0.0126033633320961,0.0120119330703594,0.154686600960911,0.0125505251116793,0.403902190683856,0.367122099330642
Q2V3R1,1,0.0277040429465128,0.0262384580022366,0.0272005935942288,0.0278970693620927,0.0258393487157135,0.227801028731215,0.0276568058480208,0.309069408333553,0.300593244466427
Q9M1V1,1,0.0155707090294939,0.014775563708476,0.0152659364914738,0.0157844584190421,0.014581671279173,0.150622785407798,0.0155373854210964,0.406067758245687,0.35179373199776
F4J6S4,1,0.0246756641676018,0.0232466707531504,0.024117125594751,0.025093320168332,0.0229072675103213,0.173056747508924,0.0246131378708254,0.358948170481725,0.323341895944369
Q9SD62,1,0.0283140719407504,0.0271507877484184,0.0279012423433704,0.0285090967291425,0.026839549694591,0.175702081304089,0.0282735850295846,0.345115175803981,0.312194409406073
A0A384KU05,1,0.032658612418934,0.0310714782004389,0.032055541384584,0.0330796908801375,0.0306765132627483,0.157702598409811,0.0325933072673212,0.343131344641839,0.307030913534186
Q9M2R9,1,0.0227442059352512,0.0215503363370477,0.0223159376296583,0.0229703445942354,0.0212374675414924,0.19177159862295,0.0227011100879846,0.348773301511727,0.325935697739653
Q0WPI9,1,0.0339159579437075,0.0322995996129641,0.0333186335575965,0.0342955004194726,0.0318823490599637,0.23616335392045,0.033853093020259,0.28782763999152,0.276443872474067
A0A1I9LSN5,1,0.0244102822945684,0.0236850311779225,0.0241951509032286,0.0244024990518215,0.0234571072117109,0.252855207596662,0.0243949422580015,0.302732964826941,0.299866814679143
Q9M050,1,0.0220073075081267,0.021168827043391,0.0217562565373279,0.0219886709131656,0.0209124707688744,0.213850830673715,0.0219894636756564,0.335275347870535,0.321050825009208
F4J0R7,1,0.0144996237845702,0.0138903622180846,0.0142862799686721,0.0146051589261051,0.0137252943977092,0.161238509732582,0.0144787907794475,0.399242761427425,0.354033218765404
Q3EC92,1,0.0351583177942305,0.0330490843247106,0.0342836575750092,0.0359461813268028,0.0325827706650984,0.205578171157477,0.0350536874708802,0.303090543732458,0.285257585953334
Q9ZVP8,1,0.0280833981448287,0.0280240322988878,0.0282760503229166,0.0274478762125238,0.0278350959617286,0.221820210257912,0.0281318551342081,0.306770561367078,0.303610920299917
Q9ZV49,1,0.0299585359351442,0.0285274589729449,0.0294525250594215,0.0301937531427621,0.0281460649692811,0.151075605447402,0.029909159318533,0.354730863723728,0.318006033430784
Q7X8U5,1,0.0261273534497493,0.0251345808216816,0.0257777734883611,0.0263008743104544,0.024865093655153,0.161356848437191,0.026093141230932,0.360876686472773,0.323467648133704
Q9SKQ0,1,0.0341915003333816,0.0318846064092483,0.0331923402082208,0.0351983611650876,0.0314087348513599,0.205629381485143,0.0340665809987446,0.306366912084032,0.288061582464782
O64815,1,0.0182869825774741,0.0172951318342133,0.0179082149825899,0.0185403039952397,0.0170530734041545,0.183147078672266,0.0182458489788499,0.373802804971821,0.335720560583392
A0A178VPT1,1,0.0284359686190301,0.0270096029692013,0.0279402745190451,0.0286586163339333,0.0266233972776205,0.195966456184101,0.0283882194368315,0.325005655220066,0.311971809440172
Q9ZW16,1,0.0232534199971267,0.022172153861097,0.0228739694867118,0.0234193515906511,0.0218823801066275,0.158563286820897,0.023216869985465,0.37252994929111,0.332088618860315
Q6DBM8,1,0.0320702350259751,0.0313869493224463,0.0319407276086078,0.0318480356069467,0.031108990048749,0.185353404806381,0.0320732220220211,0.32530556496271,0.298912870596163
Q9SKY8,1,0.0330176870260649,0.0320279770948439,0.0326784742604444,0.0331742522088995,0.0317485489321591,0.203145012442947,0.0329855797219276,0.309501770202444,0.29172069811027
Q8S8K6,1,0.029724241822051,0.028426813010991,0.029271299605147,0.0299328221693197,0.0280747404081857,0.159993116273077,0.0296806086992293,0.349591637140529,0.31530472087147
P30302,1,0.0309986323723379,0.0290533536371755,0.0301901592023674,0.0317273751825152,0.0286265530076671,0.166690469886844,0.0309018672711563,0.342229647573931,0.309581941866005
Q0WT19,1,0.0262095494001018,0.0249735916226538,0.0257283458702488,0.0265681643509762,0.0246758192389679,0.173670576439666,0.026155883338875,0.352684060862564,0.319334008875946
O80943,1,0.0203042574180067,0.0193798829487431,0.0199731796193837,0.0204842281176391,0.0191341997322802,0.159270642405886,0.0202709600504776,0.385667432208717,0.335515217498867
O80625,1,0.0406722243666182,0.0384167412844743,0.0397958224796682,0.0413267970295267,0.0378728289352629,0.160447702414278,0.0405745075823699,0.311921702753346,0.288971673154456
P25071,1,0.0263142302028984,0.0245013619380194,0.0255693699643183,0.0269454229003201,0.0241025370066113,0.185006800098388,0.0262264267226344,0.339999947538676,0.321333903628134
Q9SK55,1,0.0365477073937801,0.0346178445550958,0.0358411043359798,0.0369454738271319,0.0341263439325412,0.180849124389704,0.0364749390049275,0.306229093539345,0.298368369021495
O64864,1,0.0227193452101903,0.0216448365524352,0.0223359751598025,0.0229344258498507,0.02136015653497,0.2181931626532,0.0226805219341852,0.327309527535465,0.320822048569901
O22893,1,0.0386995641306286,0.0379937402150225,0.0385680874231225,0.0384834083001341,0.0376992106175568,0.172402626105124,0.0387027842540777,0.310595688342224,0.286854890612109
Q94AX3,1,0.0257007840878534,0.0243112648381666,0.0251628166926235,0.0260940681918016,0.0239759082301563,0.157122649027781,0.025641224973918,0.367491496829965,0.324499787127735
A0A178UTR4,1,0.0272213788137496,0.0259005299579872,0.0267140643264898,0.0276004046878161,0.0255744949502804,0.217304610421886,0.0271651381834236,0.318711673200098,0.303807705458269
O81301,1,0.0427675465406794,0.0403492288849604,0.0417910940292318,0.043483516900614,0.0398114235714494,0.197559861323941,0.0426561348901225,0.27997390264284,0.271607291216162
Q9SY38,1,0.0394194428328836,0.0372812736945758,0.0385955700858066,0.040068026428252,0.0367555407725766,0.21655725582981,0.0393272581458913,0.279873706381508,0.272121925828696
Q9STH8,1,0.0167680898346445,0.016034664080442,0.0165262659348846,0.0168388204371931,0.0158251746572528,0.213532251473249,0.0167467241162835,0.355029377105253,0.332698632360798
Q9STH1,1,0.0160734431853486,0.0155421548802287,0.0159077752888767,0.0160962074704004,0.0153830077062266,0.193707187243129,0.0160601869164298,0.356306190809047,0.354923846500313
Q0WQ07,1,0.0334707138235446,0.0310423794642308,0.0324125786458463,0.0345469397646219,0.0305481872540179,0.173622345604868,0.033337822752302,0.330618019085732,0.300401013604837
Q41975,1,0.0283397664667512,0.0263910471268625,0.0274952433524229,0.0292107960290591,0.0259885440712704,0.180443901336943,0.0282337198116569,0.342135306138584,0.31176167566645
F4JU09,1,0.0134814723918997,0.0128084526011178,0.013226445395012,0.0136545779347661,0.0126418279854516,0.162804302410005,0.0134538606672697,0.403556833815049,0.354372226799429
Q9LDR8,1,0.0259087742176549,0.0243050931537979,0.0252593081615148,0.0264273087925716,0.0239449117832007,0.176006122010037,0.0258335826167101,0.348453134696388,0.323861764568124
Q8GYA4,1,0.0267681260433271,0.0259994264895857,0.0265355521324288,0.0268109514514335,0.0257567550470532,0.256982320375134,0.026750074751726,0.295821047353494,0.288575746355817
Q9M0C3,1,0.0329390960923963,0.0305823483897774,0.0319587794370612,0.0337919718631126,0.0300714693649986,0.179371878620155,0.0328221932053511,0.324557203409147,0.303905059618001
A0A178V5T8,1,0.0189683567959655,0.0179772810972513,0.0185787000557164,0.0192742873306472,0.017742124967549,0.263632254552797,0.0189241648084672,0.316950667389512,0.307952163002095
A0A178USH6,1,0.0187440614079718,0.0178145063664017,0.0183872066122022,0.0190059145712032,0.0175866591910249,0.265528299400896,0.0187046267057572,0.316461862104053,0.30776686364049
O82643,1,0.0445617998713167,0.043368191327555,0.0442585684321822,0.04438369707573,0.0429597139552997,0.186980359252844,0.0445486585847653,0.276037731768863,0.272901279731445
Q9T072,1,0.0121538732675278,0.0116513028485743,0.0119693205537413,0.0122717877392547,0.0115217801035574,0.189054652874245,0.0121344783773402,0.374987964281702,0.364254839954057
A0A178V036,1,0.0333373634301147,0.0321145268339489,0.032912209371247,0.0335428857389958,0.0317749901662212,0.211585857626723,0.033296246878202,0.304015734826401,0.287420185128146
F4IAL1,1,0.03833233717122,0.0366359781065939,0.0376765645586727,0.038833153257858,0.0362286071097413,0.222696567631414,0.0382587688944385,0.274233250095785,0.277104773174277
F4I1A6,1,0.0319690023133762,0.031382999693278,0.0318444632703269,0.031825480426333,0.0311605772387271,0.2331399913815,0.0319678702077598,0.286373265725422,0.290336349743277
Q9SYF3,1,0.0230440480500653,0.0220433389200979,0.0226913634763979,0.0232028859004079,0.0217789814744687,0.271678222214394,0.0230095519050932,0.288969220019336,0.303582388039739
Q9SH42,1,0.0194323514076214,0.0188359308545847,0.0192766163092614,0.0193673739823639,0.018633815665181,0.216111943440295,0.0194246048695968,0.333493508142096,0.335423855329
Q7X6Y7,1,0.0284819515754009,0.0273507420001504,0.0281051968920366,0.0286082307503445,0.0270329966970909,0.20717804126496,0.0284480212394134,0.312361773394797,0.312433046185806
Q9CAI1,1,0.0181771002467319,0.0175363186721621,0.0179702921026088,0.0182236428745289,0.0173503332261419,0.269047796127578,0.018159505713805,0.308825997765602,0.314709013270842
Q8L7B4,1,0.0216575457600015,0.0210080040779998,0.0215054177620943,0.0215318511708441,0.020773685304607,0.232299850147213,0.0216532094271459,0.319648872649777,0.319921563700317
O81822,1,0.0303196170960283,0.0296064240248299,0.0301244337559695,0.0302846284184354,0.0293700033673507,0.231333308634108,0.0303077497219817,0.291777123481798,0.296876711499499
Q9LXF3,1,0.0147246859455792,0.0141369956248873,0.0145149819664123,0.0148427909699137,0.013981418700199,0.210557840275653,0.0147034393448185,0.348684290355384,0.353853556817153
Q9FJV8,1,0.0211286954255435,0.0202966498497957,0.0208322792508458,0.0212982493522062,0.0200749973486292,0.209436456790357,0.0210986131095897,0.332377779979009,0.333456278894023
Q9FJL3,1,0.0348338139298247,0.0340404914412466,0.034634386586623,0.0347307729930891,0.0337653774061843,0.235268032453137,0.0348249788820364,0.275252868608341,0.282649277699517
Q9LVG4,1,0.0355366897016721,0.0345767298790229,0.035344729788569,0.0352227258380537,0.0342040757378157,0.226469571010418,0.0355387456867972,0.281270325811782,0.281836406545869
AT3G07365,1,0.0268201623835032,0.0261575083159836,0.0266179225085972,0.0268673389154593,0.0259520517001621,0.261519785416712,0.0268038208607643,0.285893619666065,0.293367790232754
Q9M2H8,1,0.028116675069889,0.0270019142388769,0.0277156561331108,0.0283270910987098,0.0267130056040982,0.25329019112873,0.0280760245912001,0.285413992819988,0.295345449315397
Q9LEA3,1,0.0219830900917661,0.020881788965244,0.0215753903228905,0.02224541013647,0.0206027922864051,0.257960159022321,0.0219399456479343,0.305843598229801,0.306967825297168
Q8S897,1,0.0310856650285035,0.0303725986463395,0.0309420432044491,0.0308698275890107,0.0300969435074381,0.205088958676089,0.0310865307322285,0.304499167050619,0.305958265565323
A0A178UXQ0,1,0.0198395639336148,0.0194075218438627,0.0197568449566639,0.0196985831812071,0.0192373650101225,0.233829638951362,0.0198411282379236,0.322310520135828,0.326078833749415
Q84TI7,1,0.02006318902735,0.0194937249176826,0.0198888160416394,0.020096131698845,0.0193167306973523,0.276677917570226,0.020049344893376,0.30119477804647,0.303219367107058
Q8LF65,1,0.0383834827016325,0.0358798877280154,0.0374007580548067,0.0390931834650402,0.035298078507741,0.210669378792686,0.0382733800881731,0.281900473188646,0.28310137747326
Q8GWL1,1,0.0178331792656121,0.017340274261948,0.0176806607874231,0.0178665926238158,0.0171898351127855,0.223135758198171,0.0178207912701489,0.334739388821664,0.336393519658432
AT1G04463,2,0.0649069252901529,0.0635512399410228,0.0645617045566755,0.0647112383751514,0.0630901838545988,0.228361390193773,0.0648908868805851,0.189873414991919,0.196053015916121
Q8LCI3,2,0.048040902665098,0.0480485188085667,0.0483823626462239,0.0470185306726291,0.0477818308579093,0.266685968720697,0.0481203975631855,0.218482843277393,0.227438644788297
AT1G05017,2,0.0525632452734425,0.0525146878717871,0.0529134772945336,0.0513585037025784,0.0522228793542794,0.293861204871941,0.0526499489999183,0.19135323180565,0.200562820825869
Q9FZ62,2,0.0565061294643113,0.0551765992006335,0.0561945967830116,0.0562114777049167,0.0547074011404979,0.273701705333837,0.0564971893048677,0.190985162644134,0.200019738423789
Q9LPU8,2,0.060984084354296,0.0600499262511805,0.0609654671750903,0.0601665822470916,0.05956134586903,0.278330726502053,0.0610245891981845,0.175089398179711,0.183827880223362
Q9LMP5,2,0.047917202661294,0.0464860567855012,0.0475737127552876,0.0476424076109765,0.0459824885373834,0.263737825310874,0.0479057574668431,0.222500513281877,0.230254035589963
Q9S7P4,2,0.050873706331716,0.0488648190553346,0.0502459089771698,0.0508808310229449,0.0482820220747057,0.243616147282654,0.0508244691833997,0.225075611880107,0.231336484191968
Q39072,2,0.0408886724073752,0.0383792407623198,0.0398715796312523,0.0417596249791452,0.0378061960711473,0.257077040906695,0.0407693372667194,0.253288820521314,0.250159487454032
Q9C7I3,2,0.0555722455037877,0.0551134826532864,0.0556840686486266,0.0548503447652021,0.0547729023469778,0.253593686136878,0.0556195189282955,0.204051309968674,0.210742441048271
F4HV37,2,0.0625455781256337,0.0611610398617838,0.0621403217147226,0.0625331853657988,0.0607276562455538,0.22276877900152,0.0625164122967573,0.200277165736019,0.205329861652212
Q9LPM2,2,0.0428149821263966,0.0401111086612302,0.0416706298985014,0.0439628735403538,0.0395302269111862,0.257012144291444,0.0426735288219463,0.246702524960612,0.24552198078833
Q8RY71,2,0.0655027460072086,0.0651963924240999,0.0657430159211741,0.0644918107546018,0.0648428017459622,0.259541391892314,0.0655732762366435,0.170922365036009,0.178186199981987
F4I1Y9,2,0.0463746986420739,0.0457740214342642,0.046361054910207,0.0457993341577615,0.0454648473398008,0.280246994567539,0.046402058523968,0.217440393604422,0.226136596819963
AT1G08667,2,0.0542387260514915,0.0536075309007396,0.0541837101491133,0.0538770260856969,0.0533023649879891,0.265598728349584,0.0542550125635153,0.202376632648072,0.208560268263798
Q9SS00,2,0.0677676470864511,0.0675784349098422,0.0681111344875837,0.0665374406596366,0.0672113332371921,0.210463811622442,0.0678573646007497,0.189398098743797,0.195074734652306
Q9SRZ2,2,0.0625455781256337,0.0611610398617838,0.0621403217147226,0.0625331853657988,0.0607276562455538,0.22276877900152,0.0625164122967573,0.200277165736019,0.205329861652212
AT1G09053,2,0.0486803246360697,0.0486666867996128,0.0490207101443449,0.0475846714440625,0.0483959497413244,0.254908495862897,0.0487621085053413,0.223081178168847,0.230899874697501
AT1G09423,2,0.0580603858748658,0.056928971814236,0.0577871189186748,0.0578755048864809,0.0565275473507831,0.260345538290294,0.0580499677593837,0.193738352622508,0.200686612482775
AT1G74205,2,0.0476876084407306,0.044619442447697,0.0464263422609425,0.0487648626041544,0.0439451695437437,0.247192847743769,0.0475388243302499,0.235900443869838,0.237924458758876
AT1G09513,2,0.0625455781256337,0.0611610398617838,0.0621403217147226,0.0625331853657988,0.0607276562455538,0.22276877900152,0.0625164122967573,0.200277165736019,0.205329861652212
Q5XVF5,2,0.0464354252375208,0.0421503579250604,0.0445302562826096,0.0483682261213339,0.0413236425934405,0.261196353366853,0.046193033383998,0.234858105693849,0.234944599395334
Q5BPU6,2,0.068957817068733,0.068437529658368,0.0691309488188405,0.067925333923989,0.0680263358112857,0.244881965295889,0.0690234355056493,0.168152556934382,0.175464076982863
O64538,2,0.0395856005810086,0.0388651417652272,0.0394650320453013,0.0392412513122591,0.0385728826765314,0.278680618823939,0.0395934444142795,0.240993271205624,0.24500275717583
Q9FLR1,2,0.0612959855995248,0.0610451924523147,0.0615268292552254,0.0603869989692515,0.0607250210963333,0.264360950852304,0.061361381767857,0.181130333278215,0.188167306728974
A0A1P8BB23,2,0.0514821245642987,0.0504061720999774,0.0512122411002162,0.0513580922214803,0.0500282095588573,0.23967227647485,0.051469756994481,0.224179639066044,0.230191487919794
F4K2L4,2,0.0580603858748658,0.056928971814236,0.0577871189186748,0.0578755048864809,0.0565275473507831,0.260345538290294,0.0580499677593837,0.193738352622508,0.200686612482775
Q9FMQ5,2,0.062006807138785,0.0619737086542729,0.0623721193258,0.0608848714772092,0.0616669525353102,0.249716770770623,0.062093365684812,0.186255598419719,0.193029805993469
Q9FMX3,2,0.0542387260514915,0.0536075309007396,0.0541837101491133,0.0538770260856969,0.0533023649879891,0.265598728349584,0.0542550125635153,0.202376632648072,0.208560268263798
Q949R3,2,0.060667936934819,0.0601597708734877,0.0607895942570346,0.0598289872890146,0.0597904933925335,0.280473745866556,0.0607204786313255,0.174574368056633,0.182994624698596
AT5G05785,2,0.035971210533562,0.0360969563733941,0.0362665889186297,0.0352338879987255,0.0359154001086701,0.26607460195068,0.036033978063383,0.259131075592947,0.259276300460008
Q9FIC8,2,0.0591403338141288,0.0588967047751347,0.059346646369693,0.0583249642751521,0.0585986204018698,0.237935956220851,0.0591995985786065,0.201510072457909,0.207047103106654
Q9FLY6,2,0.046027737447134,0.0456033227864033,0.0461250317478245,0.0453335402878301,0.0452930659428772,0.267873284307002,0.0460714049142937,0.224758835282642,0.232913777283993
Q9FLE2,2,0.0605697485796049,0.0598811118434869,0.0606201598007314,0.0597404276860626,0.0594689930851751,0.236234302471517,0.0606158034081964,0.198139833021233,0.204729620103993
Q9FLM6,2,0.0575669539372111,0.0545451587434456,0.0564395751346651,0.0581827207494635,0.0538080006547032,0.284418932183325,0.0574481766861885,0.184227455925003,0.193363025985995
Q9FMH4,2,0.0542387260514915,0.0536075309007396,0.0541837101491133,0.0538770260856969,0.0533023649879891,0.265598728349584,0.0542550125635153,0.202376632648072,0.208560268263798
Q9FJ45,2,0.0547250074157149,0.0541384078981653,0.0547891787832037,0.0540148276352682,0.0537640628992527,0.238631473980368,0.0547678283516658,0.214159489327539,0.221009723708822
Q9FGN8,2,0.0590491792970095,0.05499652529558,0.0573612015286935,0.0605344985995492,0.0541316207128145,0.228898854716747,0.0588466342584946,0.209999090180991,0.21618239541012
Q9FGT7,2,0.0708926143410295,0.0699397734723071,0.0708524525246855,0.0700967072798356,0.0694625045958044,0.215599191923126,0.07092952866826,0.178091421182905,0.184135806012047
Q9FM20,2,0.0552000594044035,0.0551368403820856,0.0555304012052081,0.0541622327185427,0.0548331331784738,0.246351178138077,0.0552802236189747,0.20865007768775,0.214855853666484
Q9S839,2,0.0419916500514199,0.0404462357476544,0.0415113652957869,0.0420329204718974,0.0399864115011743,0.272022185589218,0.041953359223257,0.236621555341832,0.243434316777761
Q9SRW1,2,0.0645777839905287,0.0641800321827804,0.0648065093839943,0.0635098204842492,0.0637873974909851,0.268377848543192,0.0646504372485604,0.169051862433435,0.177058308242274
Q6NMM4,2,0.0638264449532857,0.0635677618834403,0.0640974749657711,0.0627674997423513,0.0632147253897682,0.267745027693039,0.0639018242487384,0.171556364250582,0.179322876873024
AT3G01635,2,0.0661040812708367,0.0657382981741346,0.0663377988349301,0.0650486206173427,0.0653582274622256,0.239799595184745,0.0661762678843042,0.179358520198336,0.186078590373145
Q1PER6,2,0.0531021638434529,0.0533476351198995,0.0536538450919596,0.0516303335908481,0.0530466353584463,0.244706376375441,0.053220482211706,0.215167143460725,0.222125384947522
Q9LJF1,2,0.0625455781256337,0.0611610398617838,0.0621403217147226,0.0625331853657988,0.0607276562455538,0.22276877900152,0.0625164122967573,0.200277165736019,0.205329861652212
A0A384L5A7,2,0.0580603858748658,0.056928971814236,0.0577871189186748,0.0578755048864809,0.0565275473507831,0.260345538290294,0.0580499677593837,0.193738352622508,0.200686612482775
Q9SMP6,2,0.0431406055882374,0.0415178554139642,0.0426269088089437,0.0431863521765392,0.0410375826287723,0.25774393917124,0.0430993230011392,0.244494244886134,0.24315318832503
AT3G08370,2,0.0440016634155887,0.0430875710772055,0.0438111421611176,0.0437493372907009,0.0427427691016955,0.266164342507736,0.0440007694637914,0.230702036307245,0.241740368674919
Q9M2Q2,2,0.0521391640652329,0.052333289496742,0.0526079179063718,0.0508135839626276,0.0520782971649863,0.232722617958448,0.0522419220259966,0.224496975096081,0.230566232323513
Q9LX44,2,0.04594564113035,0.0458108712070192,0.046166340314858,0.0452361898116755,0.0455424762121078,0.288612335664614,0.046002014046362,0.214900470873827,0.221783660739186
A0A178VHT8,2,0.0580603858748658,0.056928971814236,0.0577871189186748,0.0578755048864809,0.0565275473507831,0.260345538290294,0.0580499677593837,0.193738352622508,0.200686612482775
AT2G04335,2,0.0580603858748658,0.056928971814236,0.0577871189186748,0.0578755048864809,0.0565275473507831,0.260345538290294,0.0580499677593837,0.193738352622508,0.200686612482775
AT2G04465,2,0.0429109002173741,0.0425157890052956,0.042987497016131,0.0423560756461207,0.0422360743672522,0.282632624198513,0.0429474132162262,0.226279053024077,0.235134573309011
Q8W246,2,0.0545176344935691,0.0540547845419285,0.0546139584469693,0.0538171576427538,0.0537265103823259,0.290567502001319,0.0545618286129438,0.18772634097577,0.196414282902421
Q27GL4,2,0.0488533420518128,0.0480145955990532,0.04870922116068,0.0485438497574053,0.0476709954302828,0.244807577723936,0.0488594303193033,0.228755045411405,0.235785942546122
AT2G05705,2,0.0463663979585436,0.0460088518237505,0.0464599813169742,0.0457105748038184,0.0457444937894103,0.273185411608456,0.0464067766912237,0.221483023271843,0.22863448873598
Q9XIL1,2,0.0366089618806262,0.0354926323321936,0.0362950416062887,0.036560459204586,0.0351307724655977,0.267835833306166,0.0365886486079864,0.255910481690439,0.259577168906116
AT2G08665,2,0.0577950689810374,0.0568812573162327,0.0577330262342593,0.0571488776408956,0.0564365579502308,0.297140085013232,0.0578239546542583,0.17501369953199,0.184027472677864
A0A178VRB0,2,0.0618777758584651,0.0612203637609212,0.0619698769882381,0.0609797777045459,0.0607956331960742,0.277785291553757,0.0619307908077094,0.172448733910024,0.180991756220265
O80940,2,0.0489002895963273,0.0485303444904027,0.0490279700589974,0.0482034448383227,0.0482255709964595,0.303116171239707,0.0489474835466949,0.197836577110979,0.207212148122109
AT2G08985,2,0.0625455781256337,0.0611610398617838,0.0621403217147226,0.0625331853657988,0.0607276562455538,0.22276877900152,0.0625164122967573,0.200277165736019,0.205329861652212
AT2G09100,2,0.0580603858748658,0.056928971814236,0.0577871189186748,0.0578755048864809,0.0565275473507831,0.260345538290294,0.0580499677593837,0.193738352622508,0.200686612482775
F4IJY6,2,0.0469800440102365,0.0471459449281553,0.0473864524756209,0.0458682414960684,0.0469181434192371,0.255051652513981,0.0470682699075435,0.228291417459493,0.235289833789664
AT2G09510,2,0.045838571622637,0.0449481607385314,0.0456282054568928,0.0456512319158946,0.0446310721831691,0.253684107987087,0.0458324700579441,0.233718872697912,0.240067307339933
A0A1P8B386,2,0.0625455781256337,0.0611610398617838,0.0621403217147226,0.0625331853657988,0.0607276562455538,0.22276877900152,0.0625164122967573,0.200277165736019,0.205329861652212
Q9SN28,2,0.0685094359909592,0.0674771652599394,0.0684334744848657,0.0677760745841214,0.066984796508151,0.251851602739552,0.0685408986773836,0.166543359291985,0.173883192463044
P0DKI5,2,0.062006807138785,0.0619737086542729,0.0623721193258,0.0608848714772092,0.0616669525353102,0.249716770770623,0.062093365684812,0.186255598419719,0.193029805993469
Q9M0C2,2,0.0542387260514915,0.0536075309007396,0.0541837101491133,0.0538770260856969,0.0533023649879891,0.265598728349584,0.0542550125635153,0.202376632648072,0.208560268263798
A0A178UT24,2,0.0466290408882947,0.0437288968886262,0.045505603875353,0.0473870169091313,0.0430399047319667,0.274941016632896,0.0465053725296883,0.22381949059608,0.228443656947964
Q8RYD1,2,0.0473645744799748,0.0449200615490918,0.0464207227292917,0.0480736179412059,0.0443294699923883,0.290643111489986,0.0472588649784899,0.21140111506347,0.219588461776101
A0A178UUI1,2,0.0592458255476477,0.0588015189265428,0.0593712469883007,0.0584718799328596,0.0584604664467783,0.275379370338677,0.0592959186440866,0.181612745615883,0.189361027559224
B3H4N6,2,0.0412803288538616,0.0407008128561323,0.04125590117421,0.0408541421477376,0.0403999194247888,0.254454228154826,0.0413019497374853,0.245447471028424,0.254305246622535
P93309_1,2,0.0661040812708367,0.0657382981741346,0.0663377988349301,0.0650486206173427,0.0653582274622256,0.239799595184745,0.0661762678843042,0.179358520198336,0.186078590373145
P56765,2,0.0415977896269484,0.0396632413766747,0.0409099779508,0.0419543593020272,0.0391537273359415,0.273918573534499,0.0415290006533239,0.238212718828845,0.24306061139094
P56774,2,0.054046561396443,0.0533126252188276,0.0540216428486699,0.053462046922501,0.0529338089888148,0.26629446153725,0.0540757635573729,0.202235057448975,0.209618032081146
Q43383,2,0.0458783044276705,0.0429737255054524,0.04462587624145,0.0471646449178347,0.0423630493721339,0.199514561807397,0.0457213675669894,0.272182047069039,0.259576423092034
