ID,Cluster,#1,#2,#3,#4,#5,#6,#7,#8,#9
Q9LNJ3,1,0.0150448461753951,0.48524841586778,0.110021532746483,0.0711712596592279,0.0218443597155163,0.0268607661951474,0.0119450028331949,0.0387043461080772,0.219159470699178
Q0WWX5,1,0.0147418771898419,0.341957697353105,0.173590887681693,0.0998849866687348,0.0124102040260667,0.0291678331030192,0.00764286961517907,0.0183560386243142,0.302247605738046
A0A384KQY8,1,0.0203049551710367,0.405800721118095,0.135242405504264,0.0910904433195458,0.0261133176154672,0.0369628499615558,0.0142655212679628,0.0436671382237174,0.226552647818356
F4HVZ5,1,0.0117458414486725,0.518287507593214,0.100617635500489,0.0621367905283593,0.0169891813188402,0.021490926672963,0.00956367728410986,0.0295536161461101,0.229614823507243
Q9FWY7,1,0.0071044173763492,0.492822108773671,0.102720970721149,0.054245189001208,0.00845338482434235,0.0143672302099383,0.00486200279213293,0.0133024226452079,0.302122273656
Q9SA60,1,0.0149077487021404,0.33983395681669,0.164583756290443,0.0997540272468985,0.0173551770223218,0.0307898287362571,0.0100804339437975,0.0267919474463354,0.295903123795117
A0A384LKA4,1,0.028242184976324,0.2767307554238,0.181473169989788,0.126460072330507,0.0284192262464131,0.050105969942567,0.017183873449288,0.0430625818706473,0.248322165770665
A0A178WGP9,1,0.00852817246209436,0.398642071509966,0.128771255089249,0.0688209434304223,0.00969241409580058,0.0175228160432134,0.00570007082705068,0.0148122909491107,0.347509965593093
F4I444,1,0.0181329234478115,0.425197368165285,0.12637239851535,0.0820244448684361,0.0245226358724482,0.0317306819460456,0.0138534761893582,0.0429003968458545,0.235265674149411
A0A384KBB6,1,0.00540360817419592,0.431853144471904,0.0999620801543671,0.0484058923416823,0.0063848079325745,0.0113747254694393,0.00367880346345779,0.00980153119426718,0.383135406798112
Q8RWV1,1,0.0199906460001749,0.412543819213671,0.136775567775754,0.0894236868008472,0.0232010920182198,0.0353921418762225,0.0130120935417941,0.0385089548971335,0.231151997876183
P93825,1,0.0168395115413633,0.383794835553702,0.145997923707657,0.0918777419993445,0.0205408231494672,0.0325679671847975,0.0118027296174242,0.0332585673578141,0.26331989988843
O23016,1,0.00729708058527247,0.435620875640996,0.108389958661066,0.0577319148293606,0.0110516534841468,0.0152477789731679,0.00609344248373223,0.0179849690388972,0.340582326303361
F4I8Q7,1,0.00714226825842953,0.511976744258366,0.0979766235619429,0.0530367953862149,0.010182550260678,0.0148577483001799,0.00559170293444468,0.0166642625908443,0.282571304448899
P0CB22,1,0.0186499078478753,0.413374036027516,0.130750617730821,0.0851708144451109,0.0244837334263171,0.0330825709532866,0.0139400917107389,0.041991026168916,0.238557201689418
Q9MA39,1,0.00756285712268536,0.596995093512987,0.0799266789450135,0.0463745945793171,0.0112412311775913,0.0145610619540942,0.0061994264505487,0.019467187335813,0.21767186892195
F4IAE9,1,0.0104460332843778,0.499965394601655,0.106845617631923,0.0632915597431635,0.0144004756954684,0.0201599100409699,0.00807344261567995,0.0241270030959753,0.252690563290788
Q9SHJ7,1,0.0206510050155967,0.332616283965159,0.163434150506392,0.105899685563786,0.0262669506265474,0.0390303267967871,0.0145607241143038,0.0421080126142449,0.255432860797183
F4IDQ6,1,0.0137255337110365,0.489519545768217,0.107065196356011,0.0679830980429142,0.0203201882876569,0.0246029109472933,0.011380640927574,0.0360023413154136,0.229400544643884
Q8RXL8,1,0.0076667477001774,0.606478951035985,0.0788103514617381,0.0463049442274427,0.0121614682190245,0.0148634274577659,0.00650016080794365,0.0214781473093676,0.205735801780555
Q42572,1,0.00694741321686302,0.588137559844932,0.083274613188619,0.045602235745777,0.00875992146706467,0.0134803069300323,0.00497046169718499,0.0143977624993517,0.234429725410175
Q42374,1,0.015948959540691,0.350411807273275,0.163666751275154,0.0968658686744633,0.0166162809504401,0.0304639561950037,0.00981700942127728,0.0256025084396207,0.290606858230075
Q9M4B5,1,0.00454630942530453,0.503735499062139,0.0803014870944748,0.0390986399718205,0.00576862337035177,0.00959656413015248,0.00329152830241775,0.00910187961102518,0.344559469032314
A0A1P8AS27,1,0.0220789276621249,0.363789533669005,0.147941137940854,0.0982637755804176,0.0289884632810582,0.0390823372375963,0.0156251509160366,0.0488376262279947,0.235393047484912
F4HZG9,1,0.0146224144060208,0.486873343071306,0.106647919440113,0.0689900252416993,0.0233693690101337,0.0263649390658981,0.0126359011145951,0.0428667307550954,0.217629357895138
Q8RWN0,1,0.0130845350812354,0.385560768032485,0.151525218462003,0.087460951637049,0.0133452966146292,0.0257036607591567,0.00789787002051471,0.0203209370875639,0.295100762305362
Q9SAC6,1,0.0291881487666873,0.281521015724705,0.185707740721218,0.130736486093208,0.0263359947237831,0.0534593396886275,0.0155021234751217,0.0392883594045281,0.238260791402121
Q9C5B9,1,0.0355958116806671,0.262124460591182,0.175953000023707,0.137197482218722,0.0356319402387597,0.0644921319945124,0.0206604568602573,0.051873979808091,0.216470736584101
Q8LFJ6,1,0.00779289224103224,0.528234845723634,0.0928804648645195,0.052182518140307,0.011533773122409,0.0152459331918764,0.00640566937671897,0.0194278902585978,0.266296013080905
B5TYT3,1,0.0200860667446415,0.38356313963395,0.148944090720604,0.0973288642098842,0.0234489657391521,0.0373799245795589,0.0128512152046052,0.0380718190880235,0.23832591407958
Q9LNA5,1,0.021255615841797,0.361603721643215,0.156278237215693,0.102791411386353,0.0238248409234686,0.0399188447960299,0.0132990376948766,0.0380164414241839,0.243011849074384
A0A178WN08,1,0.0157434851686357,0.42468568377248,0.124983353207515,0.0807971219603876,0.0233951425438567,0.0288141721699195,0.0130808157393998,0.0397882631930941,0.248711962244712
F4HNZ9,1,0.0174794032663516,0.427164543886815,0.127276368617703,0.0819410124675073,0.0229159242899622,0.0310577749875917,0.0130958258224335,0.0393222895149979,0.239746857146638
Q8RWK8,1,0.0116418302672392,0.533685545821284,0.101865032350842,0.0621150159100452,0.0139496638150381,0.0213639539493927,0.00802718286096861,0.0232104541598257,0.224141320865365
Q9SAF1,1,0.0179288702729424,0.453058903526542,0.115850736363636,0.0769751320731845,0.0253218835400619,0.0309151039311537,0.014260523541042,0.045287038489979,0.220401808261458
Q6DSU1,1,0.0240719963662412,0.325184450592533,0.152387379995101,0.105414918296748,0.0356536614006146,0.0429243391666121,0.0192374452108711,0.059374402762974,0.235751406208305
Q9LMX4,1,0.0247051802719312,0.343300417352721,0.145225799646762,0.103362084677111,0.0352871567464757,0.0447923027042502,0.0192255453870555,0.0593424958172297,0.224759017396464
Q8H1D8,1,0.0163693045322596,0.454047506721857,0.116208895096742,0.0756120299685087,0.0257167903633917,0.0293455793994166,0.0137292692195608,0.0466393277625699,0.222331296935694
Q94FL6,1,0.0133318699941907,0.510993329060838,0.100986078079963,0.0641056575357514,0.0205751355741468,0.0237244703054822,0.0113190148715698,0.0375000015561258,0.217464443021933
Q9M9S6,1,0.0163943906211104,0.469028773054474,0.115246347826612,0.0756003866755389,0.0235168140158767,0.0296561797019842,0.01265503916665,0.0414298095979818,0.216472259339772
F4HW65,1,0.014198290616055,0.459940045512832,0.125941123849806,0.0777676274320519,0.0145713359240308,0.0266302965349737,0.0086498138647846,0.0229817472646881,0.249319719000777
F4HWB0,1,0.0103660695480354,0.550566831939818,0.0962170421364761,0.0579421342837417,0.0128509889155361,0.0193519340711596,0.00737785127791749,0.0214143776687795,0.223912770158536
Q9LMQ3,1,0.0063626114020097,0.65071977431297,0.0687829595481275,0.039296155083323,0.00859638890588261,0.0122113914613967,0.00483992271499501,0.01450910711014,0.194681689461156
A0A178WF80,1,0.0137939123361676,0.457793434670723,0.113505962737971,0.0716400128440947,0.0212773506491746,0.0251147160290373,0.0119866931404737,0.037301117885546,0.247586799706812
Q3EDA9,1,0.00747337935457792,0.537200686478011,0.0961655172303711,0.0527043602465148,0.00904524115683852,0.0151323223603155,0.0051811656716453,0.0144485041479546,0.262648823353771
Q9FZ49,1,0.00833527684000985,0.499090176813198,0.100963316656357,0.0564017462529885,0.0107529309226652,0.0162998369618789,0.0062405108449998,0.0174363335885845,0.284479871119319
A0A178WIY2,1,0.00837655627513339,0.609032142822273,0.0797177289669844,0.0469603695705696,0.0122072412758727,0.0156015380437567,0.00667947191362022,0.021514887288733,0.199910063843058
AT1G18415,1,0.018905561661526,0.407809031997611,0.126341001471511,0.0850702091826429,0.0295356987267437,0.0339333381023113,0.0161344773178034,0.0529877648544559,0.229282916685396
Q84M92,1,0.00872581076322117,0.528095809090346,0.0945795763965017,0.0546214645902619,0.0128707441415761,0.0169179990178846,0.0072309557949666,0.0219728761573615,0.25498476404788
A0A384LL22,1,0.0211678015132525,0.396740392017063,0.131636791343974,0.0880060986421599,0.0290483964740471,0.0361827554329559,0.0162846859806262,0.0511728832130587,0.229760195382862
Q2NND8,1,0.0188896395325976,0.444673229146077,0.115892667685557,0.0781351077488395,0.0279189511473623,0.0323341146289542,0.015499282269436,0.0507957733059352,0.21586123453524
Q6NNH6,1,0.0105452565246279,0.404963803414652,0.132544548244739,0.0738806596343501,0.0114033219263354,0.0209953232258957,0.00689650675333578,0.0176696414569267,0.321100938819137
A0A178WEA7,1,0.00939407720169206,0.501905178190784,0.105457098350432,0.0611079600341593,0.0136430620599445,0.0185115772790359,0.00744561843399073,0.0227874433064009,0.25974798514356
A0A178WQC8,1,0.00988988752289412,0.556585759554882,0.096241112633997,0.0570401811522124,0.0116389048956171,0.0186630428598493,0.00671861391474036,0.0190332396532561,0.224189257812552
O49596,1,0.0227363061641132,0.389216789890029,0.126349810974516,0.0884112337407254,0.0365049697014198,0.0389897093867465,0.0191600612769794,0.0675379819909534,0.211093136874518
P93047,1,0.00674045302345546,0.579566486084932,0.0833248478430026,0.0459200942423145,0.00890816588171473,0.013408073498641,0.00502756273683737,0.0146870133485609,0.242417303340541
Q8GXA7,1,0.0189377088897201,0.424231045732278,0.124511488815474,0.0834161274577666,0.0286509103221975,0.0337945850734711,0.015121994721469,0.0512875707059117,0.220048568281712
F4HZS8,1,0.02013995297242,0.391640788513488,0.144448877477804,0.0934839508821495,0.0226179102591614,0.0362845245799411,0.0128968157710228,0.0369533554328586,0.241533824111154
Q9SK87,1,0.0191102501241692,0.379005616386117,0.143285040559675,0.094914565401522,0.0281377890224941,0.036747339781644,0.0146875500656856,0.0477679901790548,0.236343858479639
Q8LE06,1,0.0336204764329442,0.28317255186429,0.167682630428838,0.124586831741466,0.0376305616777016,0.0584392599314465,0.0207845302733439,0.0580327267684486,0.216050430881522
Q5XVK0,1,0.0250526264471834,0.278854595076788,0.190056183822568,0.135138697936204,0.0249682824757348,0.0509411213809827,0.0143664445208135,0.0362966391470939,0.244325409192632
Q9ZUE6,1,0.0386886871682851,0.264724833774876,0.158515814891637,0.125419587295552,0.046281385711955,0.0649995962235232,0.0262148147410094,0.0709284448733485,0.204226835319814
Q9ZUB3,1,0.0118124421105949,0.533347779795763,0.0954310185998809,0.0598667076378092,0.0188411608870177,0.0214647845405252,0.010245692689133,0.0343203493136134,0.214670064425663
A0A178WBU6,1,0.0146925557205908,0.386674805383257,0.146380930108832,0.0876726359607238,0.0185858257590946,0.028473351609152,0.0104203625187185,0.0298617308336484,0.277237802105983
O48691,1,0.00974122253206402,0.492392137621692,0.105143929562087,0.0615426135675382,0.0147738795041638,0.0189860727192465,0.0081566489501839,0.0250855387698505,0.264177956773174
Q42565,1,0.0150066644703656,0.456950035926386,0.117862645495297,0.0744091725946931,0.02285591935507,0.0272699255086391,0.0122208992872739,0.0409793528337217,0.232445384528553
B9DGT3,1,0.0298806209442365,0.293831407885407,0.157940270912229,0.115978568142987,0.0424678564594074,0.0533463854903626,0.0222257697237625,0.0686861447570346,0.215642975684574
Q93ZD9,1,0.0156567879209496,0.448152734040873,0.128994997414863,0.0804560568299709,0.0167114983812454,0.0285246041878181,0.00980669061206237,0.0268391245275333,0.244857506084684
A0A178W923,1,0.0111835685582187,0.510003340001017,0.102430221530261,0.0622808601072962,0.0174019674184463,0.0209810923750953,0.00946224711560722,0.0306741844621319,0.235582518431927
Q9C664,1,0.0137314406867691,0.4056187844664,0.135922748082251,0.082008202954851,0.0181416110799544,0.026116459621496,0.0102195078816787,0.0294916965406259,0.278749548685973
Q9C671,1,0.0204691531651016,0.331793903950206,0.172633678948256,0.113098669373471,0.0222882994317353,0.0408105532198848,0.0124667099916791,0.0340488281662716,0.252390203753394
Q9LQX6,1,0.0103065301890285,0.462663299850979,0.124473921098584,0.0689987316117762,0.00984076873878767,0.0201582038017741,0.005901774231624,0.015093043724439,0.282563726753008
Q8S9L0,1,0.0200696511102872,0.330155749265581,0.159815127728608,0.103494568693297,0.0255558436730725,0.0368963392752732,0.0149125615001315,0.0410721348463847,0.268028023907365
P55230,1,0.0174820149643839,0.363828137215767,0.148919069422233,0.095125503838491,0.0196645061303825,0.0323181459561395,0.0120009284190354,0.0309038132371003,0.279757880816468
A0A178W4S3,1,0.0109034683617453,0.467556145719567,0.111431372490809,0.0663854464182522,0.0163694192857398,0.0208172071989079,0.00917538808173486,0.0278157021035874,0.269545850339657
Q93Y09,1,0.0172762833884323,0.311055452254528,0.193375009669898,0.115273444262578,0.0138020632692267,0.0348210276671718,0.00843076834529944,0.0200531562273511,0.285912794915514
Q9FZA2,1,0.0246696608462393,0.375642481931424,0.127729685495048,0.0907236940328599,0.0385920412009562,0.0411048141465474,0.0206790780496034,0.0711225407073216,0.20973600359
Q9SGP9,1,0.0126443735274953,0.391212921038369,0.14116073826454,0.0833649793559745,0.0146724787899838,0.0250961297982427,0.00862939499393774,0.0227618668050091,0.300457117426448
A8MRE7,1,0.0189177033219397,0.297443614831097,0.174548495779998,0.112958225493294,0.0215256306219378,0.0367382748725665,0.0132521863383763,0.0323467247791794,0.292269143961612
Q67XF2,1,0.0144820025355349,0.366571399471715,0.145100915617081,0.0894304211621067,0.0205539512486138,0.0286863287637737,0.0117483191001564,0.0331108694177288,0.29031579268329
Q9ZTX8,1,0.00835718999682388,0.551604470298857,0.0969639732718909,0.0541616670022287,0.00926998119763668,0.0162800479878406,0.00538458028154183,0.0147521476231112,0.243225942340069
Q9C8G9,1,0.0279744999253629,0.294825284248803,0.15992361404342,0.114724276007992,0.0418051718749679,0.0516682578068327,0.0211848881848734,0.0698295138625331,0.218064494045215
Q9C8H0,1,0.0144332658171002,0.404917893848176,0.141210848622491,0.0867355119994949,0.0172586889318151,0.028280743745772,0.00987683132647,0.0273538508102557,0.269932364898425
Q9SA73,1,0.0101415774688069,0.579718069954381,0.0861736379558772,0.0529578148514735,0.015005978900276,0.0185941895078217,0.0082730342167733,0.0267362479721143,0.202399449172476
Q9SY30,1,0.0182123279858003,0.432622760150859,0.125189109366635,0.0825524396570839,0.0241923873892885,0.0323733501359337,0.013583238259148,0.041285865713889,0.229988521341363
Q6NQ80,1,0.0238816267174703,0.338516718555071,0.157247356924104,0.105650271428005,0.0281003332948558,0.0425171024731834,0.0160016972517879,0.0455248550317447,0.242560038323778
Q9SA14,1,0.0123036335738699,0.40829648114096,0.126765595910491,0.0763806578490124,0.0180179209276112,0.0236231847398031,0.0103361842648276,0.0297160815679784,0.294560260025447
Q9C6S7,1,0.0109631498085604,0.443226050264708,0.135851861892508,0.0761262233171089,0.0102704993598959,0.0219974192655456,0.00606377148515919,0.0155308219398161,0.279970202666698
Q66GN9,1,0.0169427460877685,0.457805998031046,0.112851249779762,0.07478566955739,0.0262857095484063,0.029586708503237,0.0144707928661495,0.0480605915525762,0.219210534073664
Q9C811,1,0.0155985862000061,0.423641165325368,0.133498072678872,0.0833929882761765,0.0163499108480722,0.0285349746119506,0.00991207522936016,0.0258580575884308,0.263214169241763
Q67YS0,1,0.0124434732171387,0.48067749437559,0.118214725768846,0.0698869616119492,0.0152041635035007,0.0232524486429056,0.0085259312453086,0.0252645098001928,0.246530291834568
Q9FX21,1,0.00923856093806633,0.548316159181407,0.092156112878601,0.0549538233542095,0.014747618098156,0.0178263557533869,0.00791774024935882,0.0258066877236335,0.229036941823181
Q9XID7,1,0.015749582796285,0.381365711922904,0.15310951326588,0.0942593868541131,0.0160331779439021,0.0308444319549847,0.00955081818399619,0.0244955255261482,0.274591851551786
A0A178W7S3,1,0.0172839793289256,0.403544113313165,0.142051296489091,0.0927555644308796,0.0204834944680873,0.0332054352085706,0.011520439370802,0.0324123519737244,0.246743325416755
Q9ASU6,1,0.0101076835819944,0.547017736911891,0.0926103244530874,0.0563593432376788,0.0156654105580183,0.0189276164625893,0.00857218169265887,0.027740437525503,0.222999265576578
Q9LPD9,1,0.0137291566273286,0.358268546368269,0.148240768692126,0.0882166385417682,0.0155572436735477,0.026517108117834,0.0095369755735569,0.0241123481066842,0.315821214298886
B6EUA9,1,0.0124653568678774,0.413380417905183,0.130397773374441,0.0764133228495198,0.0165672536545202,0.0236225310575309,0.0095339329920465,0.0271998116488712,0.29041959965001
A0A178W2L9,1,0.0128946898359067,0.438957205567989,0.122472194385829,0.0756013173325031,0.0191241027629132,0.0247682635786758,0.0106380600682338,0.0322296683008635,0.263314498167085
A0A1P8AMF8,1,0.0115422504680534,0.549762238750298,0.0970378718484656,0.060157507342184,0.0153675460637566,0.0213035142645518,0.00853716658832162,0.0262780458391822,0.210013858835187
Q9S7T8,1,0.0253870583911563,0.350289738677964,0.146052835278877,0.103539084404023,0.0340980149449023,0.0450367174464555,0.0181681308771524,0.0566636390284893,0.220764780950981
Q949Z1,1,0.027473839538594,0.264687853315951,0.200240511513573,0.138951173945984,0.0227264500917993,0.0514698267966334,0.0136935746836495,0.0328020983675488,0.247954671746267
Q6R3K4,1,0.0176769160770822,0.439772921885416,0.124828458987277,0.0829280576187305,0.0235912854291914,0.03210785504781,0.0129794510629558,0.0397367760541762,0.226378277837361
Q94AD1,1,0.00812055526060483,0.461876372446166,0.109073630476362,0.0592013962744407,0.00939813096189465,0.0161787787001827,0.00557003883473376,0.0147008653083762,0.315880231737239
Q8LST2,1,0.0319559517268077,0.291778792863309,0.15904929832347,0.118246543160809,0.0393218007418987,0.055427172501438,0.0225745760126862,0.0619735461745183,0.219672318495063
Q94AT3,1,0.0183929908787023,0.406401654009389,0.126319585242696,0.083890390852919,0.0276764359116246,0.0326362346890648,0.0157751169740789,0.0490518439403117,0.239855747501214
Q8VY06,1,0.0189264943511919,0.341074662881416,0.15814768785748,0.101346850023503,0.0226962413000012,0.0356947422934421,0.0133481724153577,0.036182966123019,0.27258218275459
Q9FX95,1,0.0191457588466341,0.419036500763387,0.131963671735696,0.0866789975565087,0.025577931029006,0.0342845503884177,0.0136855149479281,0.0436956392367915,0.225931435495632
F4I4Y5,1,0.0120359993338348,0.52358846478674,0.104854859762542,0.0633366944139352,0.0146529736805952,0.0219430876322736,0.00835955752143756,0.0246077846022272,0.226620578266414
Q0WQF4,1,0.0172620810573666,0.467915366811513,0.115266629338888,0.0761129793688567,0.0231088377979219,0.0304605108370446,0.0128685836827144,0.0403745474210296,0.216630463684665
A0A178WKH3,1,0.0182538397547555,0.448519247836667,0.114660114435107,0.0768205088581482,0.0273924669772265,0.0313192462020759,0.0152603310173816,0.0500226780931271,0.217751566825512
Q93XW9,1,0.00798292154293133,0.553743901663407,0.0930663885201514,0.0513993618689012,0.0103760119465092,0.0153656892300552,0.00580228828988062,0.01723182543745,0.245031611500714
Q8GYM3,1,0.0117057287635881,0.470230224113624,0.115728497800172,0.0683590808595671,0.0156791912362013,0.0221214975541179,0.0088350479713329,0.0261325771212563,0.26120815458014
Q9C512,1,0.0150631569944809,0.487507147764196,0.113879141885583,0.0721738584678077,0.0203187200065007,0.0273350699726818,0.0109644290436483,0.0352666552991014,0.217491820566
F4IB81,1,0.0155297823216342,0.477532108718896,0.1134455334293,0.0733324845639166,0.0212818417946776,0.0278744911697589,0.0117866646469638,0.0370101196243305,0.222206973730522
Q9C829,1,0.0086569624863977,0.548327412536824,0.092806868245427,0.0543622576937036,0.0135819065444126,0.017069937936111,0.00727968711367599,0.023499824911107,0.234415142532341
A0A1P8AVH1,1,0.00745387552344055,0.599410898344529,0.0804580049996688,0.0465018729731916,0.0112396577490462,0.014576630316869,0.00609179574144653,0.0193203264083239,0.214946937943484
A0A384L6A6,1,0.0137065656453551,0.500142342266666,0.107921184095846,0.0683441514104645,0.0194980293068941,0.0253125365028534,0.0106850592688947,0.0340238710471865,0.22036626045584
F4HPR5,1,0.0106731241189666,0.542491504928031,0.0987240480539889,0.059295678475268,0.0133071841202751,0.0200669795415415,0.00760328845122551,0.0222386561493576,0.225599536161346
A0A1P8APX6,1,0.0183121908470153,0.34855976770147,0.160120437567284,0.103697132231065,0.0223020073868599,0.0367156104223295,0.0126725305523674,0.0349542588269555,0.262666064464654
Q9MAH0,1,0.03055656853955,0.302268363960546,0.148548248765261,0.110699084583243,0.0458149570792035,0.0529601726295862,0.0236779155584411,0.0770898489759561,0.208384839908214
Q9C8N0,1,0.00816948286274309,0.403769885325539,0.123646102654353,0.0654808773098277,0.00939858264529126,0.0168600614215513,0.00555035077553934,0.014460364777018,0.352664292228137
Q5M729,1,0.0161767441688947,0.447968559049947,0.130350330340323,0.081527379072226,0.0181970772624448,0.0296367605052489,0.0102308518215887,0.0297401155683386,0.236172182210988
Q9ASW8,1,0.0160672153257447,0.460150092185306,0.118035351078809,0.0754507262407628,0.0224625424492249,0.028977750079231,0.0123725023095241,0.0396753431144482,0.226808477216949
Q9FZ36,1,0.00996274584944094,0.414243585642324,0.132193113859987,0.0709016004844276,0.0104704929378278,0.0196524914844831,0.006247867385939,0.0162027173096041,0.320125385045966
Q501H5,1,0.0176070168398822,0.422622096289126,0.12926124541959,0.0835911817266946,0.0211503895609703,0.0310814174111427,0.0125591949968692,0.0349721166854112,0.247155341070314
P62120,1,0.0135061135836821,0.486136808520471,0.106604428034319,0.067347328630107,0.0211432316168937,0.0243391521880751,0.0116949456550053,0.038238027140092,0.230989964631355
Q7DLR9,1,0.00840903251917526,0.486067303902418,0.108501125179741,0.0610525048047139,0.0123472161831871,0.0173817550102048,0.00665441956675271,0.0201200038450814,0.279466638988725
F4I9P8,1,0.019694555501553,0.334639721723772,0.157389700773435,0.102893422173199,0.0245556063947285,0.0370236268819554,0.0146022831512385,0.0389871651690514,0.270213918231067
Q9SLV3,1,0.0190481022229586,0.322144782984848,0.171700044884843,0.112409159695267,0.0228195237061982,0.0393714148347287,0.0128729607638467,0.0350544830752954,0.264579527832014
F4IBB2,1,0.0136072918063943,0.496778076017164,0.109361050161384,0.0682529547009683,0.0195121034303916,0.0248948146720075,0.0105286208559619,0.0343828220282065,0.222682266327521
Q9ZUI4,1,0.0140164065541232,0.321714314171394,0.166968318956577,0.100444202016694,0.0185072309148693,0.029567133502847,0.0105668045882876,0.0287397945805917,0.309475794714616
O22714,1,0.00753531331882403,0.390273472845221,0.119383257906404,0.0621920506737162,0.00928708540707513,0.0156586387148464,0.00543568417544658,0.0144073892387932,0.375827107719674
O64780,1,0.0166821885540669,0.372395948043469,0.148506651870529,0.0941856579542097,0.0211380121934007,0.0318635857930928,0.0121503216211349,0.0337466447920014,0.269330989178096
Q8LE47,1,0.00840638675722402,0.479455296960922,0.104168250461143,0.0578978491076562,0.0106691370196506,0.0164890483146568,0.006237619285919,0.0171924064602405,0.299484005632588
Q6DBE5,1,0.0214857755046767,0.31596627759093,0.16169138218016,0.1095247578904,0.0281294254277524,0.0399805137420311,0.0165468820696613,0.043920671038417,0.262754314555971
O04590,1,0.0109369982230049,0.482680696547909,0.117334621355281,0.0674110802758305,0.0131447893678686,0.0210107627397523,0.00743339563450392,0.021390303196463,0.258657352659386
Q9LQ04,1,0.0147605849326837,0.415043543512861,0.139385205856293,0.0878642489582551,0.019030242686029,0.0295435001737852,0.0103661988113906,0.0303135643465335,0.253692910722169
Q9CAM7,1,0.010659749050439,0.381569969135991,0.132226147636744,0.0751332527928606,0.0138293732207235,0.0209937197057312,0.00817084073510169,0.0219023586884616,0.335514589033947
Q9C8S6,1,0.0265330519224667,0.268584758840248,0.174451432416033,0.130219014691684,0.0385390086434485,0.0533742531511407,0.0204346696660104,0.0579649218408936,0.229898888828076
Q9C8T4,1,0.017808927064011,0.382323301045919,0.148324797417179,0.0933496356558252,0.0212680627419407,0.0331478370695302,0.0120462657600639,0.0343811649950551,0.257350008250475
B3H6Z8,1,0.0125700935115974,0.444324914444495,0.118943927084113,0.0721802348557631,0.0180885338319427,0.0239452692413203,0.0103357226337296,0.0306723563284823,0.268938948068556
P92947,1,0.0170329389284012,0.29571101620991,0.201761085243384,0.121889590752891,0.0161975015178762,0.0355184240069087,0.00926336775145587,0.0235375131171813,0.279088562471992
F4I893,1,0.0111200708205547,0.457814858950961,0.123710426093908,0.0713909773786913,0.0111236813454834,0.0214519258379327,0.00670338789237931,0.0171915193192336,0.279493152360856
Q9XIQ7,1,0.0260012911180492,0.324698721032904,0.158339378992004,0.112891932584782,0.0315875227910706,0.0477950485293764,0.0176077509438181,0.0498056974287322,0.231272656579264
O04482,1,0.0065083221701794,0.501029289021522,0.0954275494688074,0.0507984528996157,0.00958229792185755,0.013583252238757,0.00522561061446613,0.0156489464364471,0.302196279228348
Q8VYI0,1,0.00802276755321793,0.574976742913109,0.0928857954763927,0.0515347122975282,0.00915460280287386,0.0155385124289076,0.00518701257694039,0.0147336747675744,0.227966179183456
Q9SRZ7,1,0.0158211794796538,0.362163672092608,0.165762298557865,0.100656256991206,0.0160327226871437,0.0325930254613883,0.0092417817382866,0.0242888178165037,0.273440245175346
Q9C8D7,1,0.0193096309424697,0.393758636284862,0.140367755938573,0.0915446581808712,0.0265383671848436,0.0358616406945182,0.0140527564009269,0.0451462607523076,0.233420293620629
P0DH95,1,0.0123851340899415,0.51605837357856,0.102898574150037,0.0648887768651303,0.0191749688035015,0.023194983293883,0.0101830924309213,0.033912946516023,0.217303150272003
Q9C524,1,0.0202706118712488,0.388384585762761,0.129084772066154,0.0872637558887872,0.0305864306816602,0.0348770017091192,0.0176415141332586,0.0542148643497309,0.237676463537279
Q9C713,1,0.00913037334604039,0.469018116187371,0.108357109152398,0.0618374085419487,0.0137775818961507,0.0182784601866062,0.00766829960735054,0.0231433960723436,0.288789255009791
F4HRS2,1,0.0143209153054162,0.500388774748878,0.11014657382897,0.0691326080440513,0.0187298198543319,0.0256871110297693,0.0103462693916285,0.0323787956680233,0.218869132128931
A0A178WI85,1,0.00952072981240895,0.370162110041866,0.136138630779705,0.0757384072162131,0.0142721032786675,0.020004515705385,0.00787573645202061,0.0227202836838321,0.343567483029902
A0A1P8ASJ1,1,0.0155017440687952,0.327885110533902,0.1604261735599,0.09837395927304,0.0187821715085869,0.0300135487223191,0.011388290097749,0.0290563218255491,0.308572680410159
Q9FXD2,1,0.0218450917033963,0.344312458156081,0.149825712005029,0.10049805424172,0.029734112359001,0.039827857358458,0.0168619737406795,0.0497715022790684,0.247323238156567
A0A178WIA4,1,0.0248444613167847,0.313137614759931,0.160890047063347,0.11285516665937,0.0332126737503634,0.0464391106330665,0.0183621571781159,0.0531402457178448,0.237118522921175
Q9C9G6,1,0.00763989997886571,0.414034524053393,0.119690369251052,0.0614091418135544,0.0080575167965846,0.0155098028077292,0.00483005687285714,0.0123262491013599,0.356502439324604
Q9LQB6,1,0.015985227859776,0.43516486775088,0.12800332673625,0.0828293521117525,0.0214465226212388,0.029984925518163,0.0118805689559898,0.0355002433992496,0.2392049650467
Q9C793,1,0.0390865638378059,0.257640427596496,0.165384125448286,0.126336360214893,0.0457501711026196,0.0651051351342741,0.024954658989896,0.0716277163631339,0.204114841312595
Q949X9,1,0.0212275867474957,0.343763181034795,0.160080356297888,0.105467938889204,0.0254412432111654,0.04029065252319,0.0142065309587412,0.0405969975495668,0.248925512787954
Q0WL80,1,0.0177969829561535,0.457042474014898,0.117776130446906,0.0781719488488859,0.0234574812233957,0.0310395907088189,0.0132492531506738,0.0406209839441899,0.220845154706078
Q9M9G6,1,0.0189344905232562,0.415903520920342,0.123087402143603,0.0831527663511993,0.0312146041555393,0.0341231640634984,0.0163631740135279,0.0572566177535202,0.219964260075513
Q94AG2,1,0.0140926455831675,0.498401859675576,0.107994489471887,0.0684167357474427,0.02034352289566,0.0254168421923248,0.0110467911700726,0.036188884164946,0.218098229098924
Q94AH3,1,0.0108181141439805,0.39993748031561,0.135607949862215,0.0786894371208939,0.0167713585916645,0.0228147027434918,0.00893647095903917,0.0270933788616669,0.299331107401439
Q9SGE9,1,0.00771648091316131,0.556430589947917,0.0872747502980274,0.0496404871007978,0.0115875699021112,0.0151064211105067,0.00642006989033615,0.0198534874847415,0.245970143352401
Q7PC79,1,0.0152137425492419,0.318457034807031,0.169619864783926,0.100165719416935,0.0196562686036421,0.0298894444019032,0.0111677077314159,0.031002670607492,0.304827547098413
F4HQ84,1,0.0100666478889169,0.562850176673723,0.0933622278241201,0.056206569634149,0.0127324345496737,0.018805941985898,0.00724585997063432,0.0213320593700319,0.217398082102853
Q940M8,1,0.029263865012561,0.292435344453481,0.163862923776545,0.120340823771793,0.0372302438060724,0.0537635111995195,0.0205345217972112,0.0582062803009697,0.224362485881847
Q9C911,1,0.00761615839914534,0.631926870078359,0.0763145039527107,0.0441394648614549,0.00970518323882061,0.0142847918689638,0.00547427560766463,0.0163643749599351,0.194174377032946
Q9CA59,1,0.0157121761911665,0.43558393751531,0.120373574750155,0.0772895021656453,0.0225704588706818,0.0280800811446269,0.0130520402760639,0.0390288426754626,0.248309386410887
Q8L4D8,1,0.0175291775133465,0.457974052141632,0.113703966893165,0.0755752017427701,0.0254681060746867,0.0302446062290716,0.0142928380131185,0.0458631078002734,0.219348943591936
Q9SSF9,1,0.0140425665389812,0.391280845325137,0.146182177325152,0.0868538743625473,0.0189949704070461,0.0275351260160815,0.0102707882082615,0.030921633596856,0.273918018219938
Q9LR04,1,0.00954034193019964,0.396433676735724,0.130390504699356,0.0729080108747454,0.0138510677037424,0.0199338613758958,0.00768786284800423,0.0222426186038539,0.327012055228478
A0A1P8AVM1,1,0.0174089597896608,0.423869070500721,0.121726781638725,0.0800459162595985,0.0258251026993674,0.030461511976017,0.0148689622368628,0.0455834933655845,0.240210201533462
Q9SGR6,1,0.0214707999428179,0.386828070253688,0.13088061196563,0.0904814861676524,0.0338341326910709,0.037865084484354,0.0177681463098303,0.0602451842478125,0.220626483937143
Q6NPN9,1,0.00593373579530038,0.550258751095373,0.0851959319838373,0.0452859463817783,0.00819213223835404,0.0122839802582497,0.00454279296944267,0.0133346240361898,0.274972105241475
Q9SFW6,1,0.0160445443078683,0.387904714337916,0.146526756081595,0.0896679066918186,0.0166184954535193,0.0297288205783992,0.0100642537181033,0.0259445231221637,0.277499985708617
Q8LF80,1,0.0127194999297209,0.37538075966427,0.158248576945341,0.0875672426288516,0.012955149944165,0.0251328823281141,0.00751557343284803,0.0198192517185991,0.300661063408089
F4I735,1,0.0181055162004971,0.323189199057272,0.175190854141799,0.106835676522757,0.0178578313516746,0.034846561224916,0.010761670765576,0.027237545825101,0.285975144910407
Q9CA19,1,0.00636801375872343,0.59096799504515,0.0789711325617454,0.0435109294794021,0.00893781892870052,0.0125397008632704,0.00497697442647515,0.014894545821105,0.238832889115427
Q6NQB7,1,0.0199649198865406,0.385639903813637,0.136613314690802,0.0931262871649209,0.0289640409075688,0.0362020727456425,0.0158080232068571,0.0488959696527949,0.234785467931236
Q8VZ19,1,0.00827970420859685,0.397976662588264,0.118250518558534,0.0639095057204881,0.0115599892583042,0.0169091198275638,0.00664985077706047,0.0184981895717253,0.357966459489463
Q500Y9,1,0.0182304763093881,0.409808910935163,0.130831567393884,0.0854356402719204,0.0282688676742545,0.0331224270800781,0.0146242745120397,0.0500067180578313,0.229671117765442
AT1G79075,1,0.00783201234866206,0.491170825631144,0.104634277454286,0.0577395509917543,0.0110122375896591,0.0161116145086222,0.00604797158261379,0.0178786107480283,0.287572899145231
F4IDI6,1,0.0173610588766621,0.37696109902896,0.146735685672226,0.0957732133909126,0.0240339421324348,0.034232802696754,0.013003868683851,0.0389340086666099,0.25296432085159
A4GSN8,1,0.0214397061313055,0.402942203381919,0.126465181648268,0.0862776197809573,0.0307301638436518,0.0362367467920742,0.017333627992629,0.0551659903729046,0.22340876005629
Q9SAK9,1,0.00443642680134912,0.464519593550867,0.0889845254035816,0.0413655981137288,0.00490451249594633,0.00954130400955532,0.00284004697482517,0.00747190942860352,0.375936083221543
Q9SAK4,1,0.0280838367377175,0.316717724305496,0.152055369617249,0.111938244900255,0.0386630334664232,0.0504539319324607,0.0208094098331312,0.0625762260613649,0.218702223145902
Q9SAJ6,1,0.0170996206826071,0.443233355455762,0.121279240203374,0.0804118342757008,0.0254138166512388,0.031029652696356,0.013577017940915,0.0443484581595671,0.223607003934479
Q9S7C0,1,0.00616015804186062,0.525676952250576,0.0960512578185486,0.0495385513835987,0.00673914564627631,0.0128003905294237,0.00389981111588754,0.0103843889392124,0.288749344274617
Q9CAA0,1,0.0103440801210367,0.551837521574016,0.0973340756241556,0.0584124520974067,0.0123708039106804,0.0194713115120249,0.00711684219550091,0.0203389437061614,0.222773969259017
Q9SSC0,1,0.0191230700265801,0.370596335088016,0.138976242716294,0.0927883397852633,0.0306487252115443,0.0359793962953933,0.0165287420223318,0.0529757129488449,0.242383435905732
Q8VZM1,1,0.00348615382925336,0.725674926812035,0.0489755807814938,0.0253956307402261,0.00445579005883793,0.00694351928265315,0.00250194987151001,0.00727877744632468,0.175287671177666
P93832,1,0.00832439041094589,0.430225082063192,0.116641809216582,0.0618218961868477,0.0111221862867303,0.0165952631199248,0.00629090189538784,0.0179604780573935,0.331017992762996
Q8S4F6,1,0.031338738415556,0.308611195354647,0.14925343991277,0.111315793682676,0.0421788562519928,0.0534423305707872,0.0228222529539932,0.0697337170269651,0.211303675830613
Q8GUN8,1,0.00974004264385826,0.513107088204977,0.100210751228887,0.0587485647084796,0.0138107854139678,0.0186712063785899,0.00784512503226909,0.023419408330927,0.254447028058044
Q9M024,1,0.0186208079979995,0.419611455552026,0.138589845190998,0.090063817644058,0.019167033672029,0.0338879080626803,0.0111071048526746,0.030407352970626,0.238544674056908
Q5E913,1,0.0140625114584339,0.354979555174168,0.164855258359637,0.0967867906634274,0.0122493789789461,0.0280031790983656,0.00756840405141746,0.0180473342166238,0.303447587998981
Q9LZ57,1,0.00917766107731805,0.453935060033073,0.1100913191859,0.0626809001906499,0.0138625212974581,0.0182901314098328,0.00777340759211491,0.023096936341779,0.301092062871875
A0JQ00,1,0.0113784273161817,0.477264875100264,0.109189084911137,0.065794907171357,0.0171242007855428,0.0216013533627689,0.00960629952688484,0.0294074412351677,0.258633410590696
Q8GXF8,1,0.0216888492354498,0.398050081079802,0.122795498900588,0.085068371006315,0.0353641023353849,0.0367266653524356,0.0191530456357697,0.0658902694162092,0.215263117038045
Q9LYY8,1,0.0146664595682167,0.488178979960394,0.108038587416132,0.0697482570490324,0.0217454214975063,0.0261336631492092,0.0119946072198679,0.0387926120073338,0.220701412132308
Q9LYW9,1,0.0209807393715133,0.413008668450207,0.123844733914971,0.0853723243844163,0.0318304048687078,0.036368636512821,0.0169963144329735,0.0573175389946844,0.214280639069706
Q9LZG0,1,0.0106732896357127,0.544173934084362,0.0946344083337591,0.0581645191946961,0.0162697138598244,0.0198874722795267,0.00885155441927135,0.0285350900895807,0.218810018103267
Q9FYE5,1,0.00983106401678429,0.561982123001864,0.0920863402373169,0.0557487969752161,0.0150745310464847,0.0189697221930126,0.00801893331408437,0.0264263210465067,0.211862168168731
Q9LZ82,1,0.00454265099766027,0.572166138573235,0.0729565814570047,0.0369882248961861,0.00628320305127908,0.00952766311944484,0.00348217661132604,0.0101499322700761,0.283903429023788
F4JWA5,1,0.0149709913268766,0.485058866261994,0.10804473560799,0.0697148369790169,0.0223923285669551,0.0266767237822516,0.0123983389099299,0.0405687936069894,0.220174384957997
Q9XF67,1,0.0130602815157484,0.469628984208464,0.112572619341495,0.0699853501647129,0.0192104213367329,0.0241809528761619,0.0108649892372259,0.0331636272301759,0.247332774089283
Q06850,1,0.0172762281016161,0.458797000740173,0.114603075244868,0.0755653104486697,0.0268942222440676,0.0302883502749466,0.0141295230440913,0.0494356627901452,0.213010627111422
Q38906,1,0.0115469017652718,0.492197075534228,0.115499235973721,0.0696237334602298,0.0142731372976225,0.0225686232274513,0.00795695307928919,0.0230423671902206,0.243291972471966
P38558,1,0.0131766590099203,0.454659826797547,0.117540111318573,0.0720168785841126,0.0184601992975431,0.0242181285861323,0.0104807689121324,0.0315312878901612,0.257916139603879
Q8VY67,1,0.0133007471303055,0.387367121196855,0.145971652656614,0.0854570401148554,0.013373752828512,0.0258386905093064,0.0081344776951778,0.0204246163173142,0.300131901551061
Q8L7K4,1,0.0213282935472589,0.403630337290441,0.123209527668466,0.0840910464386639,0.0339428203221728,0.0361292493991513,0.0182731170446265,0.0638146014026567,0.215581006886564
Q38798,1,0.0166978571534157,0.468302510362728,0.110726846110906,0.0728138148002977,0.0267448843509044,0.0294453022024,0.0140903581067824,0.0505345443433967,0.210643882569169
F4K836,1,0.0165361119100348,0.339540477768897,0.16449020251788,0.099973840097949,0.0186521603310639,0.0320117425748399,0.0109902680562699,0.0290640182909885,0.288741178452077
P50287,1,0.0122288356056712,0.368923710091981,0.148510036071179,0.0874408731776075,0.0167849989286069,0.0256359933835476,0.00931871455224394,0.0266256151853883,0.304531223003775
Q9LEZ4,1,0.00962212889053295,0.483346374405558,0.107462425742922,0.0616190117062133,0.0126482264264842,0.0187185501599159,0.00731230210645923,0.0207031951957627,0.278567785366152
Q9LEZ3,1,0.0195519332039534,0.416875471351402,0.1214518449701,0.082983717926987,0.0317898530382928,0.0343466399158675,0.0169056492648584,0.0585658099793274,0.217529080349213
Q9LEY1,1,0.028176322047649,0.32539576534065,0.144670116060042,0.103410288030727,0.0414977466445453,0.0478682856249289,0.0219861359563426,0.0725853406647431,0.214409999630372
A0A384L5D5,1,0.0140014115429217,0.497393908835971,0.104213315199875,0.06726719048977,0.0227272207460324,0.025255707626701,0.0121397530024436,0.0415662702538883,0.215435222302397
P43292,1,0.00429089059938565,0.614163943017557,0.066636289328292,0.033728808564729,0.00546470558653188,0.00888430084734419,0.00310033834274759,0.00878812114979619,0.254942602563617
Q304A0,1,0.0245070406483702,0.314734407714794,0.170935091998021,0.119206944862902,0.0268600542505826,0.0464304084354452,0.0152245214436224,0.0404691583393891,0.241632372306873
Q93VM9,1,0.0130142606285567,0.512139107070863,0.103892215210835,0.0648219494716558,0.0195924889725491,0.0236352731746037,0.010500316687366,0.0351403931997742,0.217263995583797
A0A178UQA3,1,0.00825543536525454,0.396368602218523,0.126942466512,0.0659543193247358,0.0113013580218387,0.0169303008289765,0.00625728393731547,0.0179400853009516,0.350050148490404
Q9LX12,1,0.0145918634742199,0.368578469738256,0.162682974745406,0.0948220901555749,0.0131662384255527,0.0286347566424282,0.00789132325203118,0.0197585707171457,0.289873712849386
