ID,Cluster,#1,#2,#3,#4,#5,#6,#7,#8,#9
Q9ZVT7,1,0.419768565925357,0.260539544689557,0.0635973852341664,0.0131030729165109,0.00844959802186849,0.017941801965786,0.181713405711849,0.0140160404816583,0.0208705850532463
AT1G04183,1,0.439857670487454,0.158041219797355,0.0451260078075016,0.0122951354079816,0.0077126656493782,0.017717456172795,0.285688330210129,0.0115214001344828,0.0220401143329233
F4I2H7,1,0.30871219317247,0.223497044403265,0.0962129095486819,0.0206330477975259,0.0140707426400459,0.0278788833638528,0.245200350002881,0.03032028263076,0.033474546440518
F4I443,1,0.419075404826566,0.157053676219709,0.0452611204833985,0.0121931819247571,0.00761326440663695,0.0176419229291022,0.307059064750575,0.0120417073737388,0.0220606570855169
Q8RXN1,1,0.52070304293672,0.208767791794095,0.0426695079451495,0.00782412846632107,0.00506478231017064,0.0107798805822536,0.18183557945497,0.00951124739560189,0.0128440391147182
O22690,1,0.364229182454099,0.141666174315014,0.0467859473234758,0.0161127945369858,0.00963179199411071,0.0242352577625989,0.35339242105128,0.0127573906069408,0.0311890399554948
Q940J9,1,0.480611788041937,0.138813012269772,0.0368086397992115,0.00930574792253669,0.00564851383089446,0.0136071957806006,0.289638631241493,0.00869307075371125,0.0168734003598432
F4I5Q6,1,0.283353117938127,0.200105154823467,0.0931136711293604,0.0271088274414437,0.0156857271584439,0.0401692300455491,0.265302947464068,0.0269934945886443,0.0481678294108964
Q940Q1,1,0.337096558056255,0.229676135315636,0.0876252922349624,0.0131816779841951,0.00867073347195189,0.0179854440997383,0.261812002473527,0.0223537113549796,0.0215984450087546
Q9MAT5,1,0.561765398980955,0.16197066030041,0.0345941834012819,0.00626125182364055,0.00407844140163974,0.00865222677042066,0.20424277015272,0.00794735800256566,0.0104877091663659
Q8LAC4,1,0.401064314172614,0.220933336258214,0.0647487392437306,0.0143353580226656,0.00859068919043637,0.0204982075930543,0.231774635430577,0.0138583249769222,0.0241963951117863
Q9LNC9,1,0.386907625069881,0.187120876390122,0.0597859484989385,0.0128064482198819,0.008455722966966,0.0176121872451292,0.289435930900758,0.0162483297292553,0.0216269309790683
Q9LMI1,1,0.417500979093543,0.120761597749715,0.0346162045995217,0.009491617019619,0.00582510872410108,0.0139201685021915,0.371165623774817,0.00899552381994054,0.017723176716551
Q8H1U4,1,0.361442755775853,0.179840260461984,0.0627124651221567,0.012886548254662,0.00829582738927554,0.0180725987587999,0.31785254894586,0.0164462683240124,0.0224507269673958
Q94B48,1,0.4029017658465,0.274708415836614,0.0680671235722541,0.0098510481600103,0.00661781881739929,0.0131915348014312,0.193932492770245,0.0151636090097544,0.0155661911857919
Q8H1S6,1,0.446804951692358,0.178513241512988,0.0496894981958448,0.0115094807572101,0.0073820777241586,0.0161879616143278,0.257780710785889,0.0123084663749997,0.0198236113422237
Q8VWZ8,1,0.355213850653766,0.183680901727514,0.0630150803049304,0.0189186642240811,0.011019151743363,0.0280240538819955,0.290273762501521,0.0155475490643289,0.0343069858984999
Q9LQQ1,1,0.43348311719592,0.167357461939048,0.0465733845527573,0.00888259467289946,0.00576767090980114,0.0123778411925919,0.29870477330834,0.0115646241198546,0.0152885321087874
Q9LQQ4,1,0.427030422267838,0.300805459130368,0.0616230079443509,0.0100301054794164,0.00659632172012781,0.0134935600898833,0.152282891982985,0.0126010492731625,0.0155371821118674
F4HW04,1,0.342367235833429,0.192087663781627,0.071791890811104,0.0146237942600744,0.00960482495302643,0.0203196958321713,0.303083618381404,0.0210119904279104,0.0251092857192531
Q9SJF1,1,0.480317427295582,0.214243811213311,0.0484722653374247,0.00957610379220941,0.00614766796884479,0.0132727805658754,0.200984069944269,0.0111558666275526,0.0158300072549314
Q4PT37,1,0.312978635069831,0.250247783681107,0.102682413085755,0.0180281196284403,0.012375354498865,0.0240451572533307,0.221520867945542,0.0296605692461422,0.028461099590988
Q43291,1,0.441046746169085,0.158391129905556,0.0445109546384808,0.0112600576234648,0.00724696177008768,0.0159685239267853,0.29005158274998,0.0116795032261328,0.0198445399904273
O04486,1,0.372021562749863,0.187378543870195,0.0594115635219986,0.0101084544338821,0.00649757292428634,0.0140379732224145,0.318711567470394,0.014623644937005,0.0172091168699615
O80594,1,0.393388866255436,0.24457591575628,0.0683141371404896,0.0163670745483693,0.0101508968790581,0.022855108201708,0.20245943529809,0.0153796107813452,0.0265089551392247
Q9XIK4,1,0.488423876078384,0.244606154927857,0.0490701625633565,0.00762376793414468,0.00505609689613386,0.0103410887586171,0.172073957205119,0.010555144892925,0.012249750743463
Q8L840,1,0.436004425762125,0.303653705254655,0.0582814498070772,0.00802831749647325,0.00535001928277783,0.0107525987313084,0.153533754152949,0.0118622410813926,0.0125334884312424
F4I7D7,1,0.400304166464949,0.291932289153867,0.0695074003075843,0.00999828588665358,0.00634031757091207,0.013597287404638,0.179169221938459,0.0133631436745001,0.0157878875984372
Q8W4M5,1,0.477509698670674,0.13317796531328,0.0333414270771544,0.00683541685493102,0.00423814711576586,0.00976976736031458,0.315231676559418,0.00781027524085104,0.0120856258076107
Q9LNB6,1,0.523223501879077,0.188280399119872,0.0414191008111559,0.00840793835008841,0.00520426485295322,0.0119203067292375,0.198496595312476,0.00880059627926203,0.014247296665879
Q9SB00,1,0.310766781990611,0.26843689021751,0.109140039665689,0.0137659757337613,0.00907155113600153,0.0184795084782047,0.222162930110306,0.0264738418035091,0.0217024808644076
O82567,1,0.459976683682397,0.157818430165093,0.0435569607325139,0.010356036270091,0.00651182292546002,0.0148387636594291,0.277947410798394,0.01062657486855,0.0183673168980727
Q6NQI8,1,0.367275315033869,0.189466559313035,0.0620565395293317,0.0153759437771877,0.00911502168846854,0.0223806126590494,0.292461887620821,0.0146402846084774,0.02722783576976
A0A384LHK6,1,0.42411666971479,0.205196646553285,0.0573478693864402,0.0122016290784862,0.00814976356347124,0.0167142276780012,0.241215828992916,0.0148279886202525,0.0202293764123579
Q9LMF3,1,0.367641721713093,0.204322876720571,0.0666634387841135,0.0164952411194981,0.0102379222968415,0.0232762649606824,0.266758505880597,0.0166486984962493,0.0279553300283547
Q66LG9,1,0.376025654451135,0.179151611581414,0.0604159502486765,0.0172233293726378,0.0106482674144576,0.0249424238933005,0.285103639552901,0.0156519437087896,0.0308371797766869
F4I4G0,1,0.276542823930955,0.195039425772087,0.0979457121670251,0.0294288263003037,0.0196993649004239,0.0404660180745444,0.25852274093166,0.0327413357474111,0.0496137521755901
A0A178W458,1,0.359958413556539,0.15360742709321,0.0527410141907044,0.0160226224280036,0.010149830732808,0.0231872870161049,0.339589222639476,0.0151461670210427,0.0295980153221118
Q9LNP2,1,0.346145251083386,0.242421447326774,0.0828715599205871,0.01768573969176,0.0110960331453346,0.0244065175906172,0.22638448460257,0.0203279191776105,0.0286610474613607
Q9SMW7,1,0.482273319384813,0.163703939454178,0.0420340227351283,0.0103357913776082,0.0065427187075617,0.0147144192864625,0.252036024391879,0.0103028853874281,0.0180568792749415
B3H5A8,1,0.270325784260839,0.195273682629757,0.10230564823455,0.027553024138662,0.0165588113716905,0.0399500681179423,0.268053268839437,0.0317290187754318,0.0482506936316896
Q8LC68,1,0.48526447961516,0.167348720670039,0.0415409437191128,0.00698239898937921,0.00458420975208317,0.0096234022048763,0.262847435983025,0.0100284353924095,0.0117799736739152
Q9LN49,1,0.340323578639225,0.219684169622138,0.0788022898246063,0.0166572104946227,0.00994579044270777,0.0236813822791418,0.264884600392208,0.017886991888066,0.0281339864172837
Q8L5Y2,1,0.329806604584488,0.242179707067617,0.0883411029280691,0.0219756502656599,0.0131934140511784,0.0308735131636855,0.218149130961463,0.0201135904947051,0.0353672864831335
Q9LNS7,1,0.58730746193227,0.150488502557638,0.0316297009527189,0.00619865754400706,0.00398802431411014,0.00865030683398626,0.194026006413629,0.0072282549052867,0.0104830845463535
Q9LN22,1,0.450750773444359,0.204386567887026,0.0515157112001745,0.00955121521175186,0.00605249359752611,0.0133338326652085,0.236805489525171,0.011593668152827,0.016010248315956
A0A178WCI1,1,0.388388471993504,0.205808297357969,0.064225941221413,0.0110190513728945,0.00737076383533908,0.0150218081710835,0.273046293785761,0.0167804748824822,0.0183388973795543
Q9SYP2,1,0.592262127612935,0.164228390039618,0.0317823478757548,0.00540578956119494,0.00342244509117636,0.00754585851016694,0.179618237757668,0.00667328213196322,0.00906152141952229
Q93ZX1,1,0.406045751441818,0.184374283413171,0.0556099938973607,0.0116194986778481,0.00774906793109788,0.0159788961863962,0.28390056448098,0.0150321031325695,0.019689840838758
Q93ZH0,1,0.457102783673495,0.226967004862454,0.0548851110711192,0.0104172202052271,0.00669275359481495,0.0144775281064542,0.200242912232938,0.0120058934702258,0.0172087927832719
A0A178W8R5,1,0.293313127257974,0.245377164102485,0.114020292595674,0.0184641256740063,0.0123812622577467,0.0248532255150064,0.22894027718284,0.0332210064135902,0.0294295190006766
Q8GYF7,1,0.477573654922485,0.292082240895043,0.050441734824793,0.00696384389583112,0.00458682763381141,0.00936359643010864,0.138351532511282,0.00976081580399877,0.0108757530826466
O04450,1,0.561919006151537,0.0844564090988758,0.0199089534791412,0.00434997265224136,0.00274086980687208,0.00623245269135298,0.307706554275581,0.00485335745440739,0.00783242438999081
Q94AK8,1,0.47801381817711,0.0995610635071212,0.0254857314460385,0.00613575226858748,0.00384718881869054,0.00885547492030989,0.360444104019778,0.00645168809587925,0.0112051787464846
Q9FRI1,1,0.275283576492835,0.21297694413501,0.109585582923048,0.0222513522592362,0.0136153930212834,0.0313416854455803,0.268001093118237,0.02929066323409,0.0376537093706796
A0A178W6H0,1,0.330502819887107,0.218552372239506,0.0843484011899364,0.0188523711399613,0.0121116239399231,0.0258694873104489,0.256057562791534,0.0227280275939092,0.0309773339076744
Q42351,1,0.373776771308498,0.132210913092673,0.0418784946840893,0.0134647516173175,0.00828272286389808,0.0199060365035326,0.373209484274728,0.0116377239014975,0.0256331017537662
Q93VI3,1,0.481656921374043,0.168002694745429,0.0427728003728859,0.0103237727346827,0.00653779280191684,0.0146650931650962,0.247727025160513,0.0103684667745002,0.0179454328709325
Q9CB03,1,0.388730106016376,0.236503679319542,0.0731747185766817,0.0133204419988271,0.00874108553342033,0.0181418441343949,0.222574386190199,0.0172497651037945,0.0215639731267648
Q8VYS4,1,0.498795538179173,0.126777092988634,0.0317064379276396,0.00730549032607109,0.00451177522557244,0.0105598862371368,0.299674459435471,0.007526038869855,0.0131432808104464
F4HWL4,1,0.392627774348558,0.166975036641534,0.0513171046731487,0.00928319571642308,0.00596234941993119,0.0130080661593757,0.332129525578549,0.0126187545253911,0.0160781929370898
A0A384LP37,1,0.446553426764472,0.241063088017436,0.0583032109750988,0.00997336316823995,0.00667175263100314,0.0134758105616838,0.194603960467146,0.0133987182267804,0.0159566691881389
Q9LP53,1,0.39141568131003,0.143651561998809,0.0441252241013642,0.0128366900924444,0.00797687115478136,0.018605947829071,0.345871813372937,0.0119980276048149,0.0235181825357483
A0A384L4E5,1,0.397021665584802,0.221339732487625,0.0646959911141502,0.0164687701842372,0.00999872213661597,0.0235322492118926,0.224568084964164,0.014673597578186,0.0277011867383272
Q8L6Z7,1,0.48112511599694,0.16312744224229,0.0412834619606242,0.00952869253395269,0.00605205502654548,0.0134589076544159,0.258648038725666,0.0102651746156628,0.0165111112439031
F4I366,1,0.578712243048441,0.109027280909847,0.0251332057669935,0.00531070103038636,0.00333516814539556,0.00760071065202159,0.255592503882867,0.00585656797705188,0.00943161858699662
Q8RWS4,1,0.518820145253698,0.211354372488904,0.0431866941140884,0.00819003078327424,0.00521543188166759,0.0113639310367172,0.179143101436405,0.00925465309939528,0.0134716399058505
Q8VZT8,1,0.369440451483677,0.241672841705296,0.0744013599404894,0.0186124175023446,0.0114913082296237,0.0261045715703801,0.210792747205337,0.017182355733109,0.0303019466297436
A0A178WK34,1,0.39159402312314,0.278101198622014,0.0734442822058349,0.0139204201125456,0.00880282149372618,0.0192022207150299,0.177940252350519,0.0149055409874084,0.0220892403897826
Q8L868,1,0.299452934548802,0.204361388606414,0.0939857802783825,0.0208701431972816,0.0128562426787415,0.0300230426489914,0.275329353139615,0.0265503067020514,0.0365708081997207
Q9FDZ5,1,0.407490869468209,0.16664025504451,0.0490253943184918,0.013562064874441,0.00831571287637061,0.0197014733757813,0.298370903558645,0.0124309085504431,0.0244624179331088
Q9FX24,1,0.277442253758267,0.22104148455969,0.107336202577914,0.024437934272449,0.014877304110473,0.0342904372640112,0.25026103631646,0.0296520475770833,0.0406612995636525
Q67Y14,1,0.425561043054489,0.273673692739169,0.0621854470993347,0.00884424478113343,0.00562335182265812,0.0120472238259119,0.18577882145511,0.0122097910870683,0.0140763841351256
I3XHK1,1,0.314867982815261,0.211301498835772,0.087643362526324,0.0222238503349729,0.0148961495021693,0.0305226485459442,0.254236571035353,0.0272142343532974,0.0370937020509059
Q94A09,1,0.383110033752945,0.172307325000005,0.0561167363540553,0.0137962962665757,0.00873910666885049,0.0195014075303794,0.307443035706008,0.0148949240588769,0.024091134662305
Q8GXG9,1,0.606841768399672,0.153424226421869,0.0303705182602292,0.00534812640405213,0.00341795034747627,0.00744147724673136,0.17762769370212,0.00657585847830808,0.00895238073954261
Q9C641,1,0.473326400717373,0.254896743082728,0.0526113714207108,0.00871837860250015,0.00543336941762059,0.0121257921997523,0.168686322128828,0.0100479557143522,0.0141536667161353
Q9SX79,1,0.406354388211416,0.294180864159697,0.0680185619070722,0.0119606448548002,0.00767231986727036,0.0163154233932581,0.163124321010222,0.0136078133100026,0.0187656632862615
Q9SX80,1,0.419092762518175,0.227260457468732,0.0607852620809052,0.0139963656760325,0.00889858992597051,0.019543224738225,0.213057425272305,0.0141888526879108,0.023177059631744
Q9LNH5,1,0.406914148836005,0.150772496118658,0.0457016461708837,0.0115740910264837,0.00727155998782625,0.0165994070216214,0.328353822709174,0.0120008005703038,0.0208120275590436
Q9XIA7,1,0.443801544052184,0.158156459254135,0.0442238687472669,0.0117244288108448,0.00736373611615754,0.0168502870242488,0.285701044687499,0.0112764413290374,0.0209021899786258
F4I3B3,1,0.561125045795969,0.0921066196641979,0.0215124144001757,0.00456362014431721,0.00286182491249195,0.00653405918926379,0.297998255768713,0.00513839114156931,0.00815976898330238
Q9FXA2,1,0.452971415943654,0.142431286466388,0.0387217599837618,0.0101701357980696,0.00630320381541131,0.0147267079833729,0.306598550700368,0.00970379592370133,0.0183731433852725
Q6E295,1,0.372930413086649,0.230104807124615,0.0740256048455501,0.0166693350685571,0.0103597979731892,0.0235707031751551,0.227571242228088,0.0168735673783178,0.0278945291198791
B9DGT7,1,0.407303643790137,0.162310760031495,0.0484240578229823,0.0123231369695462,0.0073586500223197,0.0181307460174,0.310218383900062,0.0114996436802557,0.0224309777658031
AT1G50055,1,0.272580785520655,0.212552800206817,0.115161416304546,0.023421994680629,0.0158002958368431,0.0313848711387313,0.253233867719779,0.0381132367059774,0.0377507318860217
Q8L7T3,1,0.400924787805466,0.199718568273029,0.0595232301754296,0.0116125085970134,0.0073415116496717,0.0163534546268502,0.269708964601604,0.0150062681003752,0.0198107061705609
A0A178WEY5,1,0.406217328867174,0.225581137399364,0.0645932042875137,0.0155505641801065,0.00959474286251811,0.0219815954664514,0.216072591281843,0.014596908278058,0.0258119273769711
Q0WNW2,1,0.469978121202747,0.119265533450649,0.031800683328937,0.00756743823450507,0.00464496117349405,0.0110234020752433,0.334176050137017,0.00768722859392963,0.013856581803478
Q9S9K7,1,0.490903218203033,0.211424970406631,0.0471381255506171,0.00898905230891667,0.00584066023946304,0.0124005307663779,0.197832038470959,0.0106771337646289,0.0147942702893728
A0A384KZR6,1,0.404191929904556,0.141978896780225,0.0422305845816588,0.0105758716463229,0.00677390670848351,0.015040186863527,0.348844197787082,0.0114350949192018,0.0189293308089424
Q8VYB2,1,0.283882093141719,0.232213589387417,0.111613748402668,0.0238291116143137,0.0146341402723801,0.0331162911520176,0.233430060923655,0.0288913905074613,0.0383895745983676
Q682Z1,1,0.395213296756963,0.153677955478455,0.0469730097338016,0.0127813462578304,0.00799285189939744,0.0185545746002593,0.328454279820791,0.0129561644545983,0.0233965209979046
Q944S1,1,0.367618030532573,0.208629703501536,0.0700360563036848,0.0151759767958747,0.0102328184920791,0.0207317778724885,0.263080199667557,0.0192976093119672,0.0251978275222392
Q9XH48,1,0.485642179732826,0.173468166667161,0.0425595979221025,0.00940759071742902,0.00585776874383764,0.0133344298114937,0.243554070118558,0.0100274151837304,0.0161487811028624
Q9SXE9,1,0.354546019791765,0.198496588506895,0.0679092075067606,0.0170041821420912,0.0103266877656443,0.0243927328427055,0.281139640145956,0.0167171239015282,0.0294678173966547
Q6GKU7,1,0.456682716978688,0.290258139868671,0.0551396293592513,0.00815878386872521,0.00546734419318026,0.0109066173563836,0.149265092723781,0.0114216241828005,0.0127000514685194
Q9C6H3,1,0.373628344218995,0.220017297553731,0.069057850629649,0.015161754168881,0.00975917934318378,0.0209549415781327,0.249032071028802,0.0172478506416585,0.0251407108369661
A0A1P8AUY4,1,0.36054803494406,0.261078630990154,0.0835139789643576,0.0115487361792687,0.00786124408862216,0.0154045792139978,0.221052873899497,0.0206745346116168,0.0183173871084253
F4HTR3,1,0.351765972198751,0.264325830899479,0.0868008235361506,0.0171706342954011,0.0115796352125387,0.0228584066427331,0.197644426477149,0.0213920532185962,0.0264622175191999
Q9C9X0,1,0.547718633199453,0.176970082703919,0.0380110970519652,0.00613980389485685,0.0039485834059139,0.0084815543697399,0.200355153210701,0.00815865628217742,0.0102164358812734
Q8LJW3,1,0.348856338670452,0.186031118913647,0.0668831840195886,0.017371211190731,0.011402262044566,0.0241929777657747,0.29615512727063,0.0192206475301274,0.0298871325944833
F4I0J1,1,0.59030941565281,0.169893889105051,0.0333357489457174,0.00588797701816525,0.00378010799785335,0.00817297134607038,0.171682709325839,0.0071384437765559,0.00979873683193709
Q8LC03,1,0.311403060385068,0.18373231887504,0.0765682478238166,0.0209898687286765,0.0129140039757747,0.030440638471486,0.305076756321038,0.0209044075173568,0.0379706979017428
Q8GZA6,1,0.392836566672561,0.200751754761267,0.0607404583247947,0.015387319023369,0.00946626016589351,0.0220209051405752,0.257547945851395,0.014718938732659,0.0265298513274863
Q9FVU9,1,0.386704044050616,0.258931027611441,0.0722578804929982,0.0134271703870511,0.00835943748894355,0.0187948982984651,0.203083867937864,0.0165155459080619,0.0219261278245602
F4IDC2,1,0.497200388077,0.19398006477804,0.04478803674461,0.00924911045254961,0.00594916082076215,0.0128964852755257,0.209814179512639,0.0106317915095291,0.0154907828293454
Q9CAI2,1,0.339592865763263,0.17407939194415,0.0647752389225853,0.0151519936706066,0.00982541397340288,0.0214062168544818,0.328850974348065,0.0194279495010117,0.0268899550224332
Q9CAI3,1,0.336751560588494,0.242823917317634,0.086789960280289,0.0207299347012562,0.0126472999836309,0.0290433959808658,0.217530558489246,0.0199867775768956,0.0336965950816878
Q8L981,1,0.323530607117115,0.220478651994343,0.085291593012537,0.0204071242761021,0.0129817706112362,0.0287531034871798,0.250467509741999,0.0235665344236347,0.0345231053358538
Q9CAT7,1,0.413353904295768,0.142959949233719,0.0424898306304074,0.0126601860153663,0.00781309629452471,0.0185721467445011,0.327416477786941,0.0112116564663583,0.0235227525324148
Q8LGU7,1,0.333448731464567,0.247012883437918,0.0905522499718428,0.0146711648024187,0.00918825782603964,0.0202005306488015,0.239884479367331,0.021203959981547,0.0238377424995335
Q8RX55,1,0.423714299612205,0.140019342437451,0.040571778794244,0.0100558699038906,0.00644938033603755,0.0143319971427224,0.335912681080595,0.0108417381782013,0.0181029125146534
F4HXG0,1,0.474426817799461,0.242256600308435,0.0511000216743923,0.00706323156046634,0.00468210673863914,0.00955837403408011,0.18843916894178,0.0111013571570389,0.0113723217857072
Q8RXN5,1,0.523728935410186,0.234983722823714,0.0422076033423455,0.00663892771763103,0.00426261665669945,0.00911364361035408,0.159602979770335,0.00870733031586028,0.010754240352875
Q8H1F8,1,0.39814189955772,0.153474890570635,0.0450522213834645,0.010527986539874,0.00658249995157381,0.0150231801978828,0.340971523300374,0.0115432644603621,0.0186825340381143
Q6IDC7,1,0.543071438718896,0.148175985869494,0.0338650026059438,0.00666683674685978,0.00432862436838852,0.00928793487348547,0.235100808496907,0.00813322757205087,0.0113701407479744
B3DNN5,1,0.362247848372028,0.160160831052681,0.0542435230958717,0.0124781608884785,0.00827707235042733,0.0173982528137713,0.347357740817401,0.0159260784355687,0.0219104921737732
Q9SAK2,1,0.470967146190626,0.257364720522044,0.0521335506727418,0.00840914743973509,0.00531870451508262,0.0116706515302508,0.169537677063424,0.0109094162431917,0.0136889858229049
Q94AJ5,1,0.320293496059632,0.252057013139997,0.0980645508597023,0.0182671544862377,0.0121411361690866,0.0246006369450758,0.219223595390031,0.0263665133702396,0.0289859035799978
Q9SAI5,1,0.415248302725631,0.293870317736772,0.0642150164667141,0.0108023695577841,0.00715155499704515,0.0144624562394035,0.163796272743591,0.0137319699277789,0.0167217396052797
Q9SAH2,1,0.371196378846646,0.154438428890602,0.0518513047197009,0.0135594090346113,0.00860605450273662,0.0195515685440226,0.341913463462246,0.0140741781271695,0.0248092138722651
Q9LZM3,1,0.293678841429956,0.224381250078891,0.10473945159984,0.022554314313511,0.0153662477289762,0.0298825683295941,0.241661538123926,0.0321773718038497,0.0355584165914565
Q8LEV0,1,0.331471996543254,0.170958500367582,0.0629333512723913,0.0175534346821394,0.0110304097116141,0.0253659087016099,0.330543089177161,0.0181559192493946,0.0319873902948539
Q8GW43,1,0.383168121074894,0.248639890543339,0.0723131474103203,0.0123157188348776,0.0079236603589174,0.0167619784076842,0.222386283388043,0.0166735984537551,0.0198176015281686
A0A178UEP6,1,0.409181123112155,0.116728438737289,0.0337942392393298,0.00902815490699538,0.00566399500308944,0.0130727062060933,0.386797820346831,0.00907093663117749,0.0166625858170402
Q6DBP3,1,0.427568357959757,0.191848946461083,0.0531429558849633,0.0115767242390353,0.00695683786683255,0.016665424389707,0.260528575705732,0.0116504834813026,0.0200616940115877
Q9FG01,1,0.471867428674751,0.141854410941327,0.0361535960081173,0.00626741949855928,0.00405061414835949,0.0087294032108727,0.31153982019515,0.00876680658572246,0.0107705007371402
Q8GYE1,1,0.370159272525546,0.253375303532187,0.0790599514379413,0.0109696146401784,0.00734139663513257,0.0148095021437995,0.227380061918037,0.0192348121959528,0.0176700849712258
Q56WK9,1,0.300151421015259,0.231608594980984,0.100684375707629,0.0210341856028252,0.0143103339750407,0.0279301775536988,0.240994291093307,0.0301274285752586,0.0331591914959969
Q5PP39,1,0.412919614354701,0.171719024776429,0.0525089396992026,0.0139396198420814,0.00860950851052498,0.0201648857248464,0.282254695018255,0.0129917980168509,0.0248919140571084
Q9LF80,1,0.330504465434676,0.217863409623429,0.0826066610793682,0.0220567522453125,0.0133458361649493,0.0317014564106755,0.244092760141599,0.0201247475856631,0.0377039113143277
Q9FT97,1,0.2545040652857,0.21613703908714,0.122718467173147,0.0279552262284477,0.0167513898628636,0.0389004691879969,0.242228203531237,0.0354106887923421,0.045394450851126
Q94C75,1,0.494692128623008,0.207888101150105,0.0457618284745798,0.00707982445344054,0.00468971456148254,0.00963277939413982,0.208284885269793,0.0103796210028364,0.0115911170706152
Q9FY64,1,0.541979085681022,0.164947558723472,0.0370847027468859,0.00798022626928945,0.0050922769051907,0.0112133847875907,0.209518109476386,0.00860058181445765,0.013584073595705
A2RVJ8,1,0.536059409446411,0.109218518044524,0.0263682288210913,0.00574398812851643,0.00363278726170242,0.00818643167365808,0.294143406723024,0.00641762990330324,0.0102295999977693
Q9LX20,1,0.285398497609482,0.188742125800585,0.0878092234837062,0.0256743658624247,0.0157679369055267,0.0375075247825088,0.28469863829692,0.0276707030629166,0.0467309841959303
P592262,1,0.344538834335192,0.16275643649851,0.0595713816405246,0.0160772093313763,0.0105743918356892,0.0227557104451064,0.336991777982718,0.0178182585973495,0.0289159993335336
Q52QU2,1,0.388001419494802,0.265913358656525,0.0728656605102716,0.013249318009789,0.00874751886972001,0.0178717126489544,0.195172336053461,0.0173054740982266,0.0208732016582505
Q84K25,1,0.447763508895004,0.143880494032713,0.0388225445920647,0.00972008118591869,0.00589803645285213,0.0141398519096808,0.31288291854514,0.00934922783291327,0.0175433365537133
Q8LPL5,1,0.3009768810984,0.203236711950801,0.0898504960411616,0.0194721524318244,0.0132856851885178,0.02634793130816,0.285172016043875,0.0292492437614893,0.0324088821757709
Q9FMU5,1,0.443403706186181,0.131683622256069,0.0361162254673968,0.00913143779852277,0.00561246649816507,0.0133210897125923,0.335042700944608,0.00896737176524714,0.0167213793712179
Q0WRF4,1,0.556394130448502,0.168800371720866,0.035744708409555,0.0062292297039444,0.00397678132976718,0.00866165000363916,0.201943362613361,0.00782172039551194,0.0104280453748539
A0A178UJ48,1,0.447311361350333,0.223167726962863,0.0545622365417529,0.0117301267474802,0.00748768356818826,0.016259384900522,0.207637174307751,0.0125469571633977,0.019297348457712
Q84WW3,1,0.415888018361723,0.160530813380237,0.0468903608460167,0.0104363391552611,0.0067935141317238,0.014618690941947,0.314234366447319,0.012397821541526,0.0182100751942472
Q9LF24,1,0.32662210593072,0.185505008115126,0.070437052105927,0.0187484471937633,0.0113377668818874,0.0272287052738548,0.308207346894454,0.0182939178731827,0.0336196497310855
Q8L7N0,1,0.472117626921538,0.090393721711045,0.0231760506602268,0.00569057081308657,0.00353621796491269,0.00827083684893299,0.380463545216843,0.00583475158069229,0.0105166782827229
Q8LD03,1,0.468928474772851,0.166310615516893,0.0438518444696723,0.0112025154900199,0.0070542699277889,0.0160123743349475,0.256183529026356,0.0107985177912853,0.0196578586701862
Q38929,1,0.38258933897888,0.16422387864551,0.0516833095437999,0.0151670095227429,0.00896785549012216,0.0224892460507328,0.313977995579076,0.012934859577587,0.02796650661155
Q6E7H0,1,0.292228118407382,0.236556493736393,0.106112706763117,0.0236083496699174,0.0168220918222674,0.0309760960700321,0.223261167948213,0.0338240577393685,0.0366109178433095
Q1PDV2,1,0.362038008949133,0.204457313269042,0.0702701655006595,0.0177056650311729,0.0115490021583706,0.0245382739802674,0.260386605433184,0.0192310038277096,0.0298239618504606
P0C8Q8,1,0.378455716531465,0.167990348141811,0.0543775894444778,0.0128066724483484,0.0083265208912251,0.0180263965629887,0.322042601667684,0.0154261918842482,0.022547962427753
P59833,1,0.260454380293528,0.200162759814357,0.104717011080897,0.0331711449506048,0.0189628871702969,0.0483514611326975,0.248819908869032,0.0283909155509327,0.0569695311376547
A0A178UT60,1,0.431000202577037,0.224602657174661,0.057786650061258,0.00905881879817426,0.00563951048649776,0.0126229701191509,0.232434097800715,0.0118164405954298,0.0150386523870765
A0A384LN24,1,0.407831041422908,0.184196371830081,0.054062609167546,0.0149516360271246,0.00895720717693963,0.0217563734128971,0.268841187522494,0.0129986563977963,0.0264049170422139
P94102,1,0.397138834137444,0.248315591532758,0.0704283230518403,0.0144623965492192,0.00947473453193389,0.019721895330537,0.201012202176757,0.016395599473737,0.0230504232157738
Q940P8,1,0.639837441847311,0.0944175706902707,0.0201803761954368,0.00389048783496434,0.00247309708804703,0.00549420238615805,0.222238519161609,0.00467773355207456,0.00679057124412848
Q9C578,1,0.318581521618478,0.25363606582043,0.0956262053221551,0.0185432370468803,0.0122964292294213,0.0247312544156463,0.222851116283412,0.0248404547733972,0.0288937154901797
Q500W7,1,0.371739816053179,0.163465162345632,0.0509314697557729,0.0102824250884085,0.0064716171456961,0.0145720581546185,0.351499080960852,0.0129578656579593,0.0180805048378808
Q9C574,1,0.406731842257915,0.265235212161781,0.0683575098679525,0.00928010909159509,0.00596585487649768,0.0126335742694064,0.203098179523394,0.0137898291306878,0.0149078888207708
Q56WH4,1,0.49565897415938,0.211099077932546,0.0459354309580921,0.00848557352490765,0.00549601233436398,0.0116844111177967,0.197318661609152,0.0103934457783105,0.0139284125854501
Q9FFC0,1,0.378616410520271,0.168223028216848,0.0559918073338347,0.0152204656440732,0.00982264471756492,0.0217218517360588,0.307651755584168,0.0154726021662346,0.0272794340809472
Q9FHL8,1,0.317620867380422,0.243971177977727,0.0964494525409788,0.018052873951664,0.0109080120686759,0.0251958831538135,0.237203915268229,0.0211892566843127,0.0294085609741773
Q8GYE8,1,0.431294496708397,0.165726661991504,0.0471318516488897,0.011084544699157,0.00721826799754073,0.0155836009527712,0.290280634488783,0.0123692374218804,0.0193107040910772
Q66GM8,1,0.28225446648727,0.210468530745043,0.100368422214493,0.0230590542446325,0.014378968532865,0.0321037295410749,0.268981086289347,0.0299080840052714,0.0384776579400038
P93655,1,0.470718045316968,0.218256474162423,0.0498771824600683,0.00766332014373892,0.00501303437797712,0.0104569134184771,0.21435640978727,0.0111498620093659,0.0125087583237124
F4K4C5,1,0.356345292018773,0.183807408153221,0.0651775945444781,0.0147758469441345,0.00933336598448057,0.0210203840885844,0.305392678613133,0.0182610698179954,0.0258863598351997
Q94F49,1,0.463151257079376,0.134110361533661,0.0346068304558291,0.00621192153902797,0.00394655527406231,0.00873886567278645,0.3302680492225,0.00816542123335705,0.0108007379893993
F4KCY1,1,0.410225224799963,0.139818182869797,0.0403212038252682,0.010719172019375,0.00652439365435888,0.015701297460833,0.346532718316449,0.0104659266491531,0.0196918804048032
O04663,1,0.475223354045868,0.220395050593598,0.0505955726933083,0.0102490813463339,0.00632180358973054,0.0144475735073586,0.195211052639243,0.0105416173671729,0.0170148942173867
A0A178U7T5,1,0.302283808861952,0.246898027839468,0.104197277134849,0.0209257882204151,0.0129951226819478,0.0289546998339793,0.225926302475405,0.0242021952962916,0.0336167776556923
Q9FHR3,1,0.312326898727359,0.251296325871726,0.106598410609583,0.0165501708047337,0.0113262675745887,0.0218862262192243,0.226089533832662,0.0280678812476115,0.0258582851125114
Q8GXS6,1,0.326005148189652,0.21572089542907,0.0825902139803029,0.0215239394218973,0.0131610248993949,0.0304159990253177,0.252732890615106,0.0219066953026202,0.035943193136638
Q9FND7,1,0.327073479078155,0.236896674692541,0.0917425616371442,0.0141464971046335,0.00950370155009755,0.019017159252489,0.25391238238377,0.0248917440024311,0.0228158002987394
F4KHD8,1,0.391966949499624,0.270880693011705,0.0714907743849441,0.00950484114206985,0.00639438884693399,0.0127106236525526,0.205969775450416,0.0159995796197156,0.0150823743920388
Q84JC0,1,0.385109525953008,0.246053164902379,0.0732830119835609,0.0138042930984724,0.00892232355193448,0.0189468950491501,0.213625075692885,0.0179321530391273,0.0223235567294832
Q9FHX0,1,0.463589312303548,0.184188874322194,0.0463152986420322,0.0083852763483608,0.00517306932348354,0.0118215265694096,0.256243860814517,0.0100191771270449,0.01426360454941
Q9FMH5,1,0.306068450506879,0.202616527429825,0.0897372648446502,0.0213398264402254,0.0144714227121696,0.0292419430295624,0.272784791506706,0.0277795827100023,0.0359601908199803
Q9FNC9,1,0.437281240876544,0.172479804909091,0.0484456526435514,0.0131821015925432,0.0079472976530394,0.0192328188233527,0.26644805644143,0.0115130119276276,0.0234700151328197
Q0WTY4,1,0.347146488108314,0.26785345718911,0.088542227798348,0.0166849507612437,0.0111609277502243,0.0225477415505461,0.197328177403386,0.0224939462626588,0.0262420831761691
F4KAB8,1,0.319627257172408,0.238718661046237,0.0953405612461437,0.0206268911948453,0.0140264954426155,0.0277549731419515,0.22319013831321,0.0280131459311264,0.0327018765114633
F4KD38,1,0.518028579823439,0.160418262749891,0.0378991656960183,0.00734823480879246,0.00478118581889909,0.0102193621406766,0.239762642372351,0.00904504760123342,0.0124975189886996
Q9FH41,1,0.420288654129848,0.14040254215023,0.041603350989288,0.00950483425425393,0.00614245064038535,0.0134554622971818,0.340638141833356,0.0110286414468808,0.0169359222585772
Q9FK69,1,0.295565998967919,0.222381742488708,0.105377080872332,0.020238075687713,0.0133009104616946,0.0275213562033225,0.253266743734388,0.0294201816839765,0.0329279098999458
Q9FK68,1,0.409891386867228,0.248700634324725,0.0657041915475594,0.0087741891802977,0.00576880989355761,0.0118481606218773,0.220936636964776,0.0142845407075203,0.0140914498924579
Q9FGJ4,1,0.35452388273037,0.221869886386366,0.0739192056039995,0.0194575010872847,0.0119052428068709,0.0276523332907427,0.23939011604157,0.0185232737890082,0.0327585582637889
Q1H5E9,1,0.277461734230187,0.21849156400163,0.110093725447923,0.0250670802522287,0.017222411597211,0.033720060598503,0.239633778660722,0.038046225979089,0.040263419232506
Q38936,1,0.476463415406647,0.169975289789107,0.0434745551321404,0.00995773107188242,0.00606052700021263,0.0143514764955927,0.252538454963379,0.00977910845701175,0.0173994416840278
Q9FJL0,1,0.314101643368512,0.202273029009777,0.0854004718479504,0.0161462680473531,0.0108073834693117,0.0220672121134129,0.295877993624358,0.0261751460604405,0.027150852458884
P34881,1,0.449882616635201,0.258165978703923,0.0568588667031829,0.0086805517153827,0.00571094658744625,0.0118416871153981,0.18225908817225,0.0125821165439356,0.014018147823281
Q9FGZ0,1,0.541719034587537,0.124018134923277,0.0286828161995883,0.00567148748641425,0.00353347279774091,0.00808892562801134,0.271550366389156,0.00675491440762215,0.00998084758065276
Q1WWI8,1,0.372279119579193,0.223334873924198,0.0726132160384108,0.0146795417026987,0.00990043308420455,0.0200062025385653,0.243421215901378,0.0196012698601235,0.0241641273712282
A0A178UKR9,1,0.3537222969301,0.245641891925133,0.086084411787214,0.0144848560747673,0.00942088908461476,0.0196720488340237,0.227685008198616,0.0200007839355206,0.0232878132300103
Q9XGY4,1,0.427868403923431,0.0883399051785952,0.0236309794803219,0.00599769002982994,0.00368513919326939,0.00877708577211666,0.424498037363868,0.00598543131281884,0.0112173277457495
A0A178U764,1,0.501074978818022,0.151364903216222,0.0363482853640883,0.00766590647242803,0.00481409039969771,0.0108362166253044,0.266036210695459,0.00857907984094648,0.0132803285678322
Q9LTF2,1,0.456478528638373,0.195252289434187,0.0509509689405945,0.0118874399428235,0.00760951892948107,0.0167102864790202,0.2286898209491,0.01224476876615,0.0201763779202695
Q9FLX6,1,0.292975071184283,0.240320907369526,0.113175878570586,0.0188403988913908,0.0128267976217572,0.0247940810921496,0.235120674698051,0.0326516252382691,0.0292945653339868
Q9FLX0,1,0.340537514768437,0.189898510303937,0.0718286574387384,0.0146003153213713,0.009847084795404,0.0199386961583241,0.307607837865975,0.0210955817636972,0.0246458015841162
A0A178UBR6,1,0.449401651190128,0.25567255862596,0.0568242972048899,0.00995347693696413,0.00654603188745589,0.0134744081760622,0.179637214636564,0.0126516367539959,0.0158387245879802
Q9FI00,1,0.530896230071488,0.131640863094177,0.0316561894418632,0.00648300423279125,0.00400401016743341,0.00927688802244579,0.267525923207412,0.0071111542469798,0.0114057375154092
Q9XGM2,1,0.377508888771687,0.187594190465025,0.0605737349805218,0.0127270707998262,0.00818635518448782,0.0177049982507686,0.298114713802256,0.0157938135748879,0.0217962341705386
Q9FM65,1,0.399978404409696,0.159954259440312,0.0499438670489423,0.0113281995482695,0.0073402984586158,0.0160306729489437,0.322143292643255,0.0132324483448541,0.0200485571571113
O03986,1,0.436056170771756,0.128636194688298,0.0348367340226315,0.00833950371588751,0.00517700458291154,0.0120223540216055,0.351073440095613,0.00878455845054995,0.0150740396507474
Q9FJV0,1,0.438540265102665,0.237094063879226,0.0591533410097268,0.00995299260250234,0.00661685008508381,0.0135367238007004,0.204880089719842,0.0141167519072568,0.0161089218929972
Q9LVD5,1,0.303218348483379,0.208391699983674,0.0875079105826169,0.0261845645411316,0.0153221007715084,0.038054918737525,0.252028522569099,0.024228783881496,0.0450631504495704
Q9LVD0,1,0.474928267531383,0.146079960897418,0.0368583728340392,0.00713579227797832,0.00456696852834471,0.0100467725182177,0.298870021740096,0.0090939544514455,0.0124198892210779
Q8VYK6,1,0.432122201743952,0.157001825833059,0.044608798959574,0.0119779160178867,0.00757260795446626,0.0171877389316771,0.296492627124829,0.0116293592819811,0.0214069241525746
Q9FIL1,1,0.566158946785875,0.132888873650946,0.0295447589080935,0.00573514260640776,0.0035909032228173,0.00809617803044826,0.237441932932434,0.00665604600413417,0.00988721785884403
Q9LTI4,1,0.415547277289583,0.153195065634042,0.0448416114745328,0.0118541270616149,0.00747433381601554,0.017017426834401,0.316833847552153,0.0119039766101272,0.0213323337275308
Q9LTI0,1,0.387012152231887,0.217585676471584,0.068508039619513,0.0138539653721138,0.00925977957472559,0.0189403276069983,0.243833691245032,0.0181768147449326,0.0228295531332138
P42798,1,0.51297436820423,0.205020656778693,0.0444231599855836,0.00846447731468053,0.00551674993314408,0.0116524763818851,0.187999320513881,0.0100537981200131,0.0138949927678895
Q9FME4,1,0.518698163744468,0.192662060078449,0.0419989714813805,0.00783598299888994,0.00510008503502167,0.0108133439065557,0.200285291905812,0.00961969032456171,0.0129864105248617
Q9FNP8,1,0.387873970505401,0.139776120808527,0.0432579922838025,0.0133712252891036,0.00832432299037896,0.0195448569734192,0.350943479764276,0.0119598600974969,0.0249481712875941
Q9LVA9,1,0.412521985625214,0.205947574952408,0.0591937594358268,0.0143642742507946,0.00880988522465714,0.0205712235998808,0.240364712510308,0.013568037080587,0.0246585473203232
Q9C5Y4,1,0.353168237340752,0.186131804858612,0.0657847721793503,0.0119283672780827,0.00787929181960338,0.0164463885454102,0.319927183524269,0.0183872689099437,0.0203466855439764
Q8W4R3,1,0.373248938773246,0.28647486629583,0.0770467865865967,0.0113385303248577,0.00713348683367876,0.0155189934109773,0.195202853445877,0.0159850500410147,0.0180504942879216
Q8GWQ6,1,0.441903334710827,0.147309892479973,0.0412819203724333,0.00899279220698822,0.00571283175136118,0.0127459344281244,0.315596395229978,0.0106385601654711,0.0158183386548439
Q9FFQ8,1,0.414458445173178,0.206337974307946,0.0604222419497432,0.015008607360346,0.00962953113368848,0.0210331937342523,0.232914664243075,0.0149053902119106,0.0252899518858608
Q8LCN5,1,0.461151096108364,0.178194274950909,0.0469553233679241,0.00868646349357277,0.00571037919026187,0.0120334656362487,0.260746123892086,0.0117847599151787,0.0147381134454545
Q9SXY1,1,0.359183266232746,0.24593486058744,0.0810199217204381,0.0132768215806495,0.00880863344147133,0.0178747279331245,0.232495276325638,0.0201017303065309,0.0213047618719619
A0A178UPM8,1,0.557864890969302,0.203183383689839,0.0391300214596509,0.00690737594485472,0.00448401608984157,0.00948735430518391,0.159343935642261,0.00835768169090015,0.0112413402081664
Q7Y214,1,0.37552006048922,0.286287813601152,0.0779145280438337,0.00940896062871393,0.00614885856454381,0.0127373370451195,0.200601931470755,0.016398106763641,0.0149824033930205
Q0WPN7,1,0.453070273241852,0.286246205748472,0.0560505973455469,0.0089861707550515,0.00569748821546975,0.012307313101083,0.15282245766393,0.0106403203196179,0.0141791736089769
Q9FHP2,1,0.345072220726395,0.197320711908554,0.0712131788590339,0.0187506889573563,0.0114715162007584,0.0266281941284748,0.279115562942678,0.0183327365170373,0.0320951897597127
