ID,Cluster,#1,#2,#3,#4,#5,#6,#7,#8,#9
Q84TF4,1,0.051678783587281,0.0528678424247199,0.0534357893311332,0.051568913597072,0.0490204744717495,0.343984391022012,0.0491815529419183,0.0536509686449326,0.294611283979182
F4HSD5,1,0.0633642302633595,0.0635457760706452,0.0631246335358962,0.0633212225021441,0.0616224929427638,0.335118571198964,0.0617554469100556,0.0623585692079228,0.225789057368249
A0A178W1Y6,1,0.050587921191489,0.0503682918968567,0.049815042659303,0.0505816023885124,0.0498866330620621,0.380987078603487,0.0499520867800132,0.0490322273229704,0.268789116095306
A0A178WJH0,1,0.0492648139791777,0.050795812034512,0.0516178421558552,0.0491319264026548,0.0461091979599744,0.384440024578345,0.0462961504108605,0.0520751435646139,0.270269088914006
P92995,1,0.0591154703370425,0.0592483054102636,0.0587580303030031,0.0590745904784152,0.0573682936437325,0.31340636072527,0.0575036158098875,0.0579117073413401,0.277613625951045
Q9LNS5,1,0.0496803289494514,0.0495108584334334,0.0489146569052548,0.0496676097894533,0.0486825038968454,0.350184076046369,0.0487707337694175,0.0480621492654752,0.3065270829443
Q52K95,1,0.0450056594585919,0.0451926145305849,0.0449352777835162,0.0449710799439432,0.0436675151997231,0.348381695759658,0.0437679259268227,0.04443689762435,0.33964133377281
Q8L7S1,1,0.0440896237103058,0.0444722343217321,0.0443073226799752,0.0440346793246989,0.042391453231723,0.407015189642779,0.0425089786447126,0.0437760803596135,0.28740443808446
Q9LPM8,1,0.061066410765491,0.0618616530304294,0.0619916800007202,0.0609834196360979,0.0586406620342594,0.355339883908099,0.0588024785168786,0.0617823742098387,0.219531437898186
F4HTB2,1,0.0449662357212979,0.0454173694083377,0.0454245879881432,0.0449120181139822,0.0434362054784059,0.398517473428325,0.0435380922359269,0.0451433231658167,0.288644694459765
F4HPY8,1,0.0591299434548244,0.0599420879471508,0.0600917014625199,0.0590397075884593,0.0567486343624264,0.364831201653408,0.0569017326945413,0.0597932156606854,0.223521775175984
Q9C9H5,1,0.0492249366840173,0.0500028583080601,0.0501472210135916,0.0491422045761942,0.0469408373394505,0.333317799390545,0.0470895129602487,0.0499203039867299,0.324214325741163
A0A178WB81,1,0.060069881809753,0.0596989913972438,0.0587834833499651,0.0600605455528879,0.0589708062002167,0.337221731349159,0.0590736939137473,0.0574814961164426,0.248639370310584
Q9C9K5,1,0.0404578989691707,0.0408530072249919,0.0407571395977376,0.0404052701381776,0.0388600418034964,0.405168091043632,0.0389698272774836,0.0403517025793685,0.314177021365942
Q8LAH7,1,0.0365650051915954,0.0373960103812166,0.037799237387297,0.0364897360512759,0.0347191437394193,0.39994167640216,0.0348314460588364,0.037977041550072,0.344280703238127
Q8GYM1,1,0.0411377234591367,0.0419995476082586,0.0423031609299757,0.0410541588225324,0.0389566072345849,0.395250510690149,0.0390939922032171,0.0423005762274191,0.317903722824727
Q0WL44,1,0.0542700718570914,0.054059766121201,0.0534177605397979,0.0542558944947532,0.0533731394977006,0.315218800693183,0.0534512559200571,0.0524243974401097,0.309528913436107
P18612,1,0.0463263305772188,0.0463553014065406,0.0459407403403824,0.0462995903523126,0.045184299226446,0.38059488898337,0.0452734310795882,0.045219039066519,0.298806378967622
F4K9X6,1,0.0568063941788129,0.0572844903975334,0.0571997741458275,0.0567488649369076,0.054922006144155,0.322490270291043,0.055054233025678,0.0568253977185528,0.28266856916149
Q9FLV4,1,0.057567233119062,0.0579074657922657,0.0576363050511585,0.0575091757951877,0.0557248963712449,0.326126105408244,0.0558552060125458,0.056932318588562,0.27474129386173
O49195,1,0.0604290291113618,0.0598569083825159,0.0588823593640395,0.0604442636565365,0.059874915252092,0.315066513154364,0.0599452572838142,0.0576412353676141,0.267859518427662
Q8GWS3,1,0.0646179529687279,0.0657163561292325,0.0661544970506786,0.0645144318874994,0.0619623456560266,0.319459047986583,0.0621281939778291,0.0662231764853927,0.22922399785803
Q9FLM1,1,0.0461781005678058,0.0465338530486728,0.0463854051605852,0.0461277160236747,0.0445825251074386,0.348392006786637,0.0446941968508645,0.0459153040525698,0.331190892401752
Q9FI39,1,0.0580255087386057,0.0591472586070353,0.0595484836957168,0.0579181984140656,0.0551850666252242,0.381380770499623,0.05536507822204,0.0595754258474703,0.213854209350219
Q9LSS8,1,0.0519004814992013,0.0510872021115268,0.05006515222648,0.0519376624701631,0.0520971537994831,0.322513222746663,0.0521147369698994,0.0488284216174285,0.319455966559154
Q9FFQ7,1,0.049280734920264,0.0502499464902316,0.0505870783486252,0.0491842808696679,0.0468486041278886,0.37306957823486,0.0469997353480104,0.0505223861850111,0.283257655475441
A0A178UQN6,1,0.0509735223533345,0.0505540077249967,0.0498695396532253,0.0509854882148574,0.0506368973631535,0.35728311827613,0.050682609627983,0.0490055812620074,0.290009235524313
Q93WU9,1,0.0621809530992871,0.0621618717669316,0.06168599980471,0.062157259848844,0.061001265545501,0.341046525678475,0.0610971125679615,0.0609250549316464,0.227743956756644
Q1PER6,1,0.0530706945438527,0.0531968852362547,0.0528140304970043,0.0530332906226635,0.051659871672338,0.325233384136696,0.0517661084985698,0.0520842581104479,0.307141476682173
A8MR54,1,0.0454882730076396,0.045990376403,0.04609693395069,0.0454364597933498,0.044005247809183,0.389212080759551,0.0441035518919572,0.0459983880915341,0.293668688293095
Q3E7K4,1,0.0609484227343806,0.0605988571503454,0.0599211430170725,0.0609527251721987,0.0603746357529092,0.326591190681639,0.0604367931817985,0.0590352115632131,0.251141020746443
A0A1I9LS19,1,0.0424835919383629,0.0423803494254537,0.0420290300876803,0.0424764685654687,0.0419144164878697,0.37169048506229,0.0419649158682489,0.0415227943800573,0.333537948184569
Q8LPK0,1,0.0517146597905403,0.051792683685458,0.0513498295217775,0.0516773655694423,0.0503352719019683,0.380503468474004,0.0504394013671984,0.0505136666878057,0.261673653001806
Q9LY00,1,0.0438508342479397,0.0438686845882644,0.0434994291154574,0.0438294455538212,0.0428070872282795,0.358107391407381,0.0428910449729438,0.0429099562252638,0.338236126660649
Q1G393,1,0.0575434995732987,0.0581669797728929,0.0581906920153933,0.0574748043095024,0.0554194611883493,0.345509150086653,0.0555649561956308,0.0579179682623445,0.254212488595936
Q9ZNU5,1,0.0459697033290659,0.0464734641681123,0.0464780165529125,0.0459129660775051,0.0442335495046354,0.415016249685455,0.0443519906812514,0.0462182960854957,0.265345763915566
Q9SL16,1,0.0509815976675125,0.0511835980632741,0.0508550454515715,0.0509377337408595,0.0494794008241465,0.347765455442296,0.0495887028230194,0.050145445379843,0.299063020607477
Q501D8,1,0.0435699794800955,0.0436095254241819,0.043206220876221,0.0435419049403097,0.0424154782230714,0.39790187136917,0.0425048162119997,0.0424933781590405,0.30075682531591
A0A178VYI2,1,0.0596789601357874,0.0607516207959526,0.0611891927761451,0.0595730681673853,0.0571022669918234,0.320308378170515,0.0572602626700845,0.0612138721706489,0.262922378121658
O80930,1,0.053014317192188,0.0548050204656164,0.0558599498075527,0.052863283170977,0.0495282059634834,0.372911140600202,0.0497310085962099,0.0565582644581031,0.254728809745667
Q93WU8,1,0.0515052882106329,0.052430816589812,0.0527697751594383,0.0514168484320253,0.0491707749534254,0.411135487536708,0.0493187265739293,0.0528045798223564,0.229447702721672
O24603,1,0.0356001931529258,0.0360290922800496,0.0360353590274459,0.0355505452619473,0.0341326263440389,0.399452447066979,0.0342316666991628,0.0358008023519993,0.353167267815452
P0CH01,1,0.043545753656785,0.0444030003242642,0.0447368394007876,0.0434648904387572,0.0414450294913505,0.380631453072381,0.0415768508884965,0.0447939866491662,0.315402196078011
Q9ZPH4,1,0.0552277805787229,0.0549575293879005,0.0541968520166368,0.055215289610813,0.0542294348743336,0.384655845342446,0.0543188874554461,0.0530631870105606,0.234135193723141
Q38806,1,0.0505737989829909,0.0500901350436582,0.0492419676464526,0.0505816090733462,0.0500309822218954,0.368220331556263,0.0500945295374463,0.0481197010933564,0.283046944844591
Q9T0J9,1,0.0554160253668931,0.0555185110632981,0.0550623713978133,0.0553780555862391,0.0539051216298246,0.366476905718881,0.054020581755104,0.0542297104194187,0.249992717062528
Q9T0K0,1,0.0563019155371849,0.0564011741551522,0.0559528717227433,0.0562659849458109,0.0548255037307347,0.342915290032797,0.0549389868722759,0.0551458480373316,0.26725242496597
O23267,1,0.0552917974741334,0.0548396374555615,0.0540088358653894,0.055299441178318,0.0546890107162333,0.370180430005002,0.0547573920765184,0.0529224896872672,0.248010965541577
Q93WT0,1,0.0572925744852999,0.0580587359370024,0.0581765688354269,0.057212852347637,0.0549278195306654,0.328284789139461,0.0550864494159395,0.0579766701785558,0.272983540130012
Q9SZ28,1,0.0371155871964867,0.0374955853968224,0.0375401536706394,0.0370733235731755,0.0359185007542519,0.386934939214967,0.0359978369667123,0.0373831883681333,0.354540884858811
A0A384KHS1,1,0.0461451330855836,0.0463093449039959,0.0459889784249392,0.0461072828735838,0.0447641592310978,0.365848372448198,0.0448666743757333,0.045345969207217,0.314624085449651
O23180,1,0.0530078418490458,0.0533102847128616,0.0530787121718014,0.0529615766502607,0.0513370634930978,0.375225890502792,0.0514593399051668,0.0525620289209622,0.257057261794012
Q8VYM0,1,0.0495838148037207,0.0505680083031883,0.0508895326423859,0.0494877265069429,0.0470443791773984,0.318626937021962,0.0472051604641356,0.0508428706008764,0.33575157047939
O23077,1,0.0562230962919508,0.0552874724462826,0.0541242514251891,0.0562676716414723,0.0564486625144344,0.30578556096306,0.0564703786595291,0.0527513406457934,0.306641565412288
F4JTY7,1,0.0434823117885183,0.043182300730631,0.042653693063576,0.0434885884972171,0.043146217280372,0.344917746774162,0.0431863195374282,0.0419664495583992,0.353976372769696
Q8RXK7,2,0.0294003428986852,0.029669935816833,0.0295942585656802,0.0293641755167936,0.0282960824413162,0.401132667299458,0.0283720204437486,0.0292942731348594,0.394876243882625
Q3EDG6,2,0.0259074868207746,0.0258711848605798,0.025620921113139,0.0258974602090407,0.0253880271471814,0.275926557721574,0.025430838206649,0.025223047003105,0.544734476917957
Q9SXB8,2,0.052246919757507,0.051865401323122,0.0510656775854955,0.0522467577224679,0.0515126751635428,0.2542895681229,0.0515870802909222,0.0499561701624203,0.385229749871622
AT1G04927,2,0.0465119415107958,0.0460000703971631,0.0452756046505809,0.0465326546034544,0.0464014655379231,0.305694911039744,0.0464329092996582,0.044393840712376,0.372756602248304
Q9M9E1,2,0.0393525638302467,0.0393911975013242,0.039078237279425,0.0393314507022036,0.0384202284195868,0.276305631649758,0.0384933414973643,0.0385411122538563,0.451086236866235
B9DGT3,2,0.0440676435681398,0.044263330569564,0.0439537689529196,0.0440278845833315,0.0426191831917168,0.274742941258228,0.0427260186339971,0.0433180468107583,0.420281182431345
A0A178W6L4,2,0.0474177898289352,0.0478589488049378,0.0477758880625941,0.0473633838701244,0.0456900194415474,0.250654607917047,0.0458100314092931,0.0473939501909744,0.420035380474547
Q9FZ99,2,0.0443487996151021,0.0447470318986381,0.044643288844874,0.0442955678929233,0.0427267510624067,0.281353072883951,0.0428384267629517,0.0442155028103146,0.410831558228838
Q9MAP5,2,0.0448729560733852,0.0445317945585998,0.0439158143880223,0.0448774873601513,0.044469475645932,0.33065254425551,0.044515385995456,0.043079466347689,0.359085075375255
Q0IGL7,2,0.0526910778891906,0.0534373886845758,0.0536872221785278,0.0526194425955978,0.0507257745520129,0.266012422057097,0.0508529114308792,0.0536941517234536,0.366279608888665
P13853,2,0.0406050353075972,0.0408478251005804,0.0407099290618533,0.0405669581054497,0.0394204701059935,0.33366131422004,0.039503498143154,0.0403080688206764,0.384376901134655
A0A178W7A5,2,0.0448501170027398,0.0448963097110713,0.0445637710470189,0.044827558720368,0.0438445963624134,0.318843415169917,0.0439233746278891,0.0439947163409975,0.370256141017585
Q4PSX0,2,0.049474022788849,0.0497375686855021,0.049542443187523,0.0494344224150051,0.0480497848788119,0.24025388038512,0.0481538089908644,0.0490914388875655,0.416262629780759
Q9C598,2,0.0375172504348358,0.0371805379586621,0.0365527821290029,0.0375220908860724,0.0370550184946642,0.268180568538655,0.0371065544458524,0.0357179013733218,0.473167295738934
Q9LY82,2,0.0387963371840948,0.0388337397192285,0.0385161058038427,0.0387733772467074,0.0378581245306615,0.276098054776735,0.0379307603248251,0.0379519305401246,0.45524156987378
Q8L616,2,0.0451510003024199,0.0445290474532524,0.0436294811018208,0.0451731766428228,0.0449738316922304,0.296570507096887,0.0450141692545265,0.0425040517991728,0.392454734656868
Q8L8T7,2,0.0443663911533777,0.0443649498580844,0.0440007134737836,0.0443440170053582,0.0434262210161799,0.324991395150551,0.0435003021596779,0.043376271669237,0.36762973851375
F4K627,2,0.036331174129286,0.0364258025215043,0.0361766398198042,0.0363062619884738,0.0353636450497328,0.255062635034073,0.035436867291997,0.0357069509551132,0.493190023210016
O80338,2,0.0531366025820706,0.0526066500114184,0.0516967170636645,0.0531489135917304,0.0526088176518478,0.273094411745511,0.0526743108129603,0.0505158315079593,0.360517745032838
Q9LTA3,2,0.0504207653331145,0.0504079477391817,0.0499212972285396,0.0503959103418368,0.0491977143994268,0.258816410488472,0.0492966296805774,0.0491371022399251,0.392406222548926
A0A1P8BCM6,2,0.0422755573820357,0.0422697500973808,0.0419292852492535,0.0422577650314576,0.0414020521177212,0.32709919527627,0.0414726770748624,0.0413838785142461,0.379909839256773
P19037,2,0.0344692590051397,0.0341526826841927,0.0336134057021252,0.0344761742826324,0.0341604075630857,0.338138067445727,0.0341987041995526,0.0329106334237413,0.423880665693803
Q9FKF5,2,0.037163651220655,0.0375210773629071,0.0374669603034931,0.0371181017693806,0.0358075320005121,0.346262979122313,0.0358998207866207,0.0371493447436678,0.395610532690451
Q9FL02,2,0.0338594444562477,0.0341840098608955,0.0342107342705145,0.0338229821853817,0.0328037303254374,0.376728636636119,0.0328744138513989,0.0340637277575737,0.387452320656432
O82133,2,0.0417884884598733,0.0421555232896945,0.0420400336838699,0.041738671975015,0.0402480647503201,0.31621800929497,0.0403545938449189,0.041616117266308,0.393840497435031
A0A384KEP4,2,0.05858778454415,0.057713862619873,0.0564735804022144,0.0586229001543793,0.0583770967614078,0.227208412952066,0.0584328260814785,0.0549681897376961,0.369615346746735
Q9LTM4,2,0.0237375885660094,0.0237117506234717,0.0235025597620731,0.0237291254107465,0.0232832969010624,0.281454161058784,0.0233208537838976,0.0231748718498803,0.554085792044075
Q9LHA1,2,0.0250625390565407,0.0250108734245569,0.0247777484308496,0.0250555003734171,0.0246310190147587,0.342027435221775,0.0246678203592307,0.0244251765705126,0.484341887548359
P32962,2,0.0309898211171622,0.0309599850636586,0.0307017884513273,0.0309784785549564,0.0304187148455606,0.322469252894827,0.0304655438297562,0.0302906515043088,0.462725763738443
Q9M2Z8,2,0.0518375809107288,0.0513379308068421,0.0505189956018144,0.051851260560405,0.0514129684224498,0.291352348421622,0.0514694897983933,0.0494856683785167,0.350733757099228
Q9SMU8,2,0.0221291903690642,0.0222090105286999,0.0221049035957683,0.0221143287767803,0.0215758105246009,0.299521870090302,0.0216169718235132,0.0218935736393929,0.546834340651878
Q0WSK8,2,0.0521014908407285,0.051318035860355,0.0502443608551305,0.0521345352243627,0.0520319768460666,0.244613019995984,0.0520716598487401,0.04893977434607,0.396545146182563
AT2G04435,2,0.0406076556713393,0.0400195572960789,0.0392643297736104,0.040634436711198,0.0406930953063275,0.281605063569469,0.0407111631963911,0.038359520389354,0.438105178086232
Q2V491,2,0.0402485035501756,0.0398705950256476,0.0393008705617941,0.0402619934522959,0.0400708782287723,0.287806230393893,0.0401019718630548,0.0385978066128698,0.433741150311496
F4IQG2,2,0.046197986438309,0.045760126005131,0.0450655557240132,0.0462098974359634,0.0458885390326659,0.286218291715133,0.0459322145505062,0.0441813392977172,0.394546049800562
O82200,2,0.0479141855222282,0.0478927001345646,0.0474503410564946,0.0478942442733237,0.0468325371960821,0.291157380496688,0.0469213907696275,0.0467614649113558,0.377175755639636
O64820,2,0.055734455382518,0.054881269110931,0.0537529482137212,0.055773579157519,0.0557482442912039,0.235003500549052,0.0557852298668248,0.0524169212516391,0.380903852176591
O22190,2,0.0434281308140886,0.0441346911295798,0.0443301794277456,0.0433551271614032,0.0415192040596896,0.309983248749433,0.0416404585365225,0.0442039679237219,0.387404992197816
O48851,2,0.0398226381111503,0.039580058381304,0.03906807305839,0.0398222629378158,0.0393230560400456,0.257304671045165,0.0393735321546353,0.0383680171965384,0.467337691074956
P93007,2,0.0354753906778863,0.0359151161276648,0.0359376566481701,0.0354264228199643,0.0340252034181997,0.320769370426732,0.0341227206869803,0.0357256778672186,0.432602441327184
Q9SJQ4,2,0.0503472231573307,0.0496678625578694,0.0487263581021454,0.0503761002816232,0.0502460083884095,0.23164699303128,0.0502844652163238,0.0475944691254933,0.421110520139524
O22822,2,0.0276307283724932,0.0276280881668528,0.0273823704734895,0.0276177200439936,0.0270024683748748,0.254611608425017,0.0270530030584278,0.0269836998740771,0.554090313210775
A0A1P8B8B4,2,0.0228400509590679,0.0229102533586803,0.0227712391652312,0.0228240658664392,0.022242082285917,0.417387487625738,0.0222867464681382,0.0224974029309101,0.424240671339878
A0A178V0J4,2,0.041933037108772,0.0420477139026394,0.0417235820822848,0.0419021873252145,0.0407158907475253,0.254036105832902,0.0408081551283366,0.0411184413871177,0.455714886485208
P50700,2,0.0375176041003293,0.0383282283540666,0.0387118147963536,0.0374440242932546,0.035689588092185,0.35494256101691,0.0358015789207125,0.0388748113453079,0.382689789080881
O23406,2,0.0435784569548234,0.0440124530644396,0.0439493190711093,0.0435226083883188,0.0419506796321253,0.311477042049075,0.0420606330642808,0.0435529266736049,0.385895881102222
O81815,2,0.0424366831960779,0.0419957474728281,0.0412499290371705,0.0424460934899577,0.0420417314346905,0.253384787789861,0.0420914638063081,0.0402639424191348,0.454089621353972
Q9FUJ2,2,0.0254609187807869,0.0257097569102163,0.0257072263236419,0.0254318610786581,0.0245896590899918,0.312860107243406,0.0246488890512768,0.0255609919445724,0.51003058957745
Q8VZE9,2,0.0433755589617191,0.0435677961948364,0.0433015100258243,0.0433364316413519,0.0420383645801268,0.315587926453299,0.0421356755703002,0.042720131466992,0.38393660510555
Q9SZ05,2,0.0423954604523397,0.0429232310696828,0.0429966044003086,0.0423376851914602,0.0407809051048511,0.335492922550691,0.0408869593519157,0.0427904898199121,0.369395742058839
Q9ZT49,2,0.0482609844999458,0.0479853340221857,0.0473683677397566,0.0482599742876709,0.0476185531870874,0.233242783396361,0.0476823093027447,0.0465196625779099,0.433062030986338
AT4G36052,2,0.0447557887260168,0.0443858795370157,0.0437815074192955,0.0447660016310173,0.0444707170045169,0.271955062131168,0.0445096134010397,0.0430060657540607,0.418369364395869
A0A1P8B710,2,0.0576326442301928,0.0566284469385954,0.0553880337944311,0.0576831810597487,0.057876215719194,0.224776564445749,0.0579013123019035,0.0539579637533993,0.378155637756786
B3H5Q1,3,0.0399527070926649,0.0403033765158116,0.0402015118177946,0.0399037565038963,0.0384923902001196,0.429266864458368,0.0385925226363486,0.0397957282518262,0.29349114252317
Q9LND1,3,0.024134510784742,0.0245214293624667,0.0246261567067241,0.0240948203038441,0.0230735944651998,0.572717631895223,0.0231416034945766,0.0245663134909216,0.259123939496302
Q39224,3,0.0352990077163297,0.0360492377496455,0.0363646873815975,0.0352277521067682,0.0335253420418785,0.460327476424874,0.0336345207730728,0.036428420548797,0.293143555257037
Q9SHH7,3,0.0325329113329905,0.0327152924272638,0.0325801562518758,0.0325046099550901,0.0315423377379958,0.48664815830257,0.0316142273332029,0.0322642412574782,0.287598065401533
Q9SGP6,3,0.0246205349772259,0.0248994796411353,0.0249411762653028,0.024590124364189,0.0237555400046052,0.464106819729155,0.0238129496114354,0.0248495554841007,0.364423819922851
Q3ED15,3,0.0307074062624208,0.0311916602600078,0.0313295180753242,0.0306589702063636,0.0293792110783732,0.517396750462982,0.0294652231152905,0.0312865168855941,0.268584743653644
Q9FLB5,3,0.0407602565836411,0.0414138713846481,0.0416069955542214,0.040693122550606,0.0389926801480193,0.463811695352316,0.0391055297948117,0.041530025396593,0.252085823235143
Q9FFF6,3,0.042290757223172,0.0430106338251106,0.0432553963033595,0.0422206458911163,0.0404235924943537,0.462152961582498,0.0405426919203554,0.0432497990664741,0.24285352169356
A0MFF5,3,0.0396740790778842,0.0405296895578509,0.0408509196474338,0.0395915768944143,0.0375618205471852,0.472508629387774,0.0376936158784728,0.0408719431121497,0.250717725896835
Q9LER3,3,0.0441626946674429,0.0448337968588048,0.0449281016722348,0.0440898871349237,0.0420976465134145,0.433325483452444,0.0422338773787521,0.0446983589493388,0.259630153372644
Q6NKX1,3,0.0427540514791963,0.0438626676038945,0.0444514185243943,0.0426557910104871,0.0404309632246732,0.433051203890837,0.0405691279550366,0.044757825236674,0.267466951074807
Q9FKT9,3,0.0441771047128252,0.0445540275904272,0.0443760015008742,0.0441229572320894,0.0424579527714721,0.46649944103282,0.0425779676941916,0.0438422721358661,0.227392275329435
Q84TD6,3,0.0303458409553479,0.0308451668871218,0.0310021862547797,0.0302951437401257,0.0290317146937495,0.488959473102656,0.0291148176241123,0.0309513535651273,0.299454303176979
Q9SR86,3,0.0279279703078247,0.0281157694538548,0.0280204226951612,0.0278996648528728,0.0270423699060192,0.494365012603544,0.0271043285557357,0.027735092065373,0.311789369559615
O04311,3,0.0326459845593731,0.0332748747318503,0.033496381829165,0.032583710788269,0.0310620848877635,0.516546967150675,0.0311609405849469,0.0334705523601659,0.255758503107791
Q9LS06,3,0.0373964249236892,0.0374997468537973,0.0371956427014964,0.0373662394826955,0.0362636731054296,0.497335838690907,0.0363487385675237,0.036618021645194,0.243975674029267
Q9LIM9,3,0.0404956233976749,0.0404565799722278,0.0400510502311079,0.0404776368545222,0.0395879118132242,0.462039980369956,0.0396619196757024,0.0394022937404311,0.257827003945154
Q9SKL6,3,0.0380484914098948,0.0388630319565319,0.0391781574244361,0.0379717764087111,0.0360479264432746,0.434218033593372,0.0361735372929346,0.0392376458976183,0.300261399573226
Q7Y232,3,0.0230747400986804,0.0231715032431218,0.023055289347797,0.0230567911134929,0.0224354563033772,0.553433443301273,0.0224824043275456,0.0228080120210863,0.286482360243626
Q9ZW27,3,0.0309270270121914,0.0310357811254059,0.0308113093128247,0.0309013057255954,0.0299888547099176,0.548018386628229,0.0300583871507822,0.0303642875818455,0.237894660753208
Q0WMV5,3,0.0475220208158044,0.0484666157178237,0.0487767303046647,0.0474268924148483,0.0450847947256809,0.423451027447444,0.0452376908685162,0.0486998208593319,0.245334406845886
Q9SJ52,3,0.0256638498913475,0.0259443920282156,0.0259661075359534,0.0256318916462924,0.0247439881327122,0.432601604745973,0.0248055177828504,0.0258362247421122,0.388806423494543
O80950,3,0.0361168293375223,0.0365745111186558,0.0365711933289719,0.0360629164832964,0.0345496941664111,0.525371437389963,0.0346546346848165,0.0362873784628003,0.223811405027562
O81862,3,0.0336367552905362,0.0343996289370867,0.03470862779342,0.0335648446772773,0.0318195030328548,0.511062835672585,0.0319317818769934,0.0347620854269968,0.25411393729225
O49561,3,0.0457249861042861,0.0461559482716225,0.0460921561526555,0.0456685783905656,0.0440786557852576,0.41866411206261,0.0441903630585222,0.0457008813687026,0.263724318805778
A0A178URY2,3,0.0369060759155606,0.0369657380990768,0.0366578884531128,0.0368802536061653,0.0359260602791542,0.452534839831807,0.0360003386916723,0.0360843251160525,0.292044480007398
A0A178V4S8,3,0.0357541667764528,0.0361553824557838,0.0361599287522101,0.035705996344514,0.0344031675919765,0.441627737090045,0.0344927047912433,0.0358999202085907,0.309800995989183
O65782,3,0.0422639097325976,0.042403176599325,0.0420507263761751,0.0422274502906006,0.0409010772149459,0.455970021941917,0.0410028249672379,0.0413701023989419,0.251810710478259
O81346,3,0.0393559945158992,0.039232243640316,0.0387555772597278,0.0393437975627787,0.0385593097568417,0.422062423159509,0.0386278798358846,0.0380359711845196,0.306026803084523
Q58G55,4,0.0706798748255827,0.0701667372870533,0.0693323669296107,0.070695077541574,0.0702740045611663,0.270257174547864,0.0703299328228692,0.0682811700866458,0.239983661397635
AT1G04677,4,0.0742870023512968,0.0738066808281301,0.0729782534796007,0.0742986828175805,0.0737732990281062,0.269137318196546,0.0738366771426374,0.0719245983140792,0.215957487842023
Q9M9V6,4,0.0648326490253864,0.0638389552326111,0.0624955964182618,0.0648758576719457,0.0647790441787036,0.294065718156288,0.0648269924726891,0.0608833259987483,0.259401860845366
Q4PT07,4,0.0717494405811002,0.0709375907061652,0.0697326474403453,0.0717815818952157,0.0714316727071926,0.260443104212342,0.0714943235078163,0.0682659763719217,0.244163662577901
O04474,4,0.0680172619938332,0.0708810781240161,0.0728826156131016,0.0677944516647977,0.0631507344400981,0.27302686596561,0.0634218164893025,0.0745792761582693,0.246245899550971
Q9SHY6,4,0.0754199591195069,0.0744748888106143,0.0731726151838346,0.0754608625051608,0.0752792743906352,0.269238280101791,0.075333508376722,0.0716262698731502,0.209994341638586
B3H6G1,4,0.080127890425602,0.0790771603788074,0.0777495581531102,0.080180471751352,0.0802822798683246,0.232827698435058,0.0803180911257717,0.0762326855653302,0.213204164296644
Q9SD98,4,0.0579592290436362,0.0584754840668692,0.0584088503345254,0.057891150692896,0.0560559357280653,0.300525649557723,0.0561828946765132,0.0579150770268192,0.296585728872952
Q8GWF1,4,0.0724116035177411,0.0719003955488642,0.0709516907890352,0.0724210197178559,0.0716672770282944,0.281344380793236,0.0717514497651032,0.0697429881378847,0.217809194701985
Q9FI37,4,0.0751300179212318,0.0743664496781915,0.0731507375102823,0.0751546420417481,0.0745919659353935,0.275562852735485,0.074670076444627,0.0716396897501563,0.205733567982885
B2GVM7,4,0.0622820039907337,0.0610933990915838,0.0596185131345658,0.0623362670238439,0.0625896730635484,0.291593478265819,0.0626137842110274,0.0578449466820125,0.280027934536865
Q9LIB9,4,0.0795396713294302,0.0780280553331598,0.0762337808352601,0.0796207759192666,0.0800985075703751,0.24026982270304,0.0801214072347241,0.0742109337204092,0.211877045354335
A0A1I9LP79,4,0.0706798748255827,0.0701667372870533,0.0693323669296107,0.070695077541574,0.0702740045611663,0.270257174547864,0.0703299328228692,0.0682811700866458,0.239983661397635
Q9LTZ0,4,0.0597251199349924,0.0588822585373469,0.0577331438245159,0.0597600954666845,0.0596835934521409,0.295466482046341,0.0597226084955467,0.0563219536298507,0.292704744612581
A0A384L6D5,4,0.0644641850861853,0.064085298527004,0.0632743840117834,0.0644608302708702,0.0636814789165997,0.294131869477268,0.063758737001125,0.0621289910646825,0.260014225644482
Q9SIA3,4,0.0721378641359914,0.0722107950447022,0.0717635777933701,0.072106165964307,0.0707118465175558,0.288351579291718,0.0708242285155519,0.0710094545173963,0.210884488219408
Q94CB8,4,0.060555969373596,0.0608535447431547,0.0606362551482911,0.0605067361600226,0.058949903209522,0.299271028219755,0.0590647623778913,0.0600803071061967,0.280081493661571
O22971,4,0.0699052698337441,0.0692985621496608,0.0682552021722193,0.0699219107734348,0.0692339269118684,0.267605105233731,0.0693173737121363,0.066964941199347,0.249497708013859
Q1PFY7,4,0.074070359426011,0.0722891960609921,0.07040035046355,0.074178170391256,0.0753226101822209,0.211542165060839,0.0753016374642825,0.0683817808115613,0.278513730139287
Q9LR44,4,0.0552274093011613,0.0548578593102511,0.0541607050519123,0.0552328223828546,0.0546828725883039,0.273054624875761,0.0547432217588331,0.0532475520120665,0.344792932718856
Q8H0Z4,4,0.0704034448194674,0.0691519010901069,0.0676607546546146,0.0704705420959851,0.0708369391517982,0.23618099378914,0.0708588375820266,0.0659837645702566,0.278452822246605
AT1G05147,4,0.0638347018831759,0.0630190252159575,0.0619435393263427,0.0638722291973105,0.0638623982907179,0.244918579288758,0.0638964502824373,0.0606688425383744,0.313984233976925
A0A178WGJ8,4,0.0580338524406364,0.0574070674723118,0.0564041492590551,0.0580513893888672,0.0575869019176126,0.285669313006556,0.0576499638164559,0.0551232654185439,0.314074097279961
Q9SH66,4,0.0772836284116407,0.0759326095934422,0.0743775224080039,0.077358790310429,0.0779116221683133,0.224186049066267,0.0779216702688302,0.0726533539659452,0.242374753807129
Q9XIQ2,4,0.0605331215972756,0.0593742102406029,0.0580014940629798,0.0605951329461545,0.0609604512382242,0.237887690017975,0.0609780438433958,0.0564568908026478,0.345212965250744
Q9FXC7,4,0.0788245261563635,0.0777262308156637,0.0763784480823336,0.078881532960159,0.079098419803187,0.225633565989821,0.0791263887313703,0.074856565828107,0.229474321632995
Q8RX77,4,0.0567394441976346,0.0560860276356401,0.0550640346459085,0.0567598976258563,0.0563519343566645,0.280719587941873,0.0564113025054658,0.0537710785903178,0.32809669250064
Q9FFG2,4,0.0603414543717182,0.0601577008135466,0.0594926608784325,0.0603239255848582,0.0592643879507593,0.277457666771781,0.0593569929501721,0.0584745448571234,0.305130665821608
Q9FKP1,4,0.0692481574982261,0.0677369554283983,0.0660796666697197,0.0693364845252119,0.0701678585169572,0.213634698461534,0.0701614635828265,0.0642750896291328,0.309359625687994
Q9FG46,4,0.0710533629951192,0.0696964686900733,0.0681741630406586,0.0711304968951026,0.07181853074698,0.222062266500458,0.0718167411646903,0.0664814749157872,0.28776649505113
Q9FMB0,4,0.074811625053576,0.0737137953933657,0.0723499781634327,0.0748683435090997,0.0750303448182825,0.232353058696805,0.0750633973582932,0.0708112186041761,0.250998238402969
P92999,4,0.0688219658088398,0.0677573520578656,0.0664996942307415,0.0688797973875119,0.0692338994006318,0.217111983750658,0.0692487126678948,0.0650891460006905,0.307357448695167
AT5G06705,4,0.0772836284116407,0.0759326095934422,0.0743775224080039,0.077358790310429,0.0779116221683133,0.224186049066267,0.0779216702688302,0.0726533539659452,0.242374753807129
F4KG50,4,0.0581815535220964,0.0573347678899369,0.056199032629205,0.0582206880914244,0.0581418484003091,0.238307349467093,0.0581837237275285,0.0548676288863263,0.36056340738608
Q9FGF8,4,0.0602318208212161,0.0592170434228515,0.0579480439660201,0.0602822335313054,0.0604481845149443,0.232561818334787,0.0604757942952227,0.0564719566503647,0.352363104463288
AT3G01485,4,0.0710533629951192,0.0696964686900733,0.0681741630406586,0.0711304968951026,0.07181853074698,0.222062266500458,0.0718167411646903,0.0664814749157872,0.28776649505113
Q3EB86,4,0.056045434112737,0.0569542905651881,0.0572027636092132,0.0559543658964217,0.0535478834325252,0.252841343945229,0.0537095814321462,0.0570957871149774,0.356648549891563
AT3G03555,4,0.0714191930368211,0.0705051201060405,0.0693567371513747,0.0714654610594973,0.0715756759150928,0.225587652128456,0.0716049361399439,0.0680482790208759,0.280436945441897
P28297,4,0.0593573976410348,0.0595795182049737,0.0591534285299539,0.0593096626656449,0.0575151456114349,0.271204423281582,0.0576531350838945,0.0583318515482408,0.31789543743324
AT3G04705,4,0.0772836284116407,0.0759326095934422,0.0743775224080039,0.077358790310429,0.0779116221683133,0.224186049066267,0.0779216702688302,0.0726533539659452,0.242374753807129
Q9STL0,4,0.0696533141525909,0.0687289707311028,0.0675613560126289,0.0697000812453116,0.0698150088995366,0.213425266207293,0.0698440078960662,0.0662183421458441,0.305053652709626
Q84JS5,4,0.0710533629951192,0.0696964686900733,0.0681741630406586,0.0711304968951026,0.07181853074698,0.222062266500458,0.0718167411646903,0.0664814749157872,0.28776649505113
Q9LYC3,4,0.061648770609351,0.0607444156837754,0.0595394018843041,0.0616904825307972,0.0616356560028571,0.253700723538664,0.0616775838896454,0.0581173353399238,0.321245630520682
AT3G09985,4,0.065598050150187,0.0639692786536625,0.0622388114164404,0.065693835599092,0.0667679244111317,0.219909935432856,0.0667443636071692,0.0603440988111962,0.328733701918265
P92558,4,0.0772836284116407,0.0759326095934422,0.0743775224080039,0.077358790310429,0.0779116221683133,0.224186049066267,0.0779216702688302,0.0726533539659452,0.242374753807129
A0MEM6,4,0.0592478884818345,0.0589400290860985,0.0582104183722378,0.0592422880067014,0.0583848715148241,0.287540924049714,0.0584674071946041,0.0571983329268097,0.302767840367176
Q9SHC2,4,0.06189612627144,0.0614758318847788,0.0606024569875541,0.0618933273129039,0.0611135389747182,0.265092971352341,0.0611916911971618,0.0593576389624401,0.307376417056663
A0A1P8B3J6,4,0.0525877431192257,0.0539745369785692,0.0547183489788992,0.0524693918398371,0.0496936451094431,0.296447240773864,0.0498678407131425,0.0551699268163016,0.335071325670718
O23401,4,0.0573562342887616,0.0564670125257634,0.0552735518148798,0.0573963311741021,0.0573255861570363,0.243390048379467,0.0573677889065402,0.0538572873677411,0.361566159385709
F4JRB0,4,0.057065629253473,0.0580250500080848,0.0583322509166855,0.0569680116767828,0.054584307851086,0.294876928102875,0.0547397004728255,0.0582140980078909,0.307194023710297
A0A1P8AQ87,5,0.141465098741638,0.139667540071827,0.135315111207926,0.141433255252396,0.136595244616353,0.0201623833768679,0.13706626918435,0.129083835820509,0.0192112617281328
AT1G07937,5,0.140561769257913,0.139056654383511,0.134787185329921,0.140465108865212,0.135994301791073,0.0228959227934199,0.136381935195497,0.127611220951213,0.0222459014322393
Q9CAN3,5,0.141026953086338,0.141015105103136,0.137986434136578,0.140809656986753,0.13563725784577,0.0189448141097594,0.136001321654695,0.131136110852198,0.0174423462247741
Q93ZF5,5,0.14515875883038,0.142855167401866,0.137064739558404,0.145012612208136,0.140872916197625,0.0108889023365269,0.141224039520339,0.126644709258049,0.0102781546886753
AT5G05785,5,0.139873040749073,0.139443269937878,0.136575802874539,0.13971663554192,0.135306550293265,0.02238874055062,0.135645505177121,0.130777032764293,0.0202734221112904
A0A1P8B096,5,0.142010819252579,0.140598173000177,0.136436274838673,0.141936747423612,0.136908560556881,0.0181269001057255,0.137365009082476,0.129837193087712,0.0167803226521641
Q9ZQH2,5,0.141672376593778,0.139717263325236,0.13504027216706,0.141573217298929,0.13820970072532,0.020131437175927,0.138500797316993,0.126861142959402,0.0182937924373543
AT2G08750,5,0.143047801269152,0.140781768750747,0.136056556353256,0.142976558144177,0.140323655545044,0.0146366879970902,0.140578911811547,0.127939900664467,0.0136581594645206
O80905,5,0.142891530825956,0.140745878807373,0.13535476223683,0.142757355536724,0.138161349777267,0.0181146528891367,0.138553285553653,0.126088970212579,0.0173322141604803
F4JKQ7,5,0.145430020059411,0.142546370957123,0.135673839849295,0.145310226386676,0.139641657194255,0.013569026936168,0.140150015288677,0.124614836217335,0.0130640071110604
O64492,5,0.141178380569164,0.145135836895849,0.144586638177435,0.140688323531413,0.129904245037932,0.0146803934920538,0.130574549480402,0.139118231777398,0.0141334010383526
AT1G04743,5,0.143467136498318,0.147599109039713,0.145769787187273,0.14292767753465,0.1274578568268,0.0123784203275542,0.12851551664098,0.139726964942252,0.01215753100246
AT1G13448,5,0.142820307737047,0.143901832189232,0.140642192902218,0.142462513210956,0.132770358397586,0.015787948233408,0.133463401699548,0.133155125043302,0.0149963205867023
A0A178W6B2,5,0.142975613565854,0.144801483740933,0.141968445240259,0.142532967088411,0.132526273610055,0.0144263764291522,0.133190634990597,0.13392083571572,0.0136573696190175
Q2Q493,5,0.138359929371386,0.141263552341132,0.140866322796246,0.138010636790211,0.128135578761966,0.0240294523567919,0.128822786454429,0.138245499518088,0.0222662416097493
Q9LMV9,5,0.137785759604107,0.138516592503155,0.137308634898336,0.137611298206294,0.133082028556602,0.0246850708212604,0.133407691326041,0.133952826172159,0.0236500979120448
Q1PFE5,5,0.138005633120537,0.140947222755184,0.140466438320189,0.137693601910351,0.128224766207811,0.0235907213320982,0.12888210589089,0.137666380371282,0.0245231300916582
A0A178UED2,5,0.144521350780464,0.146621932115985,0.14278906628334,0.144001556177944,0.130802530415165,0.0134439078357119,0.131703484191277,0.133397278117094,0.0127188940830185
AT5G03235,5,0.136358058415482,0.137222157580052,0.136802563013249,0.136299897528387,0.132843127780233,0.0261790022626881,0.133122222754633,0.135862327290421,0.025310643374855
B3H5A9,5,0.140464116884715,0.140866682750694,0.138692656950139,0.140295628243368,0.134194624238008,0.0185883513154659,0.134674863002069,0.134357255265383,0.0178658213501578
A0A1I9LQ90,5,0.143186561444412,0.146482878912536,0.143973306395054,0.14264839565124,0.129570776670048,0.0143602815524453,0.130427653338283,0.135900175160085,0.0134499708758953
AT2G04785,5,0.137078118492239,0.138819718396448,0.138414617038134,0.136925228596701,0.130698814240336,0.02487012349815,0.131168765372379,0.137065153001756,0.0249594613638564
AT4G03895,5,0.131502259784289,0.131536861805434,0.130898093944838,0.131499342935641,0.129529697952306,0.0426465439654131,0.129717999847838,0.130265179017275,0.0424040207469659
A0A178UXQ0,5,0.140310832482051,0.141068712307013,0.13961121176373,0.140205538457808,0.134570264636614,0.0162487419578489,0.13503531719286,0.1369123314546,0.0160370497474748
A0A178UWL7,5,0.136219964059237,0.136637638852171,0.135489943364841,0.136150503902413,0.132115866122301,0.0284811641933378,0.132451932579674,0.133519477054686,0.0289335098713403
Q0V805,5,0.13811952116118,0.144567540666959,0.146950939276041,0.137449507388884,0.124926000786775,0.0196044481577654,0.125637584272814,0.144452675565245,0.0182917827243357
F4I389,5,0.138440985050158,0.146513414432498,0.149293943497668,0.137738387884993,0.121200861997634,0.0183588664660195,0.122212062562755,0.148345858641071,0.0178956194672044
Q9FVP7,5,0.137459875678771,0.148134646069336,0.153572236368442,0.136500870499845,0.118419473710188,0.0170018443483163,0.119422649361462,0.153394861920398,0.0160935420432414
Q8L7B4,5,0.139851178317551,0.149084394240304,0.151718295073235,0.138974247150775,0.118799283004094,0.016463476186497,0.120024355796355,0.149664908413204,0.0154198618179848
Q9FIB4,5,0.1375688561952,0.141858601880247,0.143117072673288,0.137126436107289,0.127786071376783,0.0214342364651337,0.128356443229586,0.14126013288898,0.0214921491834932
Q5D892,5,0.136713391005862,0.142844950558913,0.14580743061358,0.136129120823322,0.125267321892429,0.0223020416489504,0.12587756500766,0.145052148459738,0.0200060299895465
AT4G13918,5,0.137970042843765,0.142433600993819,0.143939446195966,0.137495541209646,0.128503950977518,0.0200690120213992,0.129024430563061,0.141817857865464,0.0187461173293624
Q8L7H1,5,0.140848314736385,0.151635599058151,0.155009523327433,0.139798823015453,0.119325146009311,0.0116509308419857,0.120476155442154,0.150393739795591,0.0108617677735364
Q1G3I2,5,0.138933549439373,0.143453648978076,0.144968993083877,0.138584840684175,0.129198388131929,0.0153753398136925,0.129810260244862,0.144480939434316,0.015194040189699
A0A1P8B6B7,5,0.138724744769902,0.144531672242463,0.146222648716765,0.138233937654319,0.125422598707636,0.0179233019799908,0.126246093189507,0.145331014511428,0.0173639882279893
AT1G20691,5,0.141943083346586,0.139289343637496,0.134583195393149,0.141962104024012,0.140197760706138,0.0176083201770693,0.140419078434123,0.127322202543262,0.0166749117381652
AT1G74205,5,0.139246931179533,0.13742683147666,0.13413792841127,0.139270165512645,0.138524917949036,0.0229274504733038,0.138634873836617,0.128801134008626,0.0210297671523095
F4KFM6,5,0.147281195067414,0.139678724874568,0.129751019858223,0.147572351583682,0.146422237590519,0.0126201586505656,0.14683400851853,0.117979871132228,0.0118604327242692
