ID,Cluster,#1,#2,#3,#4,#5,#6,#7,#8,#9
Q9FWX8,1,0.0484448655280949,0.052263889209969,0.257706660467774,0.054765263862694,0.0544279129750714,0.131828996466543,0.0657584931138095,0.251038120018134,0.083765798357911
Q9ZWB4,1,0.0623302394213536,0.0629779322788404,0.216787332745887,0.0662568827625173,0.064464007096094,0.132823898302079,0.0843076482955383,0.212217983633537,0.097834075464153
A0A1P8AUV9,1,0.0366639966887701,0.030184063734796,0.281828575926839,0.0368212267473472,0.0321886641099258,0.150752388258554,0.0663413905701396,0.2778310808035,0.087388613160128
AT1G04743,1,0.0345808365425857,0.0306829024871951,0.319257781241262,0.0356707779873216,0.0320674827134091,0.118538569692578,0.0530246064967791,0.309238660344186,0.0669383824946831
Q9LE79,1,0.0623302394213537,0.0629779322788403,0.216787332745887,0.0662568827625173,0.064464007096094,0.132823898302079,0.0843076482955385,0.212217983633537,0.0978340754641532
AT1G05017,1,0.0501496428814265,0.0565347517466016,0.255185108342395,0.0557082493460773,0.0577431582552236,0.12601189872192,0.0674082692808287,0.247406152423615,0.0838527690019123
Q9LM21,1,0.0506067216279365,0.0473596273719093,0.234740047489537,0.0529465481646968,0.0494984470788136,0.15398024939896,0.0774808136133966,0.232257186068906,0.101130359185843
AT1G06153,1,0.0451417557445889,0.0402566570125935,0.246017130483414,0.0467646445544041,0.0433897953706481,0.15680452736427,0.0770001780925407,0.244770511063231,0.0998548003143099
A0A1P8AU14,1,0.0526471979031204,0.0592953696235291,0.255608184110878,0.0594122890663577,0.0602310584411127,0.11936486142495,0.0668961122087717,0.247113151392801,0.0794317758284802
AT1G06463,1,0.0508153830810937,0.0510995185329186,0.250032291450309,0.053704127459369,0.0519829091290398,0.132514919890305,0.0748957345463313,0.24392834171284,0.0910267741977937
Q2V2Q8,1,0.0300379122702704,0.0274974701594841,0.333672299608426,0.0309968461168087,0.0288521929836777,0.113567462622049,0.0505799103283576,0.319778124635177,0.0650177812757496
AT1G06963,1,0.0523506720721357,0.0603975791415905,0.249819348013889,0.0580465181523843,0.060910310771009,0.121681291503689,0.0700759015644957,0.243262873225446,0.0834555055553601
Q944S3,1,0.0571078988407861,0.0574980336477839,0.238854409439598,0.0605627534088114,0.0588221432614493,0.128251093092302,0.0763661730711778,0.234220063337256,0.088317431900836
F4HV37,1,0.0538417460024803,0.0553960906452342,0.23947353639705,0.056640794547395,0.0565236084456008,0.131266744284857,0.0789665584998034,0.234270359637304,0.0936205615402756
AT1G07753,1,0.054231966984382,0.0591198115136912,0.250358205571256,0.0602985934209828,0.0604312018786683,0.123180011439231,0.0677975434092996,0.243412244525304,0.0811704212571854
A0A178WC31,1,0.043852011491857,0.0410724536410339,0.283508535816115,0.045124860198215,0.0424369851267825,0.1233114727776,0.0665247534139846,0.274949065814627,0.0792198617197851
AT1G54355,1,0.0623302394213537,0.0629779322788403,0.216787332745887,0.0662568827625173,0.064464007096094,0.132823898302079,0.0843076482955385,0.212217983633537,0.0978340754641532
Q5E930,1,0.0279072651715855,0.0235594690935776,0.31900753856122,0.0286229685459604,0.0251793451254533,0.137262954823891,0.0525331763937777,0.313582597588414,0.0723446846961214
F4HYV4,1,0.0571078988407861,0.0574980336477839,0.238854409439598,0.0605627534088114,0.0588221432614493,0.128251093092302,0.0763661730711778,0.234220063337256,0.088317431900836
A0A1P8APL7,1,0.0473643201067141,0.0511836422711626,0.27010881361646,0.0526847502790379,0.0524870917674042,0.121772210661988,0.0650952920583575,0.25987920212031,0.0794246771185652
Q1G3X9,1,0.0617267769269672,0.0761013347812408,0.222558871943809,0.0720713721306588,0.0763323552843299,0.119496114782692,0.0713648550069508,0.217218702616859,0.0831296165264936
Q9SS00,1,0.055746301719475,0.0736725017966364,0.242102880616408,0.0661454864667116,0.0730883579439699,0.112956205795469,0.06506664744926,0.234501281798973,0.0767203364130974
Q9C8Y5,1,0.0414913359857915,0.0365513336837597,0.266260404334112,0.044117175770955,0.039546905171271,0.148716812031402,0.069615033026972,0.264638217488978,0.0890627825067588
Q3ECH2,1,0.0436472360917231,0.0501999936663485,0.285896721557784,0.0496358348595717,0.0513501548916816,0.113767287680759,0.0576462377518439,0.277234618990623,0.0706219145096647
Q94ID3,1,0.0514816290011747,0.0494895134057204,0.239188226423597,0.0573589440841649,0.0530220601651997,0.148911366298456,0.0716148393537694,0.237393851412096,0.0915395698558212
F4I5D5,1,0.0242282826503341,0.0209990491256564,0.365109591739439,0.0248373630317774,0.022292165110644,0.0980874255279977,0.0399293462872819,0.353499780320927,0.0510169962059428
AT1G09523,1,0.0571078988407861,0.0574980336477839,0.238854409439598,0.0605627534088114,0.0588221432614493,0.128251093092302,0.0763661730711778,0.234220063337256,0.088317431900836
Q1G324,1,0.035036424167196,0.0277184427288771,0.295984718676664,0.0331809751091048,0.0292147025753815,0.13830681536674,0.0660940285005516,0.290986545027322,0.0834773478481636
Q9LX16,1,0.0512019311108532,0.0616568971166168,0.261682716713261,0.0586502972094674,0.0619256080353903,0.113583666762507,0.0632948108905545,0.253113662587233,0.0748904095741172
AT5G02225,1,0.0538417460024803,0.0553960906452342,0.23947353639705,0.056640794547395,0.0565236084456008,0.131266744284857,0.0789665584998034,0.234270359637304,0.0936205615402756
Q9LXE7,1,0.0466128653799441,0.0514969602138987,0.279736762062176,0.0515123608234992,0.0523494346600837,0.114218473878089,0.0607919986421103,0.270486205617167,0.0727949387230321
Q9S7T9,1,0.0337564938483515,0.0287618473363832,0.291874950194639,0.0343017698649773,0.0307612685624219,0.145599942519218,0.0616620903977155,0.29107226378266,0.0822093734936332
F4K2L4,1,0.0590005285884826,0.0607162592831182,0.217978441660502,0.063078913812762,0.0623158277649161,0.137316727799382,0.0847978832980515,0.21361242801777,0.101182989775015
Q39034,1,0.0349633850652862,0.02888876977657,0.30730241983089,0.0344993786560272,0.0305703635613036,0.129041855569891,0.0579432468301498,0.304207586856768,0.0725829938531142
Q3E8R5,1,0.0244840833520647,0.0232225081820595,0.36609526232991,0.0259575301566201,0.0244365690849292,0.0959470160502959,0.0390474665811256,0.349877068206751,0.0509324960562445
Q949R3,1,0.058650324298659,0.0730680765598373,0.222709811945753,0.0688845307997583,0.0737545973840075,0.124497221141933,0.0734334793674035,0.216527371495609,0.0884745870070395
Q9FIC8,1,0.0625297612017161,0.0707206445021935,0.221051130890006,0.0701898409196327,0.0715095043170655,0.123893397098786,0.0761159357018335,0.215771306940021,0.088218478428745
Q9FLE2,1,0.0468659026532081,0.0504772600982036,0.260395145451416,0.0514247098054148,0.0522551724964746,0.129755171197621,0.0689484400436207,0.254083006382616,0.0857951918714252
Q9FIG8,1,0.0571078988407861,0.0574980336477839,0.238854409439598,0.0605627534088114,0.0588221432614493,0.128251093092302,0.0763661730711778,0.234220063337256,0.088317431900836
Q9FK75,1,0.0422130287943293,0.0392847429013373,0.25793518415676,0.0465797253178789,0.0426623938404925,0.158292882368135,0.0657711861778517,0.257322020768148,0.0899388356750677
Q9FJ49,1,0.0397564378778438,0.038133310652211,0.295132150197715,0.0420937094799484,0.039896447603738,0.123847346939094,0.057246475609437,0.292161919197302,0.0717322024427103
Q9FLH9,1,0.0527851120330381,0.0618669891471348,0.247879543947482,0.0602770684320495,0.0628896699751538,0.123608974008583,0.0672296842073852,0.241697364825741,0.081765593423433
Q6NLH4,1,0.036143029807367,0.0355362704265417,0.292252865706856,0.0405286566261539,0.0382449729387199,0.135486837798931,0.0560541395002952,0.291468382213024,0.0742848449821117
Q9LTH9,1,0.0411696234544179,0.036451551164804,0.285717897541173,0.0423141654008864,0.0381805484280457,0.13277325670189,0.0613855751469647,0.285501087834316,0.0765062943275013
F4JXD2,1,0.053363394201268,0.0662029487775549,0.238644178061889,0.0630851737786204,0.0676948921213697,0.124343294284372,0.0697135741494525,0.231563631531081,0.0853889130943919
Q8W1E3,1,0.0377082002815499,0.034321330266099,0.273155688931342,0.0399764028365062,0.0366786171805022,0.155016237359688,0.0630110327803971,0.27303925845442,0.0870932319094961
A0A178UEA7,1,0.0623302394213537,0.0629779322788403,0.216787332745887,0.0662568827625173,0.064464007096094,0.132823898302079,0.0843076482955385,0.212217983633537,0.0978340754641532
Q9FKQ5,1,0.0474563925254192,0.0514505696085095,0.253403961970908,0.0539295529504999,0.0535624208838953,0.134874358529547,0.0697731523893377,0.24703115542731,0.0885184357145734
Q3EBD7,1,0.0511725096771349,0.0553889448059879,0.25657593329911,0.0567915814007935,0.0565808488111979,0.124102575461056,0.0686173604232639,0.247852333507124,0.0829179126143312
B3H617,1,0.057498972409055,0.0687067632568012,0.23281002174823,0.0671472949939473,0.0696870457611928,0.124747708076658,0.0688402031526755,0.226809093074389,0.0837528975270515
Q9LDE1,1,0.0461392432081162,0.0531685973115609,0.269423872126036,0.0532934279771304,0.0548399405732942,0.123176364313598,0.0605180898029522,0.263560684566675,0.075879780120638
Q9SFV6,1,0.0320857115535573,0.0290335182705929,0.321261642013022,0.0335462242113626,0.0305254430771745,0.11898962700606,0.0510857743870903,0.31827367329635,0.0651983861847893
AT3G02085,1,0.0571078988407861,0.0574980336477839,0.238854409439598,0.0605627534088114,0.0588221432614493,0.128251093092302,0.0763661730711778,0.234220063337256,0.088317431900836
Q9LE44,1,0.0477602450889858,0.0534160179193413,0.275132998524275,0.0541316526928705,0.0544555301951486,0.115335975915808,0.0603531386097789,0.266649678171739,0.0727647628820521
Q9LJF1,1,0.0538417460024803,0.0553960906452342,0.23947353639705,0.056640794547395,0.0565236084456008,0.131266744284857,0.0789665584998034,0.234270359637304,0.0936205615402756
Q9LRR2,1,0.0547405672289722,0.0642936111305294,0.233349871324404,0.0626667325438204,0.0649320739678653,0.129786608904092,0.0728575192546275,0.227341109662474,0.0900319059832157
AT3G03595,1,0.0590005285884826,0.0607162592831182,0.217978441660502,0.063078913812762,0.0623158277649161,0.137316727799382,0.0847978832980515,0.21361242801777,0.101182989775015
Q9LRM4,1,0.0338792609383641,0.0319906192879609,0.315855847418754,0.0366528404636254,0.0339209881182897,0.119395124193336,0.0494786706224161,0.315122249092887,0.0637043998643658
F4JBE2,1,0.042731651509356,0.0451138347026282,0.26818382665708,0.0487967416799254,0.0477435228126626,0.13703666024274,0.0638983421576971,0.262717472774222,0.0837779474636881
Q42431,1,0.0483164248541533,0.0357875642906497,0.233814512872454,0.0449618404981662,0.0375752768908282,0.164929160335444,0.0903698168366641,0.233291222043022,0.110954181378618
AT3G05955,1,0.0325391595064374,0.0268713037818908,0.312809481692858,0.0315693797551268,0.028207246586115,0.126291651217761,0.0619458453993694,0.302665025756006,0.0771009063044352
A0MDR2,1,0.0390400215654695,0.0391044311670598,0.296396695018906,0.0413070189977688,0.0403221513061549,0.120811415888205,0.0619642118170025,0.28368199143821,0.0773720628012235
AT3G06605,1,0.0538417460024803,0.0553960906452342,0.23947353639705,0.056640794547395,0.0565236084456008,0.131266744284857,0.0789665584998034,0.234270359637304,0.0936205615402756
AT3G08070,1,0.0578743068776811,0.0725031272648891,0.225745367174595,0.0670885765822045,0.0727828140641415,0.12360159095709,0.0729261411566095,0.220176190705222,0.0873018852175676
Q45GK4,1,0.0538417460024803,0.0553960906452342,0.23947353639705,0.056640794547395,0.0565236084456008,0.131266744284857,0.0789665584998034,0.234270359637304,0.0936205615402756
AT3G08245,1,0.0514522385055691,0.0538889071924476,0.253703531901287,0.0584754127208717,0.0563397030892536,0.131170901392174,0.0652398836590277,0.248391543408589,0.0813378781307805
Q9FPR6,1,0.0539979406501937,0.0521933798829734,0.232449559936816,0.0585733588364817,0.0547926730285188,0.143539348481395,0.0786666892294877,0.230078928164993,0.0957081217891416
Q9M2Q2,1,0.0477602450889858,0.0534160179193413,0.275132998524275,0.0541316526928705,0.0544555301951486,0.115335975915808,0.0603531386097789,0.266649678171739,0.0727647628820521
AT2G04205,1,0.0617267769269672,0.0761013347812408,0.222558871943809,0.0720713721306588,0.0763323552843299,0.119496114782692,0.0713648550069508,0.217218702616859,0.0831296165264936
AT2G04335,1,0.0590005285884826,0.0607162592831182,0.217978441660502,0.063078913812762,0.0623158277649161,0.137316727799382,0.0847978832980515,0.21361242801777,0.101182989775015
AT2G04465,1,0.0530942367863054,0.0570545565959052,0.24686955825158,0.0589824548161709,0.0577571577077093,0.129009300546076,0.0706648457001672,0.240521650067546,0.0860462395285397
AT2G04785,1,0.0373544529081732,0.0397503829460209,0.317604329704447,0.040994388157746,0.0406795488836251,0.104947852676404,0.0521199789308829,0.302870038082823,0.0636790277098781
Q8VZK8,1,0.0538417460024803,0.0553960906452342,0.23947353639705,0.056640794547395,0.0565236084456008,0.131266744284857,0.0789665584998034,0.234270359637304,0.0936205615402756
AT2G06995,1,0.0479322309839741,0.0480038554977635,0.270409190360749,0.0513517661911017,0.0493134915830737,0.124213963913986,0.0667044531251875,0.261561053028629,0.0805099953155345
Q9SIE6,1,0.0418377930353473,0.0435106129774474,0.292517526934314,0.0450064648150308,0.0446619264231056,0.11701353756157,0.0593499154257596,0.282964548724566,0.0731376741028599
O22778,1,0.0434973455297553,0.041623697526901,0.249930605935385,0.0477908025036595,0.0448107934921065,0.157775682393269,0.0701825392006389,0.249570855507252,0.0948176779110322
Q9ZQP6,1,0.0289318738015291,0.0245438423090466,0.340171427790182,0.0285508892162928,0.0257524324601594,0.111010419773612,0.0489934122237046,0.330063414712777,0.0619822877126967
AT2G08985,1,0.0538417460024803,0.0553960906452342,0.23947353639705,0.056640794547395,0.0565236084456008,0.131266744284857,0.0789665584998034,0.234270359637304,0.0936205615402756
Q9ZVB5,1,0.0449320423600066,0.0488907683465442,0.286543377515737,0.0502453638221595,0.0498580060792172,0.115072271050014,0.0560570663528277,0.279419451471222,0.0689816530022724
AT2G09455,1,0.0468651641518857,0.0475987824724046,0.265564636395146,0.0495588359253667,0.0485215461774266,0.127689727679157,0.0704324167108331,0.257855547332646,0.0859133431551349
O64857,1,0.0400231068596068,0.0330730821426879,0.280646027200982,0.0385745540552902,0.0345783124835177,0.136357989743415,0.0740890098695214,0.272885618265208,0.0897722993797707
AT2G09945,1,0.054638353606552,0.0699052367113515,0.235654515326038,0.0642220787462706,0.0698121780759585,0.122471244028841,0.0696943230434589,0.228348581983684,0.0852534884778459
B3H4R4,1,0.0590005285884826,0.0607162592831182,0.217978441660502,0.063078913812762,0.0623158277649161,0.137316727799382,0.0847978832980515,0.21361242801777,0.101182989775015
A0A1P8B386,1,0.0538417460024803,0.0553960906452342,0.23947353639705,0.056640794547395,0.0565236084456008,0.131266744284857,0.0789665584998034,0.234270359637304,0.0936205615402756
F4JH46,1,0.0406037307654758,0.0382934348849919,0.285686183663252,0.0423581473913274,0.0400029788108567,0.131775304195592,0.06227847540987,0.279412330081441,0.0795894147971933
A0A178V3G1,1,0.0461325329356272,0.0469350226776819,0.260696998212369,0.0489754671211353,0.0478427462183929,0.133762994685867,0.071799710114475,0.253928813111198,0.0899257149232546
AT4G04223,1,0.0572377182107872,0.0486783934757335,0.219469468510756,0.0586487698844164,0.0506963886466735,0.160141990248234,0.081893106548729,0.21928619235674,0.103947972117931
A0A178UXQ0,1,0.032960793097528,0.0269693980699109,0.310852297225816,0.033710751442126,0.0288652528530685,0.132870780364656,0.0543653730425242,0.309505269535857,0.0699000843685142
Q9M0S8,1,0.0367601419361767,0.0388433434701558,0.31351632192549,0.0397247162911106,0.0397564470013261,0.109434264086594,0.0552184188788413,0.298520963836674,0.0682253825736306
A0A178V1C5,1,0.0355977466204062,0.031262828959976,0.310295280385473,0.0354483287817094,0.0325340720217668,0.120233499210932,0.0612512431395232,0.29867816886622,0.0746988320139934
Q9SU32,1,0.0293793624177551,0.0251285960414745,0.319226708137652,0.0298821595098938,0.0266728288098796,0.128776484858479,0.0554682057907295,0.31322119955199,0.072244454882147
A0A178UZY4,1,0.0623302394213537,0.0629779322788403,0.216787332745887,0.0662568827625173,0.064464007096094,0.132823898302079,0.0843076482955385,0.212217983633537,0.0978340754641532
Q1G3I2,1,0.0265859409335201,0.024224474471839,0.345754510883251,0.0277890700425629,0.0256657209715712,0.108732321983089,0.0439998007843119,0.339699088774928,0.0575490711549272
Q8RXC3,1,0.0426937180499374,0.0416773211965926,0.274468410440363,0.0446803320989406,0.0429326619547942,0.134683368417895,0.0659869816598677,0.268241292036856,0.0846359141447533
Q84JC2,1,0.0524852811031892,0.0614005951030455,0.246199157302491,0.0607538377221778,0.062890425481284,0.124590749348344,0.0689872003927831,0.238393903623825,0.0842988499228604
O65457,1,0.0544873549779249,0.0612760195085655,0.252110504716574,0.061192546942374,0.0622098743628146,0.119043480773053,0.065898350773954,0.245955894867445,0.077825973077295
P82794,1,0.0359573353488719,0.0373758271344338,0.31515530944364,0.0390173563431596,0.0385433418718638,0.110362051089826,0.0538991088617105,0.302722557013781,0.0669671128927128
Q9FVI6,1,0.0633839892689247,0.0782162900792662,0.21458465194156,0.0741298738875301,0.0785256562032615,0.121280217132095,0.0740912036819541,0.209107763861841,0.0866803539435677
Q8RWE5,1,0.034817256123881,0.0337952406296035,0.321746060564486,0.036370251204761,0.0349121271518828,0.109585670594888,0.053965690953598,0.308504794542073,0.0663029082348271
F4JU69,1,0.0459222221983307,0.0465027352140358,0.264542383110988,0.0507106572789201,0.0491317867275648,0.133070738987047,0.067721322938536,0.257367386619386,0.0850307669251917
Q67Y55,1,0.0571078988407861,0.0574980336477839,0.238854409439598,0.0605627534088114,0.0588221432614493,0.128251093092302,0.0763661730711778,0.234220063337256,0.088317431900836
Q9M0D8,1,0.0349654870798956,0.0290923987848549,0.311054322119078,0.0345130688215797,0.0305849820973606,0.125392669878054,0.0561068157273206,0.308150978737881,0.0701392767539762
O81755,1,0.0446684921313946,0.0445330575174053,0.270002589993367,0.0476019726014093,0.0460608297443546,0.130854448176996,0.0686613513293135,0.262079307272288,0.0855379512334717
F4JSU0,1,0.0458200262874075,0.0497656665909699,0.264984440381432,0.0517471133713009,0.0519339581764878,0.128255624473901,0.0671442662895397,0.256503035306749,0.0838458691222132
Q9T073,1,0.044269459865617,0.0420484955557915,0.273901893603869,0.048847898730326,0.0451389797829317,0.135213213245397,0.0624384194146857,0.269141673510415,0.0789999662909662
AT4G09785,1,0.0623302394213537,0.0629779322788403,0.216787332745887,0.0662568827625173,0.064464007096094,0.132823898302079,0.0843076482955385,0.212217983633537,0.0978340754641532
P93277,1,0.0617267769269672,0.0761013347812408,0.222558871943809,0.0720713721306588,0.0763323552843299,0.119496114782692,0.0713648550069508,0.217218702616859,0.0831296165264936
Q9MAM4,1,0.0386352385497267,0.0182573162405207,0.0815505849232294,0.0305134014634757,0.0207548663731696,0.277606637001641,0.173669426672447,0.0852538651548164,0.273758663620973
Q1PFZ6,1,0.0459427250242168,0.0218621262982629,0.0996489394858146,0.0354107828570447,0.0244331612474234,0.258376617120544,0.175741924004085,0.104022657204816,0.234561066757792
O64492,1,0.0359733733250967,0.0236120224045554,0.197439349522077,0.0333534919522467,0.0264886225037694,0.259685837698124,0.0873985300359504,0.206428368279877,0.129620404278303
F4I8R6,1,0.0375902819464761,0.0176721537653441,0.111510633348868,0.0294439893888088,0.0200241195701268,0.381783221867168,0.110994575068095,0.118350090680091,0.172630934365022
A8MS78,1,0.050139529750442,0.0253179703804347,0.0939815752777512,0.0421745737238604,0.028810008828551,0.274755866535105,0.14783852730772,0.0979584547476944,0.239023493448441
P26568,1,0.0532654435745367,0.0225606723788999,0.0860003180221912,0.0400981969140759,0.0258768475723489,0.306243554561608,0.152114474363094,0.0910521242343222,0.222788368378923
AT1G04513,1,0.0468445191734841,0.0214900510545336,0.0793202047117724,0.0379063703935452,0.0248715759267743,0.320140576596862,0.140057045543872,0.0835716590576743,0.245797997541483
Q9LNX4,1,0.0620218875918799,0.0245075133983207,0.0881963256319173,0.0442391241618044,0.0277256593538771,0.251925322551791,0.182814505730711,0.0923944099611546,0.226175251618544
O04089,1,0.0383814466126977,0.0215869419097336,0.171124872127889,0.0339223400235601,0.024522937259143,0.303411234589656,0.0937832510608973,0.182213471617172,0.131053504799251
Q3EDE7,1,0.038506617177277,0.0229550644250574,0.148229669610945,0.0352059926201418,0.0261659797609449,0.344107503538062,0.0867161712745002,0.158466127187922,0.13964687440515
A0A178W6B2,1,0.0424897823141061,0.0191937319932656,0.0791593560461409,0.0333544391721444,0.0220084957467952,0.310380222407295,0.148408202678467,0.0828735740127383,0.262132195629047
Q93WK6,1,0.0324858724848117,0.0159566417487779,0.101885242022881,0.0255070770528135,0.0180320525622914,0.360756088426921,0.126676636766316,0.107395908487862,0.211304480447325
Q9LM69,1,0.0356782668605235,0.0145422396053803,0.0593370435117948,0.0262769994158122,0.0168811677703284,0.310081517475332,0.174548871837835,0.0627866105977723,0.299867282925222
Q0V805,1,0.0423819755629892,0.0189571182151918,0.0774720980347223,0.0334462936903326,0.0220135495083024,0.287360636770147,0.169459338297059,0.0810504142685315,0.267858575652724
Q9LMN6,1,0.0487307021139406,0.0316929363041921,0.202724669613815,0.0434938338887202,0.0347343942311626,0.214162204369529,0.0920670420776829,0.210889512338492,0.121504705062465
Q9FZJ4,1,0.0475052836987674,0.02540250853188,0.114469886186614,0.0414536747843339,0.0292412528063351,0.280965883846841,0.137301219736371,0.119044850819579,0.204615439589278
Q4PT10,1,0.0488254303770266,0.0308522306112849,0.173154886826866,0.0460846342871431,0.0345635665562438,0.243741971636612,0.102037589821999,0.180063513988262,0.140676175894563
Q9LPE8,1,0.0353281825955751,0.0150368009903186,0.0836247913806797,0.0261521092134546,0.0172016941136955,0.35388512596112,0.155126937205354,0.0885589087442628,0.22508544979554
Q9LNN1,1,0.0263289748577137,0.0128554090236959,0.0867079887082969,0.0210996121201136,0.014551237598183,0.432919941984049,0.10934380602232,0.0918719580307824,0.204321071654846
Q9SYF2,1,0.0587963564826942,0.0340070974297523,0.159773224757653,0.0524271250732566,0.0376903558394926,0.247117830621741,0.102739641251953,0.167081649687567,0.14036671885589
Q9SYG1,1,0.0395347712153423,0.026418664805276,0.188365309837032,0.0387400142193137,0.0300583081025795,0.262408079629581,0.088348793153706,0.197896591842726,0.128229467194444
A0A1P8AVS4,1,0.0518405251118972,0.0229951993295121,0.095791156414978,0.0395804215871477,0.0261411403665065,0.266647258256263,0.168312012133716,0.0999633514898323,0.228728935310147
A8MRV9,1,0.0409171772140125,0.0235411937844614,0.200058048189972,0.0340469877581713,0.0257226096716883,0.238937857750399,0.097871451376608,0.207740256432205,0.131164417822483
B3H5R3,1,0.0575187072142136,0.0241269607908749,0.087132919463651,0.0405204824083566,0.0272372465552728,0.252996227906929,0.177064213266593,0.0912216810045809,0.242181561389529
Q9SRZ4,1,0.0690789539076588,0.0307124406196085,0.0946155335355244,0.0521881550907616,0.0342451937836976,0.228695603960718,0.169259968195258,0.0981963768985748,0.223007774008198
Q7PC84,1,0.0431116011520192,0.0249970596239749,0.168273319112256,0.0376972634235816,0.0282482477425674,0.260480399802342,0.111346009519919,0.17587941282336,0.149966686799981
AT1G67328,1,0.0706031995816437,0.025019679265004,0.0733379871003998,0.0488470097351878,0.0288009549656645,0.252666221758462,0.176792191493696,0.0767526809399001,0.247180075160043
Q8H0T5,1,0.0566081419455178,0.0203410924639165,0.0680365794224641,0.0396589999433042,0.0238985623457218,0.285697279093412,0.182157239259204,0.0718101676215428,0.251791937904916
Q9C6B9,1,0.0291161038322653,0.0172376746644185,0.2123033495817,0.0247468915482791,0.0190146777973115,0.263759230739383,0.0869586739132696,0.222973281374082,0.123890116549291
AT1G74545,1,0.0467661300916611,0.0309463174615742,0.170210029200398,0.0435672170384926,0.0346244335465046,0.247623594751918,0.100825534702527,0.17610231788486,0.149334425322065
Q5XVF5,1,0.0554810761001811,0.0364574927772986,0.168528861874474,0.0511464195437474,0.0406179731615331,0.219185306005356,0.108050536639856,0.172317384922475,0.148214948975078
O80654,1,0.0563189797557146,0.0272586146409621,0.104085157655499,0.0445249845528182,0.0307505386616259,0.245518237348745,0.167342472484843,0.108622070307084,0.215578944592707
Q9LZX2,1,0.0309162036414449,0.0141041752424609,0.0797664858714913,0.0235046136951117,0.0160887312869978,0.338954296233879,0.156266779342538,0.0840148326628442,0.256383882023232
Q9LZV9,1,0.0377657738787428,0.0237070443191007,0.203211669739621,0.035067903699929,0.0267877468212099,0.25217867640495,0.0872491679597309,0.213469872903183,0.120562144273532
Q9LYX1,1,0.0645095549516579,0.0251558740646124,0.0867162684364399,0.0477517593716123,0.0291837417619622,0.293775864116322,0.152646655154031,0.0916246887026246,0.208635593440737
A0A178UNP8,1,0.0342092711313892,0.0150919928086931,0.0831888706217089,0.0264271253352574,0.0173488940289037,0.395575571184899,0.129997815127331,0.0883205239751817,0.209839935786636
Q8L5X9,1,0.0469982446607699,0.0269446034489539,0.160900980181322,0.0419894435927871,0.0303854402608813,0.285953493877188,0.0978977396046436,0.171232836561818,0.137697217811636
Q9FG34,1,0.0475656183869363,0.024256351719336,0.129875071385494,0.0406300381536897,0.0280124183574236,0.309152102620845,0.119732227964965,0.137559084526505,0.163217086884806
Q9FL42,1,0.0427421096172809,0.0299984128745729,0.196453248943829,0.0404091739477605,0.0326117576456145,0.232495947685017,0.089644958325534,0.203069258528452,0.132575132431939
F4KFG5,1,0.0383905537124717,0.0226252301915975,0.158607495144351,0.0357391636948018,0.0259546205104952,0.324404290239899,0.0902234565358559,0.16929985932405,0.134755330646477
Q9LX09,1,0.0360728051052772,0.0155074249622522,0.0719855237711435,0.0278348793363679,0.0179572804467988,0.350849717139296,0.148890541816036,0.0758093921813366,0.255092435241492
Q9FT64,1,0.045252387578087,0.0274344729133004,0.182114588459804,0.0400437484405397,0.0301770032337789,0.235395827904682,0.107604823238453,0.188707766225899,0.143269382005456
Q9LFP0,1,0.0442524157231527,0.0273283982867457,0.155574644708485,0.0405709363237101,0.0309417966845545,0.28121569898587,0.102070780424971,0.162925653499647,0.155119675362864
Q9LYJ0,1,0.038827487185121,0.0213649832837282,0.165702571994801,0.0334365031002476,0.0241371787118562,0.313786750403457,0.0932311800260466,0.177661895546588,0.131851449748154
Q9LFR3,1,0.0403684912026912,0.0217165503256113,0.129107517604156,0.0329170656525137,0.0243483401905832,0.288564725573012,0.131228769258628,0.134541058357763,0.197207481835042
Q3E9F7,1,0.0600203508378652,0.030555541288444,0.127413254152628,0.0500190964407245,0.0341616950456451,0.251780391189709,0.136114649430448,0.132799795944176,0.177135225670361
P48007,1,0.0516567473948943,0.0325829824336429,0.188648776298846,0.0455553814174686,0.0356549262373505,0.220403977779657,0.0990656932140345,0.19473353579004,0.131697979434067
AT5G03255,1,0.0413620477867773,0.0226815781531723,0.120565377347495,0.0373492807027117,0.026208400154678,0.353671334364314,0.104071624734415,0.128207722629039,0.165882634127398
Q5XV37,1,0.0601246251700482,0.0275504053545768,0.0915384288238601,0.0475633212363895,0.0318841214737714,0.236678782816109,0.174500839572298,0.0949641145625557,0.235195360990391
Q9FG67,1,0.0291628393530071,0.0184221194860223,0.224295087940985,0.0268333807611967,0.0206757749624737,0.268558769299192,0.0695422941468844,0.240925483937842,0.101584250112396
Q9FN52,1,0.0415614875704819,0.0232269380767655,0.147400899840885,0.03711017853442,0.0267715187944317,0.327713320553431,0.0966977412032386,0.157408567527168,0.142109347899178
Q6R3K9,1,0.0483485698279222,0.0192518982542162,0.0800588075897106,0.0353225879040077,0.0221649508938806,0.312305896251183,0.167361303348954,0.0847072138344564,0.230478772095669
P58050,1,0.0446725517992674,0.018750002991663,0.0850591045586249,0.0312324551026495,0.021026214934844,0.278967564037758,0.176233863396631,0.0891999075763896,0.254858335602173
Q93YZ9,1,0.0372637889464254,0.0191006931778799,0.11367287608873,0.0299801347858401,0.0216746676501079,0.325428625342108,0.129699131667939,0.119691810602606,0.203488271738363
Q3E936,1,0.0431351612821159,0.0240970880616079,0.151052080233889,0.0379680767872197,0.0272590992015066,0.313308966952748,0.0988769480583849,0.161404994595835,0.142897584826692
Q6NNI3,1,0.0459424280208047,0.0281465164154572,0.203889538372915,0.0420867901876834,0.0315387880180678,0.227591352474594,0.0901819856670685,0.212777472547027,0.117845128296382
A0A1P8BF78,1,0.0577551844221514,0.0417956735927798,0.176385440182167,0.0565327101429463,0.0458373292015384,0.188815534514968,0.113859645835123,0.178790436015332,0.140228046092994
Q9FID8,1,0.0511776036097921,0.032243444065449,0.190481955571219,0.0453811264307995,0.0352506029008304,0.22967691508527,0.0912696627076,0.199451002889775,0.125067686739265
Q9FID1,1,0.0516436784888626,0.0262684415321918,0.129561756971471,0.0423511487198417,0.0294427290824962,0.288950335027334,0.124177303282376,0.137015566256835,0.170589040638592
Q9FLD5,1,0.0526906487266331,0.023560536082541,0.113962341886884,0.0400700561813408,0.0266404105307736,0.308834211036847,0.132405209339845,0.120474167097266,0.18136241911787
Q9FHE8,1,0.050195214264235,0.0328353510826982,0.18192977120628,0.0453375724412707,0.0354260034176152,0.21656671927098,0.106750772819023,0.185496966080274,0.145461629417624
Q9FL35,1,0.055651604720154,0.0268416389069043,0.125723816596246,0.0411905643352895,0.0292987060395825,0.242821537196364,0.152192591358024,0.130434272116788,0.195845268730649
Q8GX37,1,0.0339718193182901,0.0223857974815719,0.191090043884254,0.0321898562336298,0.02514598624936,0.282148379360972,0.082913201456851,0.199937020105103,0.130217895909968
P92934,1,0.0480600368442762,0.0246312200602969,0.134477241517945,0.040299342247885,0.0283355563011161,0.283928704845287,0.129741130243481,0.141553765153566,0.168973002786147
Q9FLI4,1,0.0314730767446016,0.0196455663063306,0.213472678497364,0.028654965914289,0.0220715774871741,0.266116832520543,0.0785041839611719,0.227164012174692,0.112897106393834
A0A1P8BAX5,1,0.0521351339348074,0.0285063520468483,0.143665236589103,0.0456259448775977,0.0321066030696531,0.301604372291717,0.0988993635399496,0.152636621123163,0.14482037252716
Q9FHB2,1,0.0458508447445963,0.0303700501187721,0.163005476017244,0.0442211978503196,0.0341313411839807,0.263684032811987,0.0989390226018754,0.170117154703155,0.14968087996807
Q9FJD8,1,0.0324156790710868,0.0164943114757861,0.106058474723315,0.0272489579728511,0.0187605771485195,0.439125051106211,0.0915797345993171,0.113846229542703,0.15447098436021
Q9LV88,1,0.0452710713901199,0.0278575450295694,0.182606150340044,0.0416138793991219,0.0310619241088545,0.264198573418452,0.0887311664774265,0.194263360103096,0.124396329733316
Q9FKQ6,1,0.0553527922208272,0.0257235648611099,0.110550987009982,0.0436220694918407,0.0292488684141248,0.290086462221725,0.138271084821325,0.116635286578832,0.190508884380233
O49538,1,0.0544173748404381,0.0234134550973995,0.0995982012420585,0.0428985268109485,0.0270421747356066,0.318642590725277,0.138828523436467,0.105521929360384,0.189637223751421
Q67ZW1,1,0.0377254950621806,0.0210446444346083,0.131439858882799,0.0331013092700081,0.0237781030843387,0.353963483535932,0.0966506797613803,0.138750993827999,0.163545432140754
Q96305,1,0.0509215551111774,0.0342648722854649,0.181973672810591,0.0492822619724391,0.0385633072973346,0.217400293678033,0.103387618308601,0.185935191822913,0.138271226713447
Q9S702,1,0.0321120043904716,0.0192163584293402,0.180400682592914,0.0292435107628699,0.0218807456473447,0.316937320377616,0.0832254724635248,0.192768176353787,0.124215728982132
Q9C9Z0,1,0.0502927450213971,0.0220595585979166,0.093071827772305,0.0374026088131756,0.0251877816520845,0.291517713352333,0.159271771675363,0.0981122057199083,0.223083787395517
Q9LD39,1,0.0459420257612096,0.0240117037380706,0.107551487798961,0.0378097495189984,0.0269857742748521,0.293871467627547,0.132428041551856,0.112172632604911,0.219227117123595
Q56YQ1,1,0.0705582485158845,0.0277630052273488,0.0956492398666431,0.0486025324270933,0.0313213696519513,0.24189104157781,0.174024848918336,0.100111137776968,0.210078576037965
Q9LTP5,1,0.0420534489989493,0.0243948608803725,0.168566358380349,0.0377414775627289,0.0278338715939465,0.278162768246992,0.102525418823395,0.177241091115067,0.141480704398199
A0A1I9LMI7,1,0.0571953366143437,0.0247701968314425,0.0929202722050201,0.0412255888783053,0.0281284245230811,0.248312399877049,0.173012264705294,0.0967472266009687,0.237688289764496
AT3G04615,1,0.0586907531404408,0.0303243971918459,0.147161690420794,0.0487795137222821,0.0344726251658046,0.259895974851859,0.115078462970989,0.15413267062228,0.151463911913705
Q1PEK4,1,0.031549532151465,0.0179755848038672,0.145448401890078,0.0276033801167951,0.0203317387050963,0.358967952859161,0.0924261572297829,0.154391616324346,0.151305635919408
Q9LHR4,1,0.0568072622746737,0.0246285633459961,0.113118096043296,0.0424419280649817,0.0278390162813636,0.287617793224196,0.142397976093598,0.118918724240052,0.186230640431843
Q9LHR3,1,0.0715703948987394,0.0265327543810585,0.0806800085774834,0.048355098306791,0.0301368212499758,0.243500877690847,0.179603453119119,0.0846429695267048,0.234977622249281
Q5XVB2,1,0.0475926811880123,0.0266858057759555,0.140722777978326,0.0408979263610654,0.0299922942153006,0.286101909270658,0.11444226291685,0.148031036415585,0.165533305878247
Q9C5L3,1,0.0444034211704585,0.0260179270599636,0.176245021782923,0.0401678026686361,0.0291833069546194,0.279551581466555,0.0901956338599981,0.188044477555759,0.126190827481087
Q29PT3,1,0.0434173774680834,0.0244072254624523,0.179283645081459,0.03860738489425,0.0275914453887133,0.285779183871469,0.088018426166762,0.191618022852444,0.121277288814367
Q3EAL1,1,0.0570446081558556,0.026772306956566,0.10689990498277,0.0436067095024338,0.030205248556151,0.255998897747558,0.154970029402386,0.111133486411677,0.213368808284602
Q8LCH9,1,0.042579922436107,0.0171491779054097,0.0604439094334918,0.0329688793362689,0.0203245244423104,0.324593457126015,0.160710913089395,0.0639520222710945,0.277277193959908
Q9M1G8,1,0.0401193771318232,0.0191025992580263,0.0996836947471282,0.0329690140053902,0.022265260240075,0.364805345717545,0.125657860425288,0.105999845912023,0.189397002562701
P0C2G1,1,0.0314880087750631,0.0143720571725615,0.0755011229668045,0.0249702407906881,0.016538103435815,0.400982012598047,0.125171261349688,0.0799749288815823,0.23100226402975
Q94JR6,1,0.037418785921916,0.022424576519117,0.205587902799589,0.0335062832021364,0.0251133174163861,0.264440333240438,0.0804402474213869,0.218589677572897,0.112478875906134
A0A384L327,1,0.0686059648758508,0.0260380478555253,0.0881968138911406,0.0476857689128836,0.0297265630514964,0.257202635079994,0.173326823546916,0.0926157009012679,0.216601681884926
Q9C5W9,1,0.033695838025824,0.0151650654174689,0.0695803144110806,0.0264985879837695,0.0175997563704297,0.352226589545977,0.141129710223427,0.0732705113426964,0.270833626679327
Q9SJ39,1,0.0653871825238633,0.026995271655792,0.100788225874987,0.0472639380431133,0.0303089570919555,0.253401587025429,0.165055851544073,0.10540090397814,0.205398082262646
Q9S7L6,1,0.0515960731995873,0.0310364125383004,0.166460127472613,0.0472434552810599,0.0348739994470599,0.261001756557556,0.0963257602135653,0.173479809818061,0.137982605472197
Q8GXM1,1,0.0720216138407483,0.0287138596254933,0.0913061723114283,0.0539326875711621,0.0331745843000005,0.262434808468173,0.152448722952314,0.0953527338928407,0.21061481703784
Q9ZVX8,1,0.0458664885004153,0.0246578128166227,0.113688840174444,0.0406433409331144,0.028604499541842,0.297583992018693,0.130691484559171,0.118843541423477,0.199420000032221
Q9SI19,1,0.0459656874202531,0.0268172227015943,0.151272746292272,0.0414474375721658,0.0304317956894758,0.276179336246649,0.109858532828273,0.157366474149338,0.160660767099979
O64815,1,0.0409835964233838,0.0195895666425846,0.111757643851285,0.0339407697995649,0.0224455006270454,0.359928707387486,0.117529416358962,0.118198145220009,0.175626653689679
O80992,1,0.0396583308497116,0.0242102469687437,0.189097623514269,0.0365715863924011,0.0275753812679762,0.275433613280798,0.0856130203920591,0.201208067136825,0.120632130197216
B3H4H9,1,0.0488837271343287,0.0232176735930682,0.102142611869162,0.0389215451253407,0.0265550323833908,0.296961762680102,0.146525924961929,0.107606245238407,0.209185477014271
Q9ZV34,1,0.0336001877985595,0.0204449204933751,0.165234071948436,0.0306215277910061,0.0231018568155112,0.312619234637591,0.0941746320719619,0.174063475365785,0.146140093077774
Q9ZW16,1,0.0455684650830641,0.023924081718537,0.150176795874069,0.0389623222559547,0.026990999373012,0.313535404725354,0.0995572641603042,0.15906388533013,0.142220781479575
P26569,1,0.0441575354055732,0.0203129613468415,0.0960594623387994,0.0348152324325757,0.0232194422951515,0.349494243529234,0.130475197383062,0.102241232852616,0.199224692416146
Q8RYC5,1,0.0465205412290581,0.0308986306202671,0.174078440920312,0.0456047012165739,0.0350725264674703,0.261401908103419,0.0896418005199227,0.180999203887244,0.135782247035732
AT2G08655,1,0.0619113992119725,0.0324758544552486,0.115907790716238,0.0546779776832367,0.0369693137775887,0.259351950299503,0.130189579825715,0.120269324683763,0.188246809346735
AT2G08660,1,0.0486456697632739,0.02523231915233,0.129627864150606,0.0399478800410691,0.0288383796360753,0.260445369163015,0.144982671920545,0.135090303626395,0.187189542546691
Q6IWB2,1,0.0512426798893284,0.0261291367292399,0.129956488453344,0.043091795295715,0.0300430254173019,0.291426584925775,0.122583748062076,0.136448776101626,0.169077765125594
F4IRZ1,1,0.0287601987024843,0.0121660919649359,0.0568453780132045,0.0223066334445975,0.0141661597673055,0.449722400805416,0.120965570062483,0.0606504390862796,0.234417128153293
Q8L500,1,0.0302575431768225,0.0177679335304939,0.179352242267772,0.0265129246443282,0.0196598449923769,0.340649877307093,0.0744404847523676,0.194055716437845,0.117303432890901
A0MF48,1,0.0466530807511045,0.0285456155942627,0.143613170771403,0.0444260505603217,0.032920751406377,0.293797153010884,0.101300371500569,0.150447233912156,0.158296572492922
Q9SY38,1,0.0416716405845118,0.0252583990590163,0.196173183310676,0.0370487718208896,0.0278449750737546,0.259487476259647,0.084270345146359,0.206735420392119,0.121509788353026
Q9M0Y5,1,0.0439937453075708,0.0263686359986704,0.191203258360863,0.0397375385500862,0.0293661034783909,0.257514650912019,0.0883561251106793,0.20329261318628,0.12016732909544
Q9M0R1,1,0.0459292585682641,0.0259143826147521,0.145149229687937,0.0385555614306124,0.0287771043150662,0.266904898429349,0.122447963574443,0.151788031309919,0.174533570069656
Q84TI7,1,0.0330757688826415,0.0188898388006179,0.163147149921971,0.0285977895694796,0.0212500067143335,0.30614360978478,0.103966665796709,0.171441912267036,0.153487258262431
Q38838,1,0.0352844412523365,0.0188744437549353,0.140021617607159,0.0302226676268285,0.0214287040174348,0.347331524122135,0.103509658261997,0.148686080924613,0.154640862432561
AT4G14548,1,0.0479495056313481,0.0322134545202477,0.17485803034742,0.045282012887474,0.0357180196996893,0.239106861865718,0.0992865167428241,0.179658234478933,0.145927363826345
O23369,1,0.0430792645207003,0.0212148436600347,0.128989634239817,0.0342903316027059,0.0237723938677152,0.304861285316143,0.127683718841367,0.135170986540509,0.180937541411008
F4JJE4,1,0.0640019615555536,0.0272655191249991,0.101844343534156,0.0466716728988147,0.030588035321855,0.269229342551092,0.15161866653009,0.107132817310994,0.201647641172446
