ID,Cluster,#1,#2,#3,#4,#5,#6,#7,#8,#9
Q0WV96,1,0.523742494569313,0.0213089374925111,0.0444984539108664,0.0157789281521114,0.0340844316758928,0.0442549689889789,0.0422483938805177,0.0414142211173781,0.23266917021243
Q5XF24,1,0.554957010141888,0.0274148696986576,0.0358885453477873,0.020354588049779,0.0484884769068951,0.101005990206506,0.0784859122222637,0.0342791015845953,0.0991255058416279
A0A178W6Z0,1,0.581955191840882,0.0249482545547121,0.0324780952524302,0.0183265512256927,0.0447829068829178,0.095336750879145,0.0726326672624564,0.0307915949449011,0.0987479871568622
F4HW02,1,0.397025404189511,0.0278616710695474,0.0550373883916685,0.0205472477835397,0.0465321183649752,0.063477075627575,0.0607173363470397,0.0506215359030844,0.278180222323059
F4I0Z0,1,0.401017185106673,0.0379963813982214,0.0569896053777559,0.0281519566641063,0.0649799080000197,0.100897725582801,0.0918678126987959,0.0534166376901392,0.164682787481487
A0A1P8AR16,1,0.307655132344912,0.0370718071375385,0.0706941057106377,0.0272711592773019,0.0607473245919019,0.0764488842288359,0.0759517695104842,0.0648788757199725,0.279280941478415
Q8W4Q3,1,0.802745425424063,0.0107289103644278,0.0180084286544733,0.00792411804348056,0.0183891620789363,0.0293211906957981,0.0260186165400904,0.0169892793650922,0.0698748688336386
P0C941,1,0.556938713958998,0.0246151156772603,0.0453959666072654,0.0187341713281961,0.0407753985455065,0.0709547499489808,0.0603845847842433,0.0427725480653793,0.13942875108417
A0A178WBQ2,1,0.442314582260977,0.0247051571071204,0.0638948747985442,0.0190176090977081,0.0370409407673887,0.0508583180629541,0.0464698819391254,0.0595611073886422,0.25613752857754
AT1G19968,1,0.286137763602504,0.0451040585785749,0.0905025785136153,0.0345313238814997,0.0678894300611532,0.0876597608711294,0.0841914058247127,0.0846127016771791,0.219370976989632
Q9SDQ3,1,0.578223014054183,0.0242066267381107,0.0405292160251212,0.018074047400914,0.0415072226557144,0.0650404981924098,0.0594334708896798,0.0385111550539052,0.134474748989962
Q9FRI1,1,0.4784207969663,0.0297302256265064,0.0464577329761378,0.0215011831976917,0.052280901506751,0.0859050305968923,0.0762660878808291,0.0434464622728136,0.165991578976078
Q9C6K9,1,0.491360901277318,0.0330494175625965,0.0465098360502161,0.0244989165531988,0.0568311406088299,0.0964346360100386,0.0845556844300097,0.0445534570910692,0.122206010416724
Q8VWF5,1,0.671356735342745,0.0194311550314979,0.0297183972647163,0.0144085690707916,0.0335960151419809,0.0586364660544532,0.0501330850893743,0.0283105692155747,0.0944090077888664
Q6NQ80,1,0.402222990411481,0.0360164686168769,0.0585959055147354,0.0269348926802173,0.0606260143481309,0.0923324249307527,0.0841560216146793,0.0547057847388212,0.184409497144306
A0A384KU91,1,0.49604990098114,0.0314641226817087,0.039771681876808,0.0229096964975748,0.0573380893561668,0.112908062837402,0.0931364573024978,0.0377643064748067,0.108657681991895
Q9SLK6,1,0.273789645683343,0.0474272898407444,0.0906451815265932,0.0369464685305188,0.0723463305210088,0.0980641442543068,0.0936482232953298,0.0852459638392181,0.201886752508937
Q94F37,1,0.445003418289173,0.0266294325142237,0.0564994061610331,0.0198409444302582,0.0430446086822513,0.0574032278289294,0.0552160630359797,0.0530129042881183,0.243349994770033
Q9C9V5,1,0.471352065511455,0.0327075986174879,0.0449142783324628,0.0247195316201142,0.0566157778368226,0.119262301755727,0.0924025496704804,0.0428872731898289,0.115138623465622
Q9C9L7,1,0.394011539831874,0.0360285427504884,0.0624007406962953,0.0274099782554129,0.0610152555568156,0.0967918673344334,0.0893053491864992,0.059092484826785,0.173944241561396
Q9CAL2,1,0.588304935680357,0.0238482081577668,0.0439362291443169,0.0180248103302917,0.0384344004539369,0.0576817254077958,0.0520981644532702,0.0418920151393235,0.135779511232941
Q949X9,1,0.429203820370624,0.0243512153484091,0.0722686089068614,0.0190343144153727,0.0368819519676079,0.0493881099956521,0.0471195739466421,0.0678716249375528,0.253880780111278
Q9C9H5,1,0.378210216869098,0.0331913892587913,0.0723901217539026,0.0252562837613272,0.0515771494222482,0.0687109249712946,0.0653193476449814,0.0680600500335493,0.237284516284807
Q9CAR0,1,0.380652470745756,0.0179794715343622,0.0593409916914651,0.0139407989634947,0.027272740841341,0.0354323434124247,0.0341097220353336,0.0548935570156717,0.376377903760151
Q9ZRW8,1,0.584816483016839,0.019167262209593,0.0393564833019468,0.0144205645841801,0.0313838804750113,0.0482068060891263,0.042868545092161,0.0366505638477036,0.183129411383439
Q6R0A6,1,0.422586195730738,0.0312802112510821,0.0533514562533562,0.0227286969193481,0.054488574351832,0.0792804539456509,0.0750539684381635,0.0494090615984495,0.211821381511379
A0A1P8BGL4,1,0.663925099618395,0.018810931184838,0.0276981997110221,0.0137357019495149,0.0339633200564592,0.0627670954615274,0.0526961528546237,0.0260169151787244,0.100386583984895
Q9LZ06,1,0.42204713631228,0.0362499608191136,0.0452734865541775,0.027210330792335,0.0640571586874074,0.141257631583005,0.107070596349385,0.0431645433495172,0.11366915555278
Q9LZD8,1,0.57079497182755,0.0235144907814027,0.0422770495939836,0.0178631413949776,0.0391867407511282,0.0643558148142282,0.0562230959504258,0.0399518631775525,0.145832831708752
Q9LZS1,1,0.535533103339203,0.028677008205853,0.0400328931150131,0.0214872972398773,0.0501209036674987,0.0977214436460115,0.0794437183924532,0.0381738047302487,0.108809827663842
Q7XA06,1,0.567387665999477,0.0189342273104106,0.0426166321442342,0.0143178599604442,0.0303966213659201,0.0454479589573097,0.0408976424929107,0.03969840107007,0.200302990699224
Q42527,1,0.491441730010383,0.0332393284472662,0.0442692348072635,0.0241106528912207,0.0581962387564871,0.0962676621437474,0.0844838927668325,0.0419154924953135,0.126075767681487
Q9FIA0,1,0.504945668115588,0.0304150534778998,0.0425960769065457,0.0228565955758284,0.0529377348648308,0.106293122212368,0.0845784472090896,0.04056459928701,0.114812702350839
Q93YS4,1,0.377463607825705,0.034594408209994,0.0777749695607436,0.027037643597806,0.0530379499721435,0.0695268592102734,0.0671797072629199,0.0740909559350725,0.219293898425342
Q9LEV6,1,0.48050075853486,0.0332952418142492,0.041457260248233,0.0245705605299733,0.0581099184184753,0.121594088338285,0.0930118942847781,0.03961537897373,0.107844898857417
P46644,1,0.71507663567711,0.0168976070093952,0.0246125791529744,0.0123823844190376,0.0295266674001952,0.0538902484438165,0.0446548957826963,0.0233462250775834,0.0796127570371911
Q94BZ1,1,0.374267799614209,0.0260579886987695,0.0659989785317164,0.0197998221477432,0.0402551170321536,0.050863975856309,0.049559213013262,0.0619291508339357,0.311267954271901
Q9FFY9,1,0.496170878147969,0.0308023543887419,0.0398516405126741,0.0227667484974011,0.0546152459088704,0.117337447756527,0.0893131690423593,0.0379533467545846,0.111189168990873
Q949T9,1,0.399938317722438,0.0297389978448148,0.0736956770654766,0.0232346017322192,0.0460544130076113,0.0665608088129857,0.061485699324921,0.0687996425432185,0.230491841946315
A0A1P8BHW0,1,0.477284092199898,0.0288989074622587,0.0487625656418046,0.0211296015727482,0.0498979876404299,0.0746457683811899,0.0698428124453446,0.0456900903682731,0.183848174288053
Q9LF05,1,0.32025535811653,0.0306961451644349,0.0799656053554589,0.023520214497525,0.04747709998951,0.0563556676186426,0.0575225297933288,0.0753118712333145,0.308895508231255
Q9LF04,1,0.509828633233698,0.0237777839079512,0.0483516889512003,0.0179410802339393,0.0382146809361753,0.057089330276508,0.0509959357302568,0.045201982110937,0.208598884619334
Q8GY25,1,0.401697023914348,0.0373528959015952,0.0621991432757973,0.027558448832282,0.0632214018226486,0.0891585586059895,0.0869415109453915,0.0586422164028981,0.173228800299049
Q9FKP2,1,0.491315040193661,0.0312135694434911,0.0486017863329114,0.0238826404896362,0.0523616691723863,0.0958678022565427,0.0794632996270623,0.0462540912132781,0.131040101271031
Q02166,1,0.412759629423077,0.0340434771645544,0.0508836691960856,0.0245059905809336,0.0619882588767087,0.0961120415756373,0.0902971516949286,0.0472456888837167,0.182164092604358
Q6NPQ1,1,0.475300811275041,0.0323204107702026,0.0418417634586465,0.0241522327788393,0.0569233216887441,0.123496652688701,0.0931496072279481,0.0398023194227751,0.113012880689103
A0A178UT60,1,0.591689486393348,0.0206813448404668,0.0377174246750154,0.0153060099606368,0.0350178445936405,0.0565479235748254,0.0497263446359461,0.0351545705877816,0.15815905073834
Q9C574,1,0.66013507228761,0.0185616432003178,0.0290869565880943,0.0136069430483106,0.0329617624598433,0.0582632845774693,0.049796000345291,0.0272478681881286,0.110340469304935
O81635,1,0.481151375739196,0.0303279802037814,0.0455171255536326,0.0221471144583485,0.0537629912831537,0.0930557619447256,0.0810151033646855,0.042583827412416,0.15043872004006
Q8RWD9,1,0.526882841673167,0.0299578740315461,0.0430822245306077,0.0225735369367473,0.0508943744339725,0.0901649663845561,0.0754731888849343,0.0410206425088963,0.119950350615573
Q2V338,1,0.390651651109404,0.0302993421587295,0.0618669094191641,0.0228769919673208,0.049874390704536,0.0735277234022386,0.0682989928984687,0.057573001484019,0.24503099685612
Q94AA9,1,0.414962827570453,0.030924819928726,0.0705446492698535,0.0235185732027576,0.0464098868518372,0.0574591579497283,0.0557738827526324,0.0671676171613246,0.233238585312687
A6XH01,1,0.731580755090938,0.0134647354391634,0.026201917247425,0.0100489036500804,0.0219731055399615,0.0326997579048779,0.0294764359789156,0.0246961476888784,0.109858241459759
Q9LVY1,1,0.613762233849097,0.0227025872162544,0.0361461979388718,0.0171363650618302,0.03817819591208,0.0725348529943473,0.0582152702381072,0.0343344721319356,0.106989824657476
Q0WML0,1,0.573434593485425,0.0247416923272218,0.0337985268637803,0.0181905652467553,0.0447138461548106,0.0939571889123067,0.0735952185085628,0.0320468261999849,0.105521542301152
Q9FM26,1,0.659579877331907,0.0196189966163858,0.0328049595546532,0.0145982810796557,0.0328752112780679,0.050483880502847,0.045431255870642,0.0311784176093934,0.113429120156448
Q9FLL3,1,0.428543343093565,0.0356796955445515,0.0561689126802243,0.0268136137969507,0.0598555358415099,0.105767864270089,0.0907708364253859,0.0535264073465486,0.142873791001175
F4KD68,1,0.582315790910606,0.0258548962634425,0.0392527104700901,0.01885575028917,0.0440022618433244,0.0650252615674381,0.0598744453862537,0.037166087699842,0.127652795569833
F4K7F6,1,0.452570898688174,0.0323267508391609,0.042433320652045,0.0240391994311985,0.0588116218094459,0.130301829950247,0.100490022649965,0.0402725782797706,0.118753777699993
Q9LTX5,1,0.615610648620616,0.0228532620120414,0.0312554667601576,0.0168483700567531,0.0404366105384317,0.0835314659329662,0.0645865275711362,0.029616315269703,0.0952613332381947
Q8RX26,1,0.614282212279119,0.0224774838191576,0.0335735925146768,0.016543003164123,0.0389073909143629,0.0703300011375429,0.058028751843664,0.0317548922403555,0.114102672086998
Q0V802,1,0.435397274456594,0.0301342641358864,0.0527691923186814,0.0222880501263198,0.0524787416588278,0.0857709496153025,0.0775277161476829,0.0493322303250928,0.194301581215612
Q84JF0,1,0.403653276118979,0.0336596564728167,0.0684935082745232,0.025643660349404,0.054030658379075,0.0713371166918759,0.069812786153279,0.0644965341116709,0.208872803448376
Q6S4A6,1,0.535101286992435,0.0275539081635781,0.0471307784844337,0.020748388612716,0.0440968165932554,0.0691578136022233,0.0594336284508108,0.0445181418611357,0.152259237239412
A0A1I9LP10,1,0.401876489512596,0.0351571655085424,0.0633322417646243,0.0271603148973724,0.0573502297399755,0.0899204223856846,0.0803550682799878,0.0595972722009481,0.185250795710269
Q9SRW6,1,0.714974015038483,0.0170125783332251,0.0249419612003495,0.0124795251423648,0.0298608462953243,0.0519765902518631,0.0445939016897444,0.0236683234437846,0.080492258604861
B9DFA8,1,0.456033371706623,0.0347399242858528,0.044380266173123,0.0260891601022439,0.0604795450439975,0.12556848335902,0.0972970136268244,0.0424233637892047,0.112988871913111
Q9SRT2,1,0.528711502074228,0.0297616185634758,0.0485991265402787,0.0223682917593436,0.0479650046131513,0.0738078511507333,0.0652244530166763,0.0462912074287282,0.137270944853384
Q9C768,1,0.304978043799228,0.0341956978589522,0.100630291189968,0.0268669367637017,0.0476457357799717,0.0550838043998251,0.0542051926596054,0.0964434986724109,0.279950798876336
Q9CAX1,1,0.737971463391589,0.0118918241417443,0.0248170763441019,0.00893312224548278,0.0196086057769997,0.0293488923356543,0.026737609270253,0.0232809405601642,0.11741046593401
AT3G13277,1,0.54421303700512,0.0264703261485909,0.0404806541618949,0.0195875185210293,0.0471258476847633,0.0803218724067062,0.0716490650372811,0.038408558502069,0.131743120532545
F4JC97,1,0.626515070834016,0.0164175479012529,0.0370574433981092,0.0122541700522223,0.0260574934589116,0.0348936519232023,0.0330249995629196,0.0346242244283855,0.17915539844098
Q9LUC8,1,0.388791823221869,0.0202413082751201,0.0659374689519025,0.0157760152492979,0.0307509356800067,0.0397866155019825,0.0386159380865657,0.0615520174297973,0.338547877603458
Q9LUC5,1,0.46872084873744,0.0274876153075566,0.0645181945762932,0.0213323666908005,0.0418881374957333,0.0560796165344048,0.0530725280473036,0.0615617415279846,0.205338951082483
Q9LK98,1,0.496390092949788,0.0323705524769933,0.0424051007805141,0.0242378799225876,0.0560302243951359,0.110824744465445,0.0882667475185847,0.0406190898159834,0.108855567674968
Q9LDZ1,1,0.522049881360452,0.0298081639437107,0.0376198334272441,0.0220485493591313,0.0526930206807804,0.111153018284814,0.084599819061822,0.0357782101049931,0.104249503777053
Q9LSB4,1,0.699059824776286,0.0167672595340562,0.0277026525580604,0.012487701187138,0.0286369227757615,0.0518293937128988,0.0430905104767234,0.0262369589961426,0.0941887759829331
O04314,1,0.659354957548418,0.0200030525432935,0.0317191966874918,0.0145944498011035,0.0337667718121855,0.0512330922065751,0.0460190505947764,0.0299945641455007,0.113314864660656
Q9LTQ5,1,0.638493553582955,0.0204016304228136,0.0335880232539365,0.0150439878092804,0.0345543116748203,0.0594775332443685,0.050311508227592,0.0316573385754242,0.116472113208809
Q8LGU1,1,0.524068324970351,0.0251404668454005,0.0518280631895666,0.019441474627541,0.0406126569384951,0.0637471408769857,0.0570171532644975,0.0491062784847861,0.169038440802376
Q52K88,1,0.39898094282837,0.027807936953961,0.0719973440772091,0.0212570483674568,0.0419660677400745,0.0501022153256249,0.0499898291602744,0.0678173548107413,0.270081260736288
Q9LK23,1,0.444018598348575,0.0372268614551084,0.0462997841645331,0.027611794232079,0.063301896995165,0.12443684153354,0.0971410986305646,0.0443176250177035,0.115645499622731
Q9LTZ3,1,0.505840757038868,0.0300267796723049,0.0489811918503978,0.0224251698943319,0.0507329651299019,0.0790681340887832,0.0718582156933869,0.0463914594045882,0.144675327227437
Q9LVX6,1,0.364569504959625,0.0305001798824666,0.0661303648984906,0.0227858192701944,0.0499895759983304,0.0702193754108394,0.0670070969987845,0.0613314811834945,0.267466601397774
A0A1I9LPH3,1,0.347922208503851,0.0389554991929434,0.0742764333867737,0.0293254129585959,0.0615713120418309,0.0760286299947896,0.0753848535247807,0.0692558649562996,0.227279785440135
P32961,1,0.397084193429346,0.0352368213033757,0.0718635656774519,0.0273126799754547,0.0553525706903948,0.07779249371869,0.0734979440887481,0.0684720508761617,0.193387680240377
A0A384KH79,1,0.552619378644653,0.02652602798624,0.0450349700273996,0.019803555018186,0.0442886368851249,0.0704448966328403,0.0628542343295703,0.0427679674078132,0.135660333068173
Q9SN23,1,0.452699174082532,0.0313145532250863,0.0612200373212039,0.0241936678466843,0.0497633003000097,0.0757161099156522,0.067791045865639,0.0578948849876897,0.179407226455503
Q9SNE1,1,0.403843059316846,0.0335158540305742,0.0732260441952793,0.0254683917035168,0.0499724871745817,0.0610305146013113,0.0594120701320545,0.0698253893471188,0.223706189498717
Q9LFA3,1,0.669150908359114,0.0197201916114889,0.0280359712654725,0.0143138150081731,0.0347361590435874,0.0611325452957868,0.0514478843447752,0.0264307470548926,0.0950317780167098
A0A1I9LQ55,1,0.415496279446191,0.0306695339112529,0.0582932947182947,0.0226583537482678,0.0520671157309003,0.0774018820602268,0.0728462242356084,0.0540230556371448,0.216544260512113
O49840,1,0.546917579376754,0.0283545636245621,0.0384430721449268,0.0211230431534312,0.0488655171259721,0.0983467799348676,0.0768044463752628,0.0367203441167834,0.10442465414744
Q6NLG5,1,0.501569385255601,0.0320555426783157,0.0434241625255762,0.0233760224265784,0.0556846849512148,0.0952991827271765,0.0812488963678567,0.0410109239161217,0.126331199151559
Q9SI09,1,0.432753663737578,0.0353356497928983,0.0479422834315222,0.0268490197404517,0.0611255500194299,0.126317219762573,0.0982128119419278,0.0456526735576207,0.125811128015998
O64474,1,0.462537798647902,0.0331564557733991,0.0420792641875778,0.0248607288162792,0.0583899686118779,0.131245187791238,0.097112562335234,0.0401339232777372,0.110484110558755
O22190,1,0.522293714027102,0.0288913803018939,0.0511461959908035,0.0218955102410202,0.0471744244886844,0.0723649859003589,0.065847625561515,0.0488730550728175,0.141513108415805
Q945P6,1,0.474708465279604,0.0295459383495888,0.0544103131596881,0.0225624656011222,0.0490247627773697,0.0754311864876844,0.068832710561126,0.0515193092209394,0.173964848562877
Q9SJA7,1,0.51715849163926,0.0296892402730328,0.0392250241314955,0.0220993620285212,0.0519838374952791,0.108768613094977,0.0829414462455471,0.037247046580849,0.110886938511038
Q7G9P4,1,0.569706824963653,0.025668883169432,0.0369302207464822,0.0192365595827067,0.0450880320952559,0.0896774865738548,0.0723862499387701,0.0352077842176253,0.10609795871222
Q9ZUY3,1,0.514043263078701,0.0300687802519331,0.0374492132338137,0.0220812880084938,0.0537921978231102,0.114080343781776,0.087108226171331,0.0355453213910536,0.105831366259788
P46573,1,0.545730799946539,0.0193185235738379,0.0481938415308033,0.014747632391342,0.0308088884612871,0.0452047342355811,0.0415138381631365,0.0447036204147397,0.209778121282733
Q9ZW29,1,0.346813527563538,0.0305397890502476,0.0764356732816615,0.023906831754564,0.0476322504069226,0.0667355688650636,0.0628139717313762,0.0715401554462625,0.273582231900364
Q42093,1,0.74985714833177,0.0138483124261851,0.0243210454520744,0.0102813940757499,0.0231866549353369,0.0371585448698909,0.0327874333427852,0.0230344063520384,0.0855250602141689
Q9SJM7,1,0.493430318546977,0.0329476979386298,0.0425826253780748,0.0243370820369369,0.0572691450908638,0.10944771418415,0.0888271223265228,0.0407198524907115,0.110438442007133
Q9ZV19,1,0.553476271425823,0.0239652204478242,0.042115213577856,0.0176315724185621,0.0399697731668009,0.0610211149667651,0.0543953742876568,0.0392574727235966,0.168167986985115
Q7DM58,1,0.601993548006798,0.0208875841742511,0.0417607549955818,0.0156119714000416,0.0333374239403002,0.0488441682629414,0.0441699018754735,0.0393324900097239,0.154062157334889
Q9SZ92,1,0.497318966895764,0.023753956246855,0.0525402487415111,0.0182948989675209,0.0378762776028453,0.0552301220918493,0.0504694642679855,0.0492246892387821,0.215291375946886
O48646,1,0.560603766311462,0.0219655909643536,0.0438609414604429,0.0162142544729203,0.0351510012087214,0.0471645170961691,0.0443927684563068,0.041051807929227,0.189595352100397
F4JIF4,1,0.727031488357014,0.0159291231460257,0.0217917845484785,0.0115016873937748,0.0291597350674425,0.0532625304096503,0.0451155435190863,0.02058846536664,0.075619642191888
F4JLP3,1,0.434825857432903,0.0338340937961732,0.0540148115883284,0.0249684282035918,0.0582550381132865,0.092090382762438,0.0834986866163523,0.0505576917941772,0.16795500969275
Q8RXZ6,1,0.444810880900494,0.0280708517394571,0.0606021007039272,0.0216075964787399,0.0432719252014817,0.0631416929017562,0.0561951744493994,0.0569669583188424,0.225332819305902
Q8GYX3,1,0.614862612794021,0.0223092424927941,0.0320077148257741,0.0164498842051063,0.0397211293358919,0.0797797889445074,0.0635716554492895,0.0302170724520745,0.101080899500541
A0A178UTA3,1,0.648376856579429,0.020250699225538,0.0346793779611126,0.0153419655062255,0.0334616609251735,0.0551172284211191,0.0474656088323725,0.0329532683152405,0.112353334233789
Q5ICL9,1,0.468182609953391,0.0261557627246123,0.0576361265153286,0.0200346594122065,0.0426165959699058,0.0608505155731731,0.0578552759164616,0.0543863492552793,0.212282104679641
O81869,1,0.691380935682347,0.0174498643317407,0.0288705320729486,0.012861571858038,0.029171432509345,0.0462128319532712,0.0402861922270678,0.0272537953793247,0.106512843985917
Q8RX02,1,0.59571494382897,0.0205347337889804,0.0369819879016853,0.0151409153825774,0.0351462616277768,0.0542032176700519,0.0493819407470089,0.0345999146820435,0.158296084370906
O49658,1,0.55479249992232,0.0255257995481707,0.0447642092550637,0.0189242560319214,0.0421870267615647,0.0649276227955418,0.0581324743645272,0.0420565572406508,0.14868955408024
O49663,1,0.575411666311287,0.0243753180968785,0.0369494794525698,0.0182460701936787,0.0426687326009897,0.081449199351267,0.0665807346728224,0.0350199733615368,0.11929882595897
A2RVM0,1,0.462975247921433,0.0282607195883043,0.046692521237628,0.0204623381665983,0.0492646351801107,0.0739912548435869,0.067950043171742,0.0432907111622074,0.20711252872839
O22975,1,0.336011542251569,0.0283422439178196,0.0871519175921681,0.021910542247176,0.0410515536693299,0.048428830656427,0.0480289632467287,0.0825753317109179,0.306499074707864
P47735,1,0.397140233691662,0.0317022333407574,0.0677025136055636,0.0241428034586211,0.0505195924861169,0.0710045634441324,0.0665164794059423,0.063165103905234,0.228106476661971
Q9M0F8,1,0.417071233791993,0.0254105059218991,0.0575724143537493,0.019342960991134,0.0410416804159211,0.0592911120456589,0.0548761195138029,0.0534332499533618,0.27196072301248
Q9M0C5,1,0.531315835833316,0.0297129259509613,0.0479917728513932,0.0225160232183551,0.047811468660466,0.0746710926158572,0.0651616970908438,0.0457780904885148,0.135041093290293
Q9SV24,1,0.519506314914704,0.030236889340275,0.0407889632550027,0.0227019661085576,0.0518973767144226,0.105644983519254,0.0817230446766514,0.0389513262769549,0.108549135194177
Q8W491,1,0.395353233641229,0.0265966982428962,0.0711477347664511,0.0204555383121589,0.0394051424125371,0.049833098175382,0.0476192921800313,0.0672340323163997,0.282355229952915
Q94B08,1,0.363759223478877,0.0275899710549704,0.0882739649334979,0.0215793018039282,0.039821648560362,0.0500122942007682,0.0480412594184009,0.0828324812222345,0.27808985532696
ATMG00020,1,0.419027811138095,0.037153952370484,0.0470608867778935,0.0280115762725103,0.0639572037818229,0.137300695672026,0.102919132296676,0.0449390685881304,0.119629673102363
P93276,1,0.466678482932375,0.0304392304266169,0.0628573589258019,0.0233511319766212,0.0463780682509674,0.0683056928592255,0.0605563104211494,0.0594231590806379,0.182010565126604
Q56YI8,1,0.0903043623628128,0.0539641144865406,0.249957159073264,0.0499050791806351,0.0561542916187412,0.0500537133452478,0.0532438844326967,0.248398614764532,0.148018780735529
Q9LMC8,1,0.0756733063591686,0.0528685644431485,0.266561797751303,0.0499851467478908,0.054344834356224,0.0459271796425507,0.0503430809088829,0.264340426386618,0.139955663404213
Q3E7S2,1,0.0648398404102226,0.0321221829514959,0.317898038214183,0.0286686564348628,0.0353844593715369,0.0312699014624003,0.0337717427816296,0.299621907392169,0.1564232709815
B6ETT4,1,0.0777404428953789,0.0545092151473852,0.263797722271329,0.0497961714814154,0.053505913622244,0.0414411242880814,0.0460724641122193,0.2615898647258,0.151547081456146
F4HPH2,1,0.0750043864485336,0.0535919435854852,0.267778541807295,0.0500558982216596,0.0534035297862324,0.0444796458080613,0.0482995757478184,0.263029234554923,0.144357244039992
Q6ICW9,1,0.0762328738566155,0.0427010456955077,0.282761892677575,0.0380648523313926,0.046819219829364,0.039996796667011,0.0440089404428915,0.26430363778872,0.165110740710923
A0A178W2S0,1,0.140085956928824,0.0586639275123567,0.181467278980579,0.0510954936607013,0.0684932074493079,0.0724740105764763,0.0728423186393099,0.178482601414419,0.176395204838026
Q9SX48,1,0.11506130547241,0.040877975461926,0.226170427724079,0.034688148755994,0.0469284921424102,0.0448955862196199,0.0464574057171264,0.221193131140684,0.223727527365751
A0A178WE54,1,0.0868589841360141,0.058271590889464,0.246310300238917,0.0549674271655501,0.05817339720997,0.0486618460546763,0.0525437653903938,0.244620211120338,0.149592477794676
F4HPY8,1,0.0776256080621394,0.0253024865426446,0.297109363417698,0.0219455309052168,0.0297721879415264,0.0291581745671064,0.0303252093879036,0.273568395583497,0.215193043592267
Q9FYG6,1,0.130132839950636,0.0506397094843833,0.198400554486744,0.04303256660276,0.0627007355438954,0.062530121172408,0.0666259255022143,0.190150298862155,0.195787248394804
AT1G69572,1,0.088449989679415,0.0396182902926899,0.254524283590786,0.0333601468695143,0.0453746538569732,0.0389593502407077,0.0424756612134438,0.225346343266401,0.231891280990069
Q9LYP8,1,0.124500748087008,0.0566638509426225,0.196476425535865,0.0511424873932454,0.0666053335846236,0.068403199690989,0.0709565314219251,0.193696233652272,0.171555189691449
Q39112,1,0.073905191039969,0.0510693955367037,0.274035756061384,0.0459251855778875,0.0532486131191634,0.0427199339810045,0.0478102831354472,0.257258323040486,0.154027318507955
P0C5K5,1,0.140806747325477,0.0436622917896726,0.205696816682273,0.0380240902954539,0.0526765956511107,0.0569037965411917,0.0570193818461802,0.200135314849285,0.205074965019356
Q9SD98,1,0.0960764039348645,0.0406056252362039,0.249256464012442,0.0351074158760302,0.0481756729782601,0.0426333852881504,0.0474241919126914,0.246481406890341,0.194239433871016
Q8L616,1,0.0698780001573464,0.0330841306591869,0.30484886091067,0.0293415101280806,0.0373009455151073,0.033269544391521,0.0360275672807953,0.282022644320794,0.174226796636499
AT5G05235,1,0.10114579039,0.0674974076077919,0.212718817343924,0.0634890262070919,0.0688028319335588,0.0611249835453117,0.0646392759574022,0.209863709286827,0.150718157728093
A0A140JWM8,1,0.0692330579227498,0.0379479707486623,0.301910879879649,0.0348940083922363,0.0398877459747442,0.0355970071131683,0.0378130325138219,0.298335808965421,0.144380488489547
Q9FM36,1,0.0938040067953093,0.0420406175631868,0.246960309399983,0.0368127590506336,0.0484146454417366,0.0450360844259711,0.0478899348794497,0.231640137984121,0.207401504459609
AT5G06475,1,0.0921400724437829,0.0407790332111752,0.243617276481286,0.0350483241036306,0.0477902223867814,0.0440919134248584,0.0473093733320348,0.226363287938392,0.222860496678058
F4KIX1,1,0.0726784682295062,0.0600754863215515,0.259863074805637,0.0581774778103644,0.0583489928260178,0.0473032609276204,0.0521958428738956,0.258732216423835,0.132625179781572
Q9FI39,1,0.0918304428853101,0.0373439566903889,0.250584588691838,0.0315306464002534,0.0420091460995239,0.0366974169573135,0.0393861154742394,0.237964243238651,0.232653443562482
Q8L7D5,1,0.082007691546275,0.0333344308674849,0.275875618390056,0.0288740633530913,0.0378028260180666,0.0348266344297925,0.0367020293520028,0.253862583930526,0.216714122112705
Q9FI37,1,0.066582375440897,0.0308664012324466,0.315804929636088,0.0276608083759171,0.0333759816999904,0.0302851864137337,0.0319969343836612,0.310268798514028,0.153158584303237
F4KG50,1,0.0638163987603449,0.0386234470134523,0.314565115770388,0.0355676956681327,0.0396215994591961,0.0336269125143607,0.0363881822657621,0.305073388515561,0.132717260032802
Q9LSS8,1,0.118593520366703,0.0504460743726293,0.216852375811814,0.0452975753028911,0.058656667855751,0.059446105512594,0.0614551994287931,0.211474801793932,0.177777679554893
A0A178V5Z5,1,0.0888792800179738,0.0316380282472365,0.267550223641429,0.0272069765511625,0.0372734437791073,0.0354434568670902,0.0373006957128505,0.246922956480995,0.227784938702155
Q3EB64,1,0.10162179639014,0.0652651498252505,0.215254407319908,0.0589474183897654,0.0681334385475107,0.0586117598545368,0.0630529739262181,0.207530395644034,0.161582660102636
Q9LS86,1,0.115061159572645,0.0355771671257032,0.242134596763156,0.0305108358968901,0.0425076547457351,0.043032136707192,0.0442136186310497,0.225873528732251,0.221089301825379
Q9LIQ1,1,0.0766553812981134,0.0517535478841959,0.271040416251015,0.048452289830041,0.0520237502289132,0.0441699570460442,0.0477238114887779,0.270147472450642,0.138033373522257
Q9LIM9,1,0.070339347205104,0.0547644433242073,0.271315534685496,0.0516580646523886,0.0540074653033757,0.0435605141449341,0.0480675797833208,0.266885600794501,0.139401450106673
AT3G27884,1,0.0736457359660065,0.0443417569903943,0.277813504815893,0.0392064790121776,0.047350685457208,0.0391353689044507,0.0430387430159554,0.257086625105682,0.178381100732232
AT3G08230,1,0.0748065565041721,0.0436081439212152,0.286960765847837,0.0407388107829579,0.0448921183089107,0.0399073538175565,0.0423054496948707,0.286196337300985,0.140584463821495
Q3EBW2,1,0.0948471801442766,0.034278374566022,0.26667485331263,0.0294021350958263,0.0398900909301226,0.0373674336689016,0.0394269702426725,0.243446042814685,0.214666919224863
O64820,1,0.0787454407778429,0.0282266774492342,0.291918497984616,0.0243403283276007,0.0333802460912135,0.0318980181992553,0.0337519734617991,0.267723645614057,0.210015172094381
O82225,1,0.0902324163975746,0.0591434065244987,0.23926462507282,0.0542505534714556,0.0621344951715304,0.0515192775783376,0.0569802906471549,0.232676976162619,0.153797958974009
Q8S8N1,1,0.0896061461723516,0.0481894863054288,0.261031822817603,0.0432366651709509,0.0504346382949395,0.0416942362952987,0.0456227762582254,0.260088910703111,0.160095317982091
Q0PGJ6,1,0.0768896756861153,0.0387631085090688,0.291426404341291,0.035117434667541,0.0413801353842312,0.0370481793948345,0.0392761072070057,0.280786561622913,0.159312393186999
Q1PEV9,1,0.114234796516475,0.0441375563352436,0.227244233674906,0.0384161535111104,0.0521034597494623,0.0499877927830082,0.0526385935782485,0.212721155915565,0.208516257935981
Q9SHC2,1,0.113539618144286,0.0425679212529398,0.233540056597627,0.0372116115343076,0.0498549919885551,0.0459976875493332,0.0495931555027681,0.231084610607919,0.196610346822265
Q5PP62,1,0.107573798035596,0.0496926729981275,0.22162377035255,0.0435227428707228,0.0561759555953644,0.050911046578169,0.0540281799703462,0.206980505395978,0.209491328203147
A0A1P8B8B4,1,0.082208690574299,0.0203402085402172,0.286244418541652,0.017390546668148,0.0245684703685516,0.0250256343758731,0.0256417533416951,0.266072983058691,0.252507294530874
Q9STH4,1,0.0838008396338282,0.0462225719600248,0.270245096926871,0.0414229508264343,0.0495559597731699,0.0431129424373681,0.0465367755966737,0.258518924977668,0.160583937867962
Q8LCC1,1,0.0752618505766402,0.05667218971835,0.265380308187285,0.0537166051317005,0.0553789877432337,0.0450080219656051,0.0492034467412193,0.259990046451638,0.139388543484329
AT4G15258,1,0.0948052408092599,0.0397445478908401,0.256788633274741,0.0347012915995044,0.0456559420286984,0.0409110627301077,0.0442386719386999,0.240626510750239,0.202528098977909
O23401,1,0.0654012703012137,0.0341117488145228,0.313169923103829,0.0308176020420851,0.0360770639278185,0.0314736822064811,0.0337055058616445,0.305149339810293,0.150093863932113
F4JMQ0,1,0.095359072612633,0.0617127804920069,0.228794581883598,0.0562953128993358,0.0646478228863717,0.0559014420169704,0.0604596041336214,0.222589163012157,0.154240220063306
F4JTF6,1,0.106761048857824,0.0496498648345335,0.23611965973545,0.0442041491569028,0.0549163847923513,0.0525183784349501,0.054592410370055,0.229776490207536,0.171461613610397
O81346,1,0.0741858298959046,0.0382804844946673,0.280128042841714,0.033081267430994,0.0427957736692038,0.0359910137857293,0.0396088853901375,0.250709027602481,0.205219674889168
P92532,1,0.0957646990181603,0.0567593621055866,0.234745854602994,0.0524095462676677,0.0614929161607755,0.0556618783049248,0.0599062394789938,0.229743084280673,0.153516419780225
O81913,1,0.0868051357967222,0.0436494281156831,0.266636097378746,0.0396203493083729,0.0459303051882934,0.0388827354790262,0.0421065941147943,0.274750662313845,0.161618692304516
Q9LR44,1,0.0845698823312477,0.0371106663717119,0.280165911453562,0.0336990559452504,0.0405096767893325,0.0370279288775617,0.0394559380917958,0.299611275654103,0.147849664485434
Q3EDG6,1,0.0473657821160871,0.0181515705296622,0.367620521567495,0.0159525915658784,0.0207584753291974,0.0188647154761274,0.0204008614775486,0.369133061998643,0.12175241993936
AT1G04677,1,0.0788749504966782,0.0648050362690441,0.243868061285308,0.0650952139491708,0.0605874492433621,0.049601345296034,0.0543051962678454,0.263857819681213,0.119004927511344
AT1G04803,1,0.0871624849811157,0.0548381809283254,0.246541044174182,0.0519666813650164,0.0561838199497736,0.0511141713122339,0.0536685123649013,0.25087592846606,0.147649176458391
A0A178W1Y6,1,0.0771949124463922,0.044337534344583,0.283478803953152,0.0415937299223333,0.0453324717668182,0.0389134895488398,0.0419226860822761,0.292274212735249,0.134952159200356
AT1G04973,1,0.0796380293011875,0.0688211442763001,0.238112172285703,0.069269520902129,0.0628783921106909,0.0501702705515822,0.0550275573992963,0.252997960933923,0.123084952239188
Q9SHH7,1,0.0410729484258027,0.0168001892362125,0.376928497211757,0.0146940807197447,0.0187401303117862,0.0165161365006425,0.0179048196014026,0.383602117567912,0.11374108042474
P92995,1,0.0945779786586581,0.0355001032658654,0.262085988847795,0.0306315989539382,0.0404626417880363,0.0357967792312161,0.0388577055339645,0.270879461615762,0.191207742104765
Q9LNS5,1,0.0827949471654431,0.0308598595085208,0.283159536056895,0.0272206709451959,0.0345793932154079,0.0313329630914239,0.0332962100147225,0.289988495252704,0.186767924749687
AT1G05837,1,0.0839838276589887,0.0654019137619657,0.234737215431012,0.063672788348719,0.0644616396758064,0.0554334546130788,0.0598179254639228,0.239360504103745,0.133130730942762
Q9FZE4,1,0.0980354254483016,0.0643880705558607,0.2177373842808,0.0608699505344937,0.0679771156240441,0.0622353978865263,0.0664311546376309,0.218933407908105,0.143392093124238
Q9SGP6,1,0.0563294814597264,0.0288822210750269,0.329015979300895,0.0262542502777813,0.0300953785479196,0.0255583663934423,0.0276697990392357,0.349756916327682,0.126437607578291
Q3E6X9,1,0.0925678738511474,0.0585673692648796,0.238706369985671,0.056511889784515,0.0586013549910529,0.0520474674796417,0.0553070199839955,0.254491521165619,0.133199133493478
Q9C8J4,1,0.105973798539542,0.0419322397838539,0.239745285410559,0.0358555911653969,0.0470245878064771,0.0406512085849533,0.0441112644519545,0.241525522744765,0.203180501512497
Q84UV0,1,0.0925678738511474,0.0585673692648796,0.238706369985671,0.056511889784515,0.0586013549910529,0.0520474674796417,0.0553070199839955,0.254491521165619,0.133199133493478
Q9XIQ2,1,0.0732809920859146,0.0417409095363212,0.284274793504447,0.03877483867258,0.0428845375842919,0.036666741094866,0.0397770321589545,0.310078942377497,0.132521212985128
Q9C6H5,1,0.0693055312619272,0.0624260751277137,0.258727214049767,0.0633737936231901,0.0570797676672684,0.0453607711518433,0.0501540093806583,0.279601204049643,0.113971633687988
F4HQ05,1,0.0771544288546815,0.0591360262572867,0.25728113772931,0.0578150350716169,0.0566951440523899,0.0461573050663968,0.0508358973850953,0.273989657716853,0.12093536786637
AT1G09327,1,0.0938993331464614,0.0628000356363697,0.227717692241366,0.0598688934815932,0.0645350739800238,0.0584024361990898,0.0620156588177976,0.23090977912718,0.139851097370118
Q9C9K5,1,0.092391952353377,0.0330428710592735,0.261667719312687,0.0284228264465354,0.0385888252428198,0.0342350900160379,0.037377235207363,0.265261141045915,0.209012339315991
AT1G09907,1,0.0795370957136945,0.0528026399604915,0.262017860670534,0.0499686236002251,0.0539906763301483,0.0455238722054188,0.0499339158582591,0.267039601749717,0.139185713911512
Q9FYE0,1,0.0671531672053167,0.0369440861155972,0.304238533245584,0.0346145041096356,0.0391388294545483,0.0349476631074799,0.0377627175863435,0.324646444365379,0.120554054810115
F4JZB9,1,0.0839345769815246,0.0589199619116611,0.248532908682885,0.0561482976812163,0.059077373319694,0.0494223799363694,0.0543541947688443,0.259240079836373,0.130370226881433
A0A178U7S5,1,0.0871624849811157,0.0548381809283254,0.246541044174182,0.0519666813650164,0.0561838199497736,0.0511141713122339,0.0536685123649013,0.25087592846606,0.147649176458391
Q94CK4,1,0.0802271780001366,0.0754859469483814,0.224892961855531,0.0751294528874877,0.0705454175976558,0.0566427456159695,0.0623995369682884,0.22636613067859,0.12831062944796
Q9LYJ3,1,0.0925678738511474,0.0585673692648796,0.238706369985671,0.056511889784515,0.0586013549910529,0.0520474674796417,0.0553070199839955,0.254491521165619,0.133199133493478
A0A1P8BGN4,1,0.0796380293011875,0.0688211442763001,0.238112172285703,0.069269520902129,0.0628783921106909,0.0501702705515822,0.0550275573992963,0.252997960933923,0.123084952239188
F4KFK3,1,0.0867981272181847,0.0527152619753933,0.256221795953923,0.0489572777194664,0.0535640536470712,0.0462314495499956,0.0498797535970983,0.270768092506582,0.134864187832286
Q9FKP1,1,0.07526663315551,0.0414018986098795,0.283899849151893,0.0389257415253363,0.0424583453525868,0.0372500583496919,0.0398862205424779,0.312378915099317,0.128532338213308
A0A1P8BGZ5,1,0.0925678738511474,0.0585673692648796,0.238706369985671,0.056511889784515,0.0586013549910529,0.0520474674796417,0.0553070199839955,0.254491521165619,0.133199133493478
Q8GWF1,1,0.0669756969175558,0.0535012177707548,0.274150938768344,0.052985599265568,0.0500520428585656,0.0400209590411801,0.0441150544395293,0.303281840711088,0.114916650227414
Q9FNK0,1,0.0790730536630322,0.0583474920096654,0.251825373023806,0.0570289843422603,0.0565415580406019,0.0482735491056178,0.0518077857634266,0.265497163877813,0.131605040173778
Q4V3D6,1,0.0712814530099652,0.0598210206689872,0.261153556104099,0.0598640408274293,0.056069175317171,0.04549259985783,0.0500766679896873,0.28062151549038,0.115619970734452
F4JZS0,1,0.0574794057338404,0.0228099314335704,0.33812933031065,0.0206094143221109,0.0250780037107825,0.0233120938535996,0.024640515946987,0.371995002159963,0.115946302528497
A0A140JWM81,1,0.0807108632805529,0.0381834783435754,0.280613442456565,0.0340067825323173,0.0411301938812901,0.0374189387761131,0.0394587225558092,0.284629958418583,0.163847619755193
Q940Z5,1,0.0651644522102728,0.032363985847992,0.307678773602381,0.0290133228077006,0.0346542219413856,0.0290809820347733,0.0320747468390881,0.335400441457658,0.134569073258749
Q9LV63,1,0.0837974767668666,0.0756156487905311,0.222935584702054,0.0749785708439532,0.0694782928066301,0.055043930031623,0.0603441173074263,0.225693450386154,0.132112928364761
A0MFN6,1,0.0766276167455462,0.0595013024818699,0.257305461309281,0.0571245305019778,0.057047670753083,0.0465349703728822,0.0506687040761443,0.259287353561539,0.135902390197677
F4JYT5,1,0.0745561266172969,0.0431209787540735,0.283498839685771,0.0392957112620501,0.0456902304178275,0.0396473035436907,0.0431033449911785,0.284267358365492,0.146820106362619
A0A1P8BCM6,1,0.031228695277549,0.0149372763530639,0.3817120758024,0.0136216006823898,0.0159479335505872,0.0141154092120514,0.0151901762016805,0.439660791563847,0.073586041356431
Q9FKT9,1,0.072323974553209,0.0363658885695788,0.2957945363944,0.0321198141461915,0.0386955929374984,0.0316236187726695,0.0349879148828271,0.299710607849365,0.158378051894261
Q9FKK9,1,0.0660715389767545,0.0419688486220032,0.294613294559852,0.0386892246230795,0.0434085092750501,0.0365421171180144,0.0399900484481155,0.300177025501791,0.138539392875339
Q9FLT4,1,0.075129996287538,0.0466554086752401,0.27570417816228,0.0431741689481828,0.0498572578825093,0.0434176764014975,0.0477769952419477,0.28108117679217,0.137203141608635
Q93WU9,1,0.0620160031906915,0.0392739455685442,0.303989036016917,0.0369203593434953,0.039087015912385,0.0323695918235286,0.0353797221294037,0.332451116856949,0.118513209158085
Q9CAE7,1,0.067994696440857,0.0460383415045634,0.287155753779278,0.0445888854866466,0.0454087533524802,0.0382226115378237,0.0416249871104829,0.313427881049634,0.115538089738235
