ID,Cluster,#1,#2,#3,#4,#5,#6,#7,#8,#9
Q0WV96,1,0.0171917882287873,0.0194474688417141,0.033723649189701,0.0337083888097216,0.044448927135323,0.524484810497423,0.222319296051809,0.0426424073172792,0.0620332639282424
Q5XF24,1,0.0219399608059035,0.0247763578216382,0.0473197169971842,0.0297420051333855,0.100005725935102,0.556043249226212,0.0966173309986435,0.0794418359093277,0.0441138171726043
A0A178W6Z0,1,0.0197793523879399,0.0224326696437654,0.0436806756699178,0.0262117294476065,0.0942400628304309,0.583938069138632,0.0951207567366103,0.0734739617279836,0.0411227224171136
F4HW02,1,0.0224640900392199,0.0254386784928212,0.046103466416095,0.0402978779505294,0.063849209962322,0.398600885252277,0.261179460089619,0.0613398750127087,0.0807264567844076
F4I0Z0,1,0.0304399379533742,0.0344012805840733,0.0637056093053564,0.0441427799617497,0.100435521828109,0.39983647751428,0.159623928987992,0.0922464311259424,0.0751680327391234
A0A1P8AR16,1,0.0295987385050635,0.0335482655597331,0.0598466155470599,0.0509634569497527,0.0763393756104132,0.30649591066172,0.264230758725195,0.0759363961731513,0.10304048226791
Q8W4Q3,1,0.00855742613554013,0.00968614005170476,0.017963311324045,0.0142093904193398,0.0291302079238024,0.803532142968641,0.0673679084707387,0.0261400108235774,0.0234134618826112
P0C941,1,0.0201200475158402,0.0224880158012533,0.0400066397394604,0.0358617744113486,0.0704979967930945,0.556161234608162,0.1350857142483,0.0608576934704177,0.0589208834121236
A0A178WBQ2,1,0.0204129344657125,0.022727300038015,0.0365852759364938,0.0486168028763825,0.0507749984321989,0.441036708217356,0.245624935305318,0.0467785398856244,0.0874425048428986
AT1G19968,1,0.0368477995373867,0.0410933903983036,0.0666948723313948,0.0691149123447636,0.0869230823986668,0.283579827988929,0.212873343989321,0.0838416690567541,0.119031101954481
Q9SDQ3,1,0.0195660957865382,0.0220478889772868,0.0406498760593214,0.0328908409146713,0.0649220575360859,0.5765464656919,0.132248579470704,0.0598747468714386,0.0512534486920535
Q9FRI1,1,0.0234075763908024,0.0267210791842143,0.0513485507807188,0.0358047545805704,0.0856309416397421,0.478150402550319,0.159418686031164,0.0768973637358151,0.0626206451066543
Q9C6K9,1,0.0264835756145773,0.0299352616166925,0.0555976176276014,0.0388614376623508,0.0959849018764449,0.490663614184046,0.120661495776004,0.0852752291971625,0.0565368664451209
Q8VWF5,1,0.0155559153868974,0.0175804691785805,0.0328106354689486,0.0243200670737593,0.0582538489962943,0.671672401316519,0.0921887016117004,0.0505391564049513,0.0370788045623488
Q6NQ80,1,0.0290804683471264,0.0327356015357323,0.059503191680314,0.0448161399321439,0.0919441418195199,0.401237003690441,0.17739600004715,0.0844926700297137,0.0787947829178587
A0A384KU91,1,0.0248410501014429,0.0282710077804527,0.05603566620611,0.0322635183235309,0.112088393093721,0.496410044169579,0.106035049246954,0.0941168945663746,0.0499383765118351
Q9SLK6,1,0.0393455140303771,0.043562444535851,0.0709682244424957,0.0706999104908811,0.0973216596931521,0.271688860873635,0.197079216726256,0.0933587776857348,0.115975391521617
Q6NM31,1,0.0224485524225195,0.0251444598626709,0.0408486991869815,0.0519053976206454,0.0515058401637907,0.335257414541784,0.327120873465384,0.0496789698805246,0.0960897928556994
Q94F37,1,0.0214923176244722,0.0242478546518438,0.0423421007989643,0.0437961848835412,0.0573808774575415,0.442698339870579,0.236936199483639,0.0554618543294262,0.0756442708999935
Q9C9V5,1,0.0265621027230828,0.0297703583988045,0.0553866253763124,0.0372641650904974,0.118113389864581,0.4718161129603,0.112396140429542,0.0935545753759647,0.0551365297809153
Q9C9L7,1,0.0294860013395589,0.0329579649917524,0.059691877005576,0.0500181875088582,0.0963510277096335,0.391945549049686,0.170772267224497,0.089625902946334,0.0791512222241033
Q9CAL2,1,0.0194135600922506,0.0217737687844474,0.0377341989894013,0.0360595318452811,0.0575003054249312,0.586499211506732,0.133878186150542,0.0524601440793674,0.0546810931270463
Q949X9,1,0.0202716119130621,0.0224212547491792,0.0361368949733118,0.0557033533512101,0.049062697667445,0.423778091671187,0.25066536245483,0.0470475124138183,0.0949132208059568
Q9C9H5,1,0.0271018453875792,0.030318968360895,0.0505929573750781,0.056343182805464,0.0683777211495905,0.375087349195231,0.232045398069594,0.0653623534781285,0.0947702241784394
Q9CAR0,1,0.0150512753360289,0.0167013514353664,0.0270455169685887,0.0439289007257413,0.035612661379973,0.380091980376716,0.361962316948252,0.0344220870720402,0.0851839097572939
Q9ZRW8,1,0.0156277080964069,0.0175546941638341,0.0309903905847748,0.0300012926672745,0.0482551352081371,0.586336062907876,0.173319596356474,0.0433584496927219,0.0545566703225014
Q6R0A6,1,0.02477105273387,0.0282159047425081,0.0536152873806379,0.0397662485039205,0.0792316932062163,0.421751152449514,0.202099402242982,0.0754434674854132,0.0751057912549372
A0A1P8BGL4,1,0.0148687735878296,0.0169021955921143,0.0331421790847651,0.0215946393431329,0.0622439385997536,0.665701864165522,0.0959373736787348,0.0530667111858302,0.0365423247623174
Q9LZ06,1,0.0292991983802899,0.0329302928173065,0.0626359259029429,0.0373864722635238,0.139873702267691,0.422640847442967,0.110863480514604,0.1085489239396,0.0558211564710744
Q9LZD8,1,0.0192368022161621,0.0215217498845517,0.0384221602579253,0.0337270726336292,0.0641057132176004,0.570398224851059,0.141346439025395,0.0566795013529461,0.0545623365607309
Q9LZS1,1,0.0231460826817834,0.0260360081544752,0.0489850860942747,0.0329808606290406,0.0969492808749076,0.535770753426603,0.106361402265495,0.0802810583745187,0.0494894674989017
Q7XA06,1,0.0155007536279704,0.0173755071661291,0.0300612183797836,0.0325070360118671,0.045518307744285,0.568389722857514,0.190219666408414,0.0413555739227303,0.059072213881307
Q42527,1,0.0261823236558296,0.0298622015143354,0.0569837388298692,0.0355120425763985,0.0958348127587141,0.491013000789307,0.12318394668833,0.0851715825915217,0.0562563505956951
Q9FIA0,1,0.0246064116643043,0.0276468261222057,0.0517709637006233,0.0349798613430631,0.105408577960014,0.505064253711787,0.11204452210079,0.0855673503163276,0.0529112330808852
Q93YS4,1,0.0288421340694174,0.0319049033556015,0.0519079151112457,0.0631377077610741,0.0691651117513393,0.373976973692585,0.217774704629204,0.067101524059163,0.0961890255703702
Q9LEV6,1,0.0265135541086938,0.0300218825577768,0.0568334007098512,0.0344571907738904,0.120397990389781,0.481527719280309,0.105193211567545,0.0942763459087942,0.0507787047033586
P46644,1,0.0133409772510898,0.015150487247032,0.0287464625353629,0.019784073976523,0.0532773459241893,0.716825321819436,0.076886409521999,0.0449030643516961,0.0310858573726717
Q94BZ1,1,0.0213406962513847,0.0238829329752448,0.0396369439132247,0.0510285406605685,0.0508204361398217,0.372121930996731,0.302983130297973,0.0496884097798662,0.0884969789851856
Q9FFY9,1,0.0245718764822991,0.027795501991103,0.0534029124429195,0.0327523158070243,0.116141373560544,0.49737822166125,0.107869439362578,0.0905094513125163,0.0495789073797656
Q949T9,1,0.0247696671621109,0.027388885876067,0.0451990910040307,0.0560936245112345,0.0661299241355997,0.396991313577478,0.223128704509541,0.0615308139603237,0.0987679752636148
A0A1P8BHW0,1,0.0229762382748282,0.0261108526632317,0.0489789545803239,0.0377038409855959,0.0745218188562841,0.476930262905872,0.177299886454917,0.0702137867634894,0.0652643585154582
Q9LF05,1,0.0251282858101602,0.0280214781050693,0.0463017348639603,0.0618036122517852,0.0558967054086536,0.31540087390642,0.30632191085292,0.0570400135872649,0.104085385213767
Q9LF04,1,0.0194077565898311,0.0217797567170148,0.0377163888554648,0.0373058268043069,0.0571034052353308,0.510810283432677,0.198567206164613,0.0515219885320089,0.0657873876687529
Q8GY25,1,0.0298199961793934,0.0337615041433307,0.0619325547831473,0.048894444305596,0.0888178444012191,0.399257246059177,0.170464194141532,0.0869714383091563,0.080080777677449
Q9FKP2,1,0.0256170943496541,0.0285707451845707,0.0512620071547372,0.0397861198292046,0.0951847718789555,0.4909975946349,0.127933666115375,0.0801927941336688,0.0604552067189342
Q02166,1,0.0267448470310099,0.0305760993105801,0.0608088818856101,0.0382330814966856,0.0959346554923225,0.411977072661027,0.174518812176713,0.0907117590941643,0.070494790851887
Q6NPQ1,1,0.0260147495243399,0.0292935265469199,0.0556768658617931,0.0342782212459574,0.12223304814328,0.476205173743779,0.109684049857004,0.0944225953532852,0.0521917697236403
A0A178UT60,1,0.0165960186363388,0.0187658766347566,0.0344570261901633,0.0287627984316968,0.0564104282759311,0.592961169223855,0.150066397430644,0.0501790444419611,0.0518012407346536
Q9C574,1,0.0147357507238863,0.0167239709968419,0.0322406655936385,0.0224937096514678,0.0578754528570854,0.661672833043606,0.1052123074529,0.0501558582737993,0.038889451406775
O81635,1,0.0240350678212418,0.0273171931401138,0.0527412646509761,0.0351151264218642,0.092584559973337,0.481229530880272,0.144394706454894,0.0816223988593177,0.060960151797984
Q8RWD9,1,0.0242931666636391,0.0272684709449167,0.0498057872535425,0.0352991412015953,0.0895756893853441,0.526922237788018,0.117091547814113,0.0761622724126611,0.0535816865361701
Q2V338,1,0.0247285003654036,0.0277265668439774,0.0491230385955495,0.0468904985088776,0.0734553821464779,0.390361509938267,0.233662225076806,0.0686997237087397,0.085352554815902
Q94AA9,1,0.0252294028343904,0.0282388858891076,0.0455536650940663,0.0570746961810631,0.0572040006368661,0.411669520338759,0.231182536805509,0.0557507799800692,0.0880965122401689
A6XH01,1,0.0108739492112945,0.0122593965757683,0.0216135409804214,0.0206877333966325,0.0326525769193315,0.731474488441181,0.106276583144,0.0297260923818729,0.0344356389494977
Q9LVY1,1,0.0183951951423548,0.0206357404943139,0.0373472081649609,0.0293648940990668,0.0718524303597344,0.614467185494682,0.103741037263313,0.0587781532825426,0.0454181556990318
Q0WML0,1,0.0196565849166698,0.0222828744311878,0.043624838471531,0.0272885326453177,0.093013942793492,0.575038902008084,0.101810623896949,0.07441749111701,0.0428662097197587
Q9FM26,1,0.015781120766268,0.0178115586494823,0.0322077716594025,0.0266149589384809,0.0503120722775427,0.659184582565271,0.110890771149336,0.0457436496680637,0.0414535143261529
Q9FLL3,1,0.028860114639196,0.0324267904896505,0.0586963984387889,0.0461495469941595,0.105060921960317,0.427741066927271,0.140147654422313,0.0914834568914022,0.0694340492369017
F4KD68,1,0.0204631056077826,0.0232866382213393,0.043125898318465,0.0314010076969347,0.0648144503433306,0.581866470942963,0.124704336688227,0.0601971280863177,0.0501409640946404
F4K7F6,1,0.0259663496877344,0.0292897838207949,0.0574746211446574,0.0344866261232466,0.129122219202711,0.453067047820228,0.11525791177836,0.101831630556591,0.0535038098656764
Q9LTX5,1,0.01815533898814,0.0205615915272639,0.0394424063951806,0.025150987556857,0.0825458482011568,0.61750020025131,0.0917738881492286,0.0652451354339561,0.0396246034969074
Q8RX26,1,0.017872595634618,0.0202578299544801,0.0380635945769352,0.0268612122261124,0.069771307132517,0.615792950337298,0.109699072099219,0.058552068052054,0.0431293699867658
Q0V802,1,0.0241788728327819,0.027338304984907,0.0515441812247072,0.0406408629945429,0.0855514565438856,0.43475718255309,0.186549221359899,0.0780832392171892,0.0713566782889972
Q84JF0,1,0.0275377100294192,0.0307741082427167,0.0528987438715997,0.053477026541709,0.0710217751432541,0.399949177388368,0.205833450870417,0.0697242055500582,0.0887838023624581
Q6S4A6,1,0.0223285280015594,0.0250826063076079,0.0433490366284184,0.0375763708224061,0.0688106526092802,0.535111333838945,0.147041530579913,0.0599273458464708,0.0607725953653988
A0A1I9LP10,1,0.0290991527666244,0.0323197889780786,0.056249740180733,0.0497971900723324,0.0894611428974591,0.400431705633074,0.179554895875893,0.0807259022555524,0.0823604813402535
Q9SRW6,1,0.0134722563213833,0.0152914018010847,0.0291015742740517,0.0200815961200329,0.0515193675177696,0.716066555091224,0.078138841753925,0.0448372484162058,0.0314911587043233
B9DFA8,1,0.0280764942869175,0.0315521292068735,0.0591622116104392,0.0369682345294618,0.124420793993699,0.456648077186521,0.110350794848724,0.0985530198495342,0.0542682444878295
Q9SRT2,1,0.0240774650633076,0.027072435187015,0.047046247322049,0.0397536708610769,0.0734471647787067,0.52787797794248,0.134706722271078,0.06566508555153,0.0603532310227566
Q9C768,1,0.0284747724939849,0.0314548983862245,0.0466810729785032,0.082677062062778,0.0546155998827226,0.301160384601872,0.279727103872299,0.0538851197538338,0.121323985967782
Q9CAX1,1,0.00969237768546571,0.0108949539737526,0.0193401753878203,0.0193351354029314,0.0294096232703237,0.737736926081534,0.113130209620557,0.0270305800527111,0.033430018524904
AT3G13277,1,0.021238739786604,0.0240169585316967,0.0460623713164281,0.032718350410015,0.0800799187839451,0.543319194855452,0.128907399827452,0.0722401214652296,0.0514169450231777
F4JC97,1,0.0133021550689337,0.0149978353259534,0.0257452503924138,0.0283708461750326,0.0349801252206728,0.625097050500788,0.173535433644944,0.0333024360685103,0.0506688676027517
Q9LUC8,1,0.016861795864877,0.0186706383657625,0.0301870928638082,0.0497788288642527,0.039629910717479,0.384350370549539,0.331997604391586,0.0386000950019491,0.0899236633807465
Q9LUC5,1,0.0228143242305142,0.0253143350488067,0.0410982303756678,0.0527537466334043,0.0558621268008863,0.465270861797946,0.203819975744841,0.0531774845904244,0.0798889147775096
Q9LK98,1,0.0260989402224212,0.0293727082830339,0.0547725612567652,0.0355257676942446,0.109907038618404,0.496840455856851,0.106685701716232,0.0893193575622939,0.0514774687897535
Q9LDZ1,1,0.0237786899493598,0.0268933528119738,0.0514833885783472,0.0307390778400458,0.109989911912311,0.523395160432672,0.101083483346939,0.0856798609610831,0.0469570741672681
Q9LSB4,1,0.0134413250990039,0.0151606937587434,0.0279820044241875,0.0222216246676319,0.0513563891712404,0.700215546501574,0.090851894751075,0.0434084738762938,0.0353620477502504
O04314,1,0.0158203920039632,0.0180033928608251,0.0330828085631101,0.0252665919458916,0.0510069893579606,0.659735670745033,0.109944480089,0.0463000459696162,0.0408396284646
Q9LTQ5,1,0.0162454448038713,0.018400971194219,0.0338587059225502,0.0265238880623784,0.0590441625130433,0.639492692532429,0.111990320893377,0.0507050849952748,0.0437387290828568
Q8LGU1,1,0.0208479773002513,0.0231494379870229,0.0398707741462881,0.0416837561551682,0.0635090702576845,0.522405129728973,0.165033470690219,0.0573855203606803,0.0661148633737124
Q52K88,1,0.0227545852758241,0.0254038226552166,0.0411189838702522,0.0558206320808302,0.0498074977426745,0.39432107478637,0.267321010309833,0.0497722959882529,0.0936800972907465
Q9LK23,1,0.0297667397635126,0.033640445323264,0.0620189715447701,0.0387404375290981,0.123358899853455,0.444694141951318,0.113065904208532,0.0984142139382333,0.0563002458878168
Q9LTZ3,1,0.0242295254452305,0.0273034791967241,0.0497009512392526,0.0392864127442975,0.0788057970767823,0.503941805915546,0.142143121742982,0.072308951124192,0.0622799555149927
Q9LVX6,1,0.0246428613377991,0.0277606169954781,0.0491639704244414,0.04937547130689,0.0700717127974869,0.362847252254531,0.256461887183736,0.0672136601463222,0.0924625675533157
A0A1I9LPH3,1,0.0315316336944197,0.0354220475646464,0.0603091849582601,0.0560347538370576,0.075629833733299,0.344739937429582,0.221451370143578,0.0751162450610195,0.0997649935781379
P32961,1,0.0292112779623243,0.0324215589907858,0.0541968569737893,0.0585677621884803,0.0774197634122555,0.39426476937234,0.191563086927872,0.073590063203937,0.0887648609682161
A0A384KH79,1,0.0213868957706542,0.0241045345124737,0.0434426175272334,0.0364911562434477,0.0701829063684507,0.550939958287979,0.133297153296258,0.0633315521006907,0.0568232258928129
Q9SN23,1,0.0259047091150415,0.0287820563014973,0.0488581427171148,0.0489148777853671,0.0753557144060595,0.450601002881602,0.17521160344082,0.0681507688516895,0.0782211245008078
Q9SNE1,1,0.0273155412522295,0.0305865388339268,0.0490566012238591,0.0595519300738359,0.0607515707421832,0.400684388282107,0.222042999200724,0.0593670080965891,0.0906434222945457
Q9LFA3,1,0.0154845918836102,0.0176530269515311,0.033898917784977,0.0220998084470229,0.0605776321658616,0.670857382488315,0.0913124570402353,0.0517745974585923,0.0363415857798552
A0A1I9LQ55,1,0.0245539174130333,0.0277777102790171,0.0511693195079943,0.0434429984044407,0.0771742137807419,0.414017236094959,0.207355700911913,0.0730875859796383,0.0814213176282621
O49840,1,0.0227379124519403,0.0256472189174917,0.0477529794512909,0.0318647650240199,0.0973749281207846,0.54793302241345,0.101780029632789,0.0777064860721178,0.0472026579161154
Q6NLG5,1,0.0253337084548412,0.0288253270639789,0.0545777783725508,0.0345730489216953,0.0947448998181437,0.501572430955772,0.122656621373697,0.0819584820936455,0.0557577029456761
Q9SI09,1,0.0288439205533891,0.032255195718228,0.0598175854889763,0.0394404594675641,0.125201705907655,0.433085265782219,0.122404093274975,0.0994322850591714,0.0595194887478217
O64474,1,0.0267558395844348,0.0300870919472835,0.0570860456993695,0.0348041667087242,0.129821898380681,0.463548917739856,0.10743452217595,0.0985303568892837,0.0519311608744179
O22190,1,0.0235599099080727,0.0263893733577445,0.0462516749006631,0.0422701001291694,0.0720875022112705,0.52028958104022,0.140093635733053,0.066232718400874,0.0628255043189335
Q945P6,1,0.0242789441451169,0.0271020859657056,0.0480456290265273,0.0436348023501043,0.0752001059888985,0.472679243234475,0.170313350712938,0.0692235713390453,0.0695222672371891
Q9SJA7,1,0.0238099512078286,0.0268581835104692,0.0508328730291581,0.0319045777924417,0.10765945766199,0.518328928577223,0.107306116253701,0.0839969920261411,0.0493029199410475
Q7G9P4,1,0.0207152953110091,0.0232996635440851,0.044020841986043,0.0303865093304701,0.0889059106649063,0.570358117710651,0.103399435026525,0.0731342067042207,0.0457800197220903
Q9ZUY3,1,0.0238596627025552,0.0270667727936042,0.0525356798346224,0.0303771295552551,0.112919016973084,0.515437512277288,0.10247246423473,0.0882221732252084,0.0471095884036532
P46573,1,0.0159121499362695,0.0177663766218398,0.0304167859555861,0.0361154057519513,0.0452195583759827,0.543506297014479,0.201583866683105,0.0418623530070613,0.0676172066537249
Q9ZW29,1,0.0255443285075359,0.0282235978466864,0.0467553117896002,0.0587535150969144,0.0664577376452647,0.344579348247364,0.264542216527349,0.0629062338445856,0.1022377104947
Q42093,1,0.0110956922018868,0.012534521832836,0.0227013323036172,0.0194717052721582,0.0369459540859439,0.749943082491483,0.0832149071798843,0.0329920750137432,0.0311007296184475
Q9SJM7,1,0.0262831897555361,0.0297494488763752,0.05602307073909,0.0354398363561865,0.108622729910547,0.493741563132194,0.108254300835089,0.0898496425996915,0.0520362177952906
Q9ZV19,1,0.0191276216524976,0.0216850777976902,0.0393605691597548,0.0321033319412712,0.0608794249414843,0.554311422947339,0.160000418821297,0.0548372641281057,0.0576948686105602
Q7DM58,1,0.0168557222492986,0.0189945594214323,0.0328009397605239,0.0328482917211832,0.0487043385665239,0.601030745653794,0.14957374825199,0.0444735316544351,0.0547181227208191
Q9SZ92,1,0.0196951147476327,0.0219093462183216,0.0373162740452237,0.0407270809641893,0.0552134163157802,0.496587283253554,0.207065397779563,0.0508609338083121,0.0706251528674234
O48646,1,0.0175977599331783,0.0199337671682021,0.0346527902463029,0.0337521143773793,0.0471673560246021,0.559899968520715,0.183056349389968,0.0446795475035021,0.0592603468361507
F4JIF4,1,0.0124356350837784,0.0142034936621653,0.0283217361479542,0.0172519679450244,0.052662087249926,0.729217652886023,0.0726346700848422,0.0452901957378506,0.0279825612024357
F4JLP3,1,0.0270341835602114,0.0306054868577443,0.0571186377615153,0.041657665676691,0.0917059662925345,0.43326761196034,0.162720908071925,0.0839361610077108,0.0719533788113276
Q8RXZ6,1,0.0232091963194283,0.0258359605030427,0.0426821047305624,0.047598515089535,0.0630247427884395,0.444593833359103,0.216211616013732,0.0566667791482694,0.0801772520478876
Q8GYX3,1,0.0177482895488004,0.0200941878410011,0.0387870979622753,0.0254337973556073,0.07895357336867,0.616364233596539,0.0972272106158741,0.0641623802256052,0.0412292294856275
A0A178UTA3,1,0.0165002065860655,0.0184837479628978,0.0327849389698187,0.0281761993179192,0.0548264213686737,0.648215509071318,0.109435845243673,0.0478510429790607,0.0437260885005741
Q5ICL9,1,0.0215525577965924,0.0240270145136492,0.0417968033203921,0.0455035442704207,0.0607095040229123,0.465142156632575,0.20828312992997,0.0580381471904595,0.0749471423230289
O81869,1,0.0138972566336933,0.0157480952380367,0.0285785764395357,0.0228870846175343,0.0459403880624307,0.692339805600915,0.102609776456375,0.0405564260256637,0.0374425909258158
Q8RX02,1,0.0164502443028933,0.0186313106763137,0.0345359983106924,0.0285000765533412,0.0541505942181127,0.596284621609676,0.151622204196256,0.0497738881639405,0.0500510619687741
O49658,1,0.0204475132717037,0.0231077388969391,0.0414564163686773,0.03494118303957,0.0646384390530238,0.554105982499307,0.143874346641024,0.0584831579145384,0.0589452223152166
O49663,1,0.0196802100967309,0.0221470086047436,0.0417172355966226,0.0298229384904592,0.0808723754834808,0.576054487191147,0.115366751198936,0.0672772685168695,0.0470617248210107
A2RVM0,1,0.0223718864182292,0.0255238561377823,0.0485932466562234,0.0350605591013577,0.0741070286791019,0.464372504296763,0.195535324662307,0.0686006495533184,0.0658349444949173
O22975,1,0.0232744227703269,0.025876413387427,0.0400932546629539,0.0685025016141664,0.047923471650322,0.330575262727112,0.305875275774895,0.047631368009946,0.11024802940285
P47735,1,0.0259267952268243,0.0289820376708027,0.0495796499786673,0.0514758251219638,0.0706766060460785,0.394246647351514,0.221012081119133,0.0666363388115981,0.091464018673418
Q9M0F8,1,0.0209543606763737,0.0234208951521917,0.0405925611760603,0.0434028227039385,0.0594822975506455,0.417883904781324,0.257772014770296,0.0554403603187698,0.0810507828704008
Q9M0C5,1,0.024196409377283,0.0271100392002952,0.0469030802696873,0.0395145590342399,0.0742997799181455,0.530592108359187,0.132402419668253,0.0656497903048152,0.0593318138680939
Q9SV24,1,0.0244060764761438,0.0274368776095108,0.0507501356246505,0.0338219393276253,0.10460748953478,0.520374950568217,0.105767591989826,0.0827278993554984,0.0501070395137477
Q8W491,1,0.0219075296584948,0.0244058242740571,0.0387519309247184,0.0561936917741826,0.0496453814954937,0.392469372890063,0.276923863742205,0.0476776368672928,0.0920247683734929
Q94B08,1,0.0228782645938151,0.0253049976715877,0.039015866774362,0.0675795871900557,0.0495298119980695,0.358715342063514,0.273695093238898,0.04779270930944,0.115488327160258
ATMG00020,1,0.0301192907321079,0.0338026046727578,0.0625912901246174,0.0391159708727392,0.135956297332031,0.419730942374238,0.116515702947746,0.104409432342047,0.057758468601715
P93276,1,0.0249874664963736,0.0278577128984421,0.0456444060319396,0.0501391972291975,0.067923026197543,0.465004726653028,0.177236313730495,0.0608833419290415,0.0803238088339395
Q9SFB7,1,0.0229450192975462,0.0255261121916696,0.0408434910848731,0.0583461896614288,0.0508539315455883,0.300529385231167,0.347730487436486,0.0497010322474756,0.103524351303765
O64733,1,0.0241863415557832,0.0268470305849101,0.0415385030520466,0.0674339005406454,0.0484426885467685,0.313668739931981,0.319601280816806,0.0486018470803858,0.109679667890673
O81913,2,0.0419375440292089,0.0436560349811802,0.0469006890644532,0.289985780690477,0.0399011619710976,0.0886469728755792,0.169716317297757,0.042934613883188,0.236320885207058
Q9LR44,2,0.0350360897019371,0.0364579365453861,0.0405926104546309,0.351901843098229,0.0373304430695801,0.0848868842895915,0.153374959144433,0.03958711812056,0.220832115575652
Q3EDG6,2,0.0187958798058155,0.019816193051896,0.0233445297456113,0.359779120695208,0.0213537469948543,0.053322776741391,0.14331340659621,0.0229526755404622,0.337321670828552
AT1G04677,2,0.0641795407939246,0.0640672261601317,0.0594677825871612,0.332001085748658,0.0487782865974018,0.0772432252151839,0.119102220119442,0.0530165661336675,0.182144066644429
AT1G04803,2,0.0537505018200498,0.0549453887854017,0.0569627258784331,0.26481815854312,0.0519211007533168,0.0882900248412015,0.150958172098531,0.0542925959829248,0.224061331297021
A0A178W1Y6,2,0.0439632125411047,0.0451317333089045,0.046747436026679,0.315684704596956,0.0402526266003722,0.0795119201907918,0.142053044762025,0.0431009515000082,0.243554370473159
Q56YI8,2,0.052426703823732,0.0541539561033159,0.0574161692269585,0.243006195489416,0.0513052546102594,0.092227565142303,0.153271546364268,0.0543019049526488,0.241890704287098
AT1G04973,2,0.0693622123435319,0.0691905905314825,0.0627872029406628,0.301072212169248,0.0501419584156084,0.0792673976020355,0.124766817861163,0.0545789442498883,0.18883266388638
Q9SHH7,2,0.017654717331801,0.0186600367798163,0.0214882035161137,0.38470333290682,0.0190486129151893,0.0471102697187021,0.136475999795861,0.0205216469017685,0.334337180133928
P92995,2,0.0327226770398402,0.0347887259743378,0.0410152377038783,0.280252900357311,0.0365764125158165,0.0960829437211501,0.203622061252663,0.039464756282465,0.235474285152538
Q9LMC8,2,0.0527170158577059,0.0539104935066584,0.0559791370193094,0.258198362411279,0.0474387304545991,0.0778291661777135,0.145900557162693,0.0515954508588715,0.256431086551169
Q9LNS5,2,0.0291808369051544,0.0307339260206966,0.0354344811283627,0.295953894127119,0.0323201230173013,0.084990962520892,0.198700994929009,0.0341844044971763,0.258500376854288
AT1G05837,2,0.0654213403976073,0.0661292104095042,0.065409247774845,0.254096792849806,0.0563268848940303,0.0850366652314854,0.136500990908435,0.0603986502244262,0.210680217309861
Q9FZE4,2,0.0629484715245237,0.0643845937212173,0.068712895988838,0.221686656568771,0.063114212837923,0.0990936178792966,0.146831223813062,0.0670132374077691,0.206215090258599
Q9SGP6,2,0.0284362592702778,0.0295872504589779,0.0314825777008318,0.401693436890022,0.0268488929145867,0.0588929581225441,0.13617506628303,0.0288813505269444,0.258002207832785
Q3E6X9,2,0.056875232132838,0.0577255329331164,0.0580422455315558,0.305557934348431,0.0517076722849297,0.0916472110300245,0.134667125297437,0.0546877388662183,0.189089307575449
Q9C8J4,2,0.0382172365579148,0.040790891831836,0.0475437138025223,0.234155670377309,0.0413733890184429,0.107274672078782,0.21339838018219,0.0446222782354699,0.232623767915533
Q84UV0,2,0.056875232132838,0.0577255329331164,0.0580422455315558,0.305557934348431,0.0517076722849297,0.0916472110300245,0.134667125297437,0.0546877388662183,0.189089307575449
Q9XIQ2,2,0.0392536518160956,0.0404697860203666,0.042176134307912,0.388787167982093,0.0362121811296109,0.0720490380847191,0.134069287408476,0.0390329709368402,0.207949782313886
Q9C6H5,2,0.0625629400716031,0.0621719755362869,0.0562814330400403,0.35144278690533,0.0447724740662609,0.0681093170161516,0.114243863928321,0.0490953837590979,0.191319825676909
F4HQ05,2,0.0586649591752133,0.0592145330068001,0.0568114744276274,0.326548933612135,0.0463493776385761,0.0771254294961823,0.123693968535326,0.0506515703584404,0.200939753749699
AT1G09327,2,0.0617674061081521,0.0629792930638721,0.0653426859144629,0.240405104696622,0.0592696430190953,0.094990102937083,0.143351397584085,0.0626315022858359,0.209262864390792
Q9C9K5,2,0.0304712672361992,0.0324244931579236,0.0391498218428556,0.257823508840121,0.0350488673591545,0.0940088882978815,0.223764515542781,0.0380124240204942,0.249296213702589
AT1G09907,2,0.0525073392351591,0.0536795040910225,0.0553856025417247,0.279222773871401,0.0468562764384253,0.0815169153959636,0.14518084852789,0.0509972697076967,0.234653470190717
Q9FYE0,2,0.0361397842042327,0.0371023822393211,0.0397587706117272,0.386380554944701,0.0356622316622053,0.0682330485717604,0.125762412462457,0.0382956512721465,0.232665164031449
F4JZB9,2,0.0580862148707656,0.0592552120593906,0.0598066646548285,0.289453720862086,0.0502173529754149,0.0848921798234794,0.134975293965599,0.0548103352458729,0.208503025542563
A0A178U7S5,2,0.0537505018200498,0.0549453887854017,0.0569627258784331,0.26481815854312,0.0519211007533168,0.0882900248412015,0.150958172098531,0.0542925959829248,0.224061331297021
Q94CK4,2,0.0769856627764254,0.077112641434566,0.0719195992516019,0.231177324096232,0.0577334516418734,0.0814496931205367,0.131617824312324,0.0630778521094809,0.20892595125696
Q9LYJ3,2,0.056875232132838,0.0577255329331164,0.0580422455315558,0.305557934348431,0.0517076722849297,0.0916472110300245,0.134667125297437,0.0546877388662183,0.189089307575449
A0A1P8BGN4,2,0.0693622123435319,0.0691905905314825,0.0627872029406628,0.301072212169248,0.0501419584156084,0.0792673976020355,0.124766817861163,0.0545789442498883,0.18883266388638
F4KFK3,2,0.0505161589697188,0.0521132577422187,0.0538066688063415,0.313296408916041,0.0465966490275563,0.0871088842496604,0.13884534334143,0.0499852259388329,0.207731403008201
Q9FKP1,2,0.0386547654445308,0.0396534754258188,0.0411269188800155,0.404564549985936,0.0362257207812962,0.0728960690420039,0.127975827639775,0.038582785316221,0.200319887484403
A0A1P8BGZ5,2,0.056875232132838,0.0577255329331164,0.0580422455315558,0.305557934348431,0.0517076722849297,0.0916472110300245,0.134667125297437,0.0546877388662183,0.189089307575449
Q8GWF1,2,0.0513479889691428,0.0515645721413632,0.0480465929044108,0.404094797443628,0.0385003011559082,0.0641374849340737,0.11270359947755,0.0421038368781514,0.187500826095772
Q9FNK0,2,0.0577516209628676,0.0582976206585913,0.0566047697414815,0.310457516430353,0.0484039696345577,0.0790116790201671,0.133494760409121,0.0516449471118879,0.204333116030972
Q4V3D6,2,0.059740288717857,0.0597174410911442,0.0556442447895476,0.346287776567516,0.045215747305779,0.0705427092174429,0.116795420355995,0.049382569288721,0.196673802665997
F4JZS0,2,0.0216682527473335,0.0225924811452478,0.0254073418316723,0.465399538310262,0.0237450331188553,0.0582880282062108,0.12197090363317,0.0249930739492931,0.235935347057956
A0A140JWM81,2,0.036233880451367,0.0380217301369092,0.0421819921947156,0.291847890304549,0.0385105890660732,0.0827572406988543,0.17121244206096,0.0404452857922186,0.258788949294353
Q940Z5,2,0.0305297771933767,0.031948666700833,0.0349821096446023,0.40446371776167,0.0295446716917886,0.0658246363249532,0.141879042260301,0.0323395942529125,0.228487784169564
F4KIX1,2,0.0608829954140842,0.0616577078184491,0.0601683656846624,0.256652332842175,0.0488153412829784,0.0746916058446611,0.137702843153315,0.0534080859815031,0.246020721978172
Q9LV63,2,0.0767981336907629,0.0770703510748161,0.0707768958381383,0.23317810809815,0.0560474548293714,0.0849954329250809,0.135422264109676,0.0609623641494324,0.204748995284573
A0MFN6,2,0.0596354353267093,0.0606447114740708,0.0586643275052801,0.265294464366839,0.0478584623434741,0.078504880572672,0.140721270684985,0.0517325568782298,0.236943890847741
F4JYT5,2,0.0420662894171518,0.0436867839997329,0.0473161593494425,0.283861338764261,0.0411822519319669,0.077123909356609,0.154453284823732,0.0444653825288035,0.2658445998283
A0A1P8BCM6,2,0.0142329480442483,0.0147827192882646,0.0161067518486923,0.602062364545648,0.0143170793663102,0.031526966422425,0.0768197438192937,0.0153173191477704,0.214834107517347
Q9FKT9,2,0.0351421551828148,0.037001005843954,0.0405173656140355,0.297046741674972,0.0332808772961831,0.0756920789395437,0.171509245012806,0.0365246509396167,0.273285879496074
Q9FKK9,2,0.0413644892798051,0.0427701964513313,0.0450064790847861,0.314584487921748,0.0380127569897608,0.0684187337735321,0.146224560612422,0.0412922349433035,0.262326060943311
Q9FLT4,2,0.0458158607404086,0.0472646206787433,0.0512827383439621,0.294649068384422,0.044848357877407,0.0772593755552676,0.144075904176312,0.0489684303176993,0.245835643925778
Q93WU9,2,0.0375048758532312,0.0384780215971183,0.0387505656530462,0.420505581126134,0.0321818777365937,0.0613769510444309,0.120366490311236,0.0349225478939597,0.215913088784251
Q9CAE7,2,0.0444803800095668,0.0450662880473763,0.0445750817219443,0.40058200695621,0.0376308478132495,0.0666481405635555,0.116106502872011,0.0406997446178438,0.204211007398244
AT3G14475,2,0.0360766995643778,0.0374644516195267,0.0423728883374652,0.290830974077306,0.0422672542131633,0.0932208666184341,0.160896839525414,0.0431639031277855,0.253706122916528
AT3G04495,2,0.0360766995643778,0.0374644516195267,0.0423728883374652,0.290830974077306,0.0422672542131633,0.0932208666184341,0.160896839525414,0.0431639031277855,0.253706122916528
Q9LIQ1,2,0.0512563079305985,0.0526814902263128,0.0537593352990059,0.267938097900007,0.0457218674634831,0.0790303365175384,0.144310328623116,0.0490839144467765,0.256218321593161
Q9LRW9,2,0.0382295763104832,0.0393796934397924,0.0409836195325241,0.362992871374035,0.0365422891714358,0.0719112235888554,0.138133158178571,0.0384967048655484,0.233330863538754
Q9LSJ5,2,0.065853477528326,0.065946812815468,0.0617990037248957,0.304649644645707,0.0503876964645921,0.079193255936742,0.122704583914995,0.0549644950718405,0.194501029897434
Q9LSI7,2,0.0583765771748109,0.0596715597062179,0.0577467156002088,0.262747151094107,0.0468408192887571,0.0801656912162069,0.145820640470834,0.0505076210635177,0.23812322438534
Q9LHA1,2,0.041839299746797,0.0422312171569763,0.0403000725681898,0.457234308991781,0.0322084505478131,0.0549920613690894,0.103815254735814,0.035462809670387,0.191916525213152
Q3E7K4,2,0.0339537500639715,0.0353006458431544,0.0399043324881041,0.296690697890449,0.0393934737795192,0.0887894842560869,0.160520489091091,0.040357063509546,0.265090063078077
Q9M2C3,2,0.0534538011687455,0.0541561542150864,0.0521662489099277,0.316119006704248,0.0414881439477109,0.0715171256729671,0.133648866185898,0.0454983131100881,0.231952340085328
Q9M1F7,2,0.0405358417863056,0.0409191446768112,0.0395984247693631,0.449266104049756,0.0330346284142906,0.0568162141077109,0.104021958135113,0.0357706917805914,0.200036992280058
Q56YG6,2,0.0617674061081521,0.0629792930638721,0.0653426859144629,0.240405104696622,0.0592696430190953,0.094990102937083,0.143351397584085,0.0626315022858359,0.209262864390792
Q9M2Z8,2,0.0227108509057581,0.0237100575449731,0.0260078448800979,0.390513446819132,0.0224582891789753,0.051888390766849,0.131252626840242,0.0242034285246912,0.307255064539281
Q9SMU8,2,0.0273899629756651,0.0284339072776782,0.029935006316853,0.480128544343636,0.0252488097615713,0.0542307537711075,0.118038877899117,0.0273408080744505,0.209253329579922
AT3G08230,2,0.0432941998831231,0.0445177808020401,0.0465822887943374,0.285873510614175,0.0414820470017254,0.0774967418571612,0.147264095563724,0.0437567068987891,0.269732628584925
AT3G08410,2,0.056875232132838,0.0577255329331164,0.0580422455315558,0.305557934348431,0.0517076722849297,0.0916472110300245,0.134667125297437,0.0546877388662183,0.189089307575449
Q9LY61,2,0.0245058314737913,0.0257846238599809,0.0295452258347708,0.340917750148414,0.0255371305413022,0.0583322215921579,0.160911335712211,0.0279026308951887,0.306563249942184
Q9LY00,2,0.0396676965973933,0.0405354093925257,0.0402065175323214,0.44590437753829,0.0327923000110458,0.0616389536819181,0.113718016290431,0.0359078619818493,0.189628866974225
AT3G08975,2,0.0617674061081521,0.0629792930638721,0.0653426859144629,0.240405104696622,0.0592696430190953,0.094990102937083,0.143351397584085,0.0626315022858359,0.209262864390792
A0A384KZ20,2,0.056875232132838,0.0577255329331164,0.0580422455315558,0.305557934348431,0.0517076722849297,0.0916472110300245,0.134667125297437,0.0546877388662183,0.189089307575449
AT3G09855,2,0.0675988219843096,0.0677598938773309,0.0626094879671466,0.278559394220035,0.0504913103754531,0.0779016520137438,0.13250849387035,0.0546676929851973,0.207903252706433
A0A1P8AXS8,2,0.037450713146552,0.0388364315447743,0.0434822128673294,0.306343050661291,0.0417991647072652,0.0962548761916968,0.163599797476268,0.043269374376904,0.228964379027919
Q9SHT4,2,0.0714692991793817,0.0723980452013294,0.0717266967769036,0.220429502953189,0.0611406460283059,0.0914044174944166,0.138649851383733,0.0657276098627393,0.207053931120001
Q7Y232,2,0.0268637191917974,0.0276317757457177,0.0283733787355293,0.520332019142313,0.0236630818746848,0.0463437624423604,0.10042030669649,0.025768894253909,0.200603061917198
A0A178VYM0,2,0.0605583184696849,0.0615335721734609,0.0582095367779354,0.277509590360376,0.0463878237865863,0.0786045720675865,0.138217291527446,0.0503597403739596,0.228619554462964
Q8GXE6,2,0.045439459790903,0.0462682439855409,0.0462144796231945,0.375160292326269,0.0383165111485762,0.0674109496706339,0.122809948010914,0.041785959140365,0.216594156303604
O81025,2,0.0453876497296521,0.047839152156154,0.0533625538494526,0.251861469482112,0.0474473613793689,0.110993225054768,0.179468799270816,0.0504245453201389,0.213215243757537
AT2G08290,2,0.0577516209628676,0.0582976206585913,0.0566047697414815,0.310457516430353,0.0484039696345577,0.0790116790201671,0.133494760409121,0.0516449471118879,0.204333116030972
A0A1P8AZU2,2,0.044781788672012,0.0460080364742605,0.0490580249502811,0.313987025077056,0.0441482922111516,0.0869526474292269,0.146349976431832,0.0468558103720513,0.221858398382129
Q6DSS2,2,0.0617674061081521,0.0629792930638721,0.0653426859144629,0.240405104696622,0.0592696430190953,0.094990102937083,0.143351397584085,0.0626315022858359,0.209262864390792
Q93WU8,2,0.0316006631965267,0.0324020120525098,0.0323599161869945,0.514818285202715,0.0265199416325092,0.0503194930158518,0.0979546950785605,0.0290011038274489,0.185023889806884
P0CH01,2,0.0465936882531158,0.0484440743753312,0.0515464706708103,0.310119734350476,0.0442392310543826,0.0898296352503434,0.147158605441878,0.0478457977397244,0.214222762863938
AT2G09815,2,0.0537505018200498,0.0549453887854017,0.0569627258784331,0.26481815854312,0.0519211007533168,0.0882900248412015,0.150958172098531,0.0542925959829248,0.224061331297021
O23077,2,0.0443675103591355,0.0446860323213415,0.0429218136070275,0.43110572453969,0.0350155526826282,0.0594673930684678,0.109507593787668,0.0382836365229687,0.194644743111072
Q9S9T4,2,0.0360766995643778,0.0374644516195267,0.0423728883374652,0.290830974077306,0.0422672542131633,0.0932208666184341,0.160896839525414,0.0431639031277855,0.253706122916528
AT4G05945,2,0.0564371014343462,0.0567697033998201,0.0531726624680761,0.363351989820083,0.0430696998812598,0.0694102960904249,0.118457159861088,0.0469574625938291,0.192373924451073
O81815,2,0.03036184649317,0.031855141633304,0.0364460550693213,0.334540406366678,0.0314772403154332,0.0690971135944792,0.158694384742448,0.0346325168235962,0.272895294961569
P0C042,2,0.0693622123435319,0.0691905905314825,0.0627872029406628,0.301072212169248,0.0501419584156084,0.0792673976020355,0.124766817861163,0.0545789442498883,0.18883266388638
O49722,2,0.0769856627764254,0.077112641434566,0.0719195992516019,0.231177324096232,0.0577334516418734,0.0814496931205367,0.131617824312324,0.0630778521094809,0.20892595125696
A0A178UXE6,2,0.039750957357106,0.0411362704965816,0.0443518294836166,0.313514196593937,0.0390844944489254,0.0791208711523997,0.159247845486375,0.0416638003406521,0.242129734640407
Q93WT0,2,0.0398646952107905,0.0415349774886727,0.0453014238076969,0.329872667846713,0.0412077361791098,0.0921094951457676,0.155119900628054,0.0434874644444596,0.211501639248735
Q8VZE9,2,0.0310174169271904,0.0323694786110942,0.0357535206578083,0.362589340760032,0.0300714857798882,0.0631902774520768,0.146508840955867,0.0331140906604435,0.265385548195599
O23180,2,0.0200287016158921,0.0208940859743556,0.0226918629005389,0.489757275287678,0.0196781816306328,0.04353726337075,0.107719926463127,0.0211845157669559,0.25450818699007
P93292,2,0.0767981336907629,0.0770703510748161,0.0707768958381383,0.23317810809815,0.0560474548293714,0.0849954329250809,0.135422264109676,0.0609623641494324,0.204748995284573
F4KJ52,2,0.0321532246119027,0.0361518569412541,0.0628513755201144,0.0596705031363579,0.0788322733013016,0.266569659422067,0.264407787388334,0.0798585228138931,0.119504796864775
Q5PP28,2,0.0151490870752954,0.016816478521921,0.0259984363426317,0.0485927486638971,0.0299732234929033,0.240684549025409,0.487373727247395,0.0300749282629192,0.105336821367629
