ID,Cluster,#1,#2,#3,#4,#5,#6,#7,#8,#9
Q9FWX8,1,0.194345508982009,0.175883251136098,0.185996379115493,0.182727420621906,0.0302482662966772,0.0300858452253494,0.0301364902209382,0.0301102108401964,0.140466627561332
AT1G04223,1,0.204010364556931,0.194456990422625,0.199193087985158,0.190042837216677,0.0137515754993922,0.0136052063596504,0.0137637939610244,0.0136759176995488,0.157500226298993
Q9ZWB4,1,0.170916337466592,0.16529137077797,0.168833050776954,0.170045940218505,0.0428081428316313,0.0427158155610139,0.0426794641592205,0.0426956539833092,0.154014224224803
A0A1P8AUV9,1,0.204862284849186,0.188055153760473,0.196382710791217,0.18980550345163,0.0172155225504332,0.0170775427626117,0.0172056473884006,0.0171418594814199,0.152253774964629
Q9LE79,1,0.170916337466592,0.16529137077797,0.168833050776954,0.170045940218505,0.0428081428316313,0.042715815561014,0.0426794641592205,0.0426956539833093,0.154014224224803
AT1G05017,1,0.185143866152978,0.173369127669421,0.18065823817129,0.180390809338831,0.0334155083977408,0.0333276500950595,0.0332148600200223,0.033298498247487,0.14718144190717
Q9LM21,1,0.189971138495754,0.175945104382045,0.183295396015023,0.178337119153944,0.0318983951449463,0.031829312294116,0.031744675072941,0.0318252984341959,0.145153561007034
AT1G06153,1,0.185481683260078,0.180819815529137,0.183710249407365,0.179892628254902,0.0278507426963367,0.0273598471340058,0.0278952525584453,0.0276422679329309,0.1593475132268
Q2V2Q8,1,0.196864121314857,0.19066720925044,0.195314508465466,0.196107375570369,0.0131391338850625,0.013049763991814,0.013114497013393,0.0130815807920129,0.168661809716586
AT1G54355,1,0.170916337466592,0.16529137077797,0.168833050776954,0.170045940218505,0.0428081428316313,0.042715815561014,0.0426794641592205,0.0426956539833093,0.154014224224803
Q5E930,1,0.217417857643205,0.193349928139896,0.206223403592584,0.195979722585796,0.0119932521600831,0.0118902165728291,0.0119874009606284,0.011941489776385,0.139216728568593
A0A1P8APL7,1,0.191124847594612,0.176671378130955,0.184957160400374,0.185868295920871,0.027476252175284,0.0273894409945535,0.0273714813940359,0.0273743604741405,0.151766782915174
Q9C8Y5,1,0.187346775515692,0.18484464854561,0.186773900235877,0.183935212412916,0.0230418513610182,0.02267615495622,0.0231543248061727,0.0228639325690272,0.165363199597466
AT1G67105,1,0.192579344273396,0.179541507634001,0.185447501221918,0.176597182039721,0.0299883602302343,0.0294323719618913,0.0301345185506825,0.0297490585930491,0.146530155495106
Q94ID3,1,0.185927810133486,0.174786588209912,0.179775981988551,0.175691895584173,0.0326263687266247,0.0322361199972796,0.0326066881674534,0.0324207422448561,0.153927804947665
AT1G74205,1,0.19039418369301,0.18981850093667,0.189827242386226,0.182888337405232,0.0195710505197271,0.0192637694930513,0.0196098671261535,0.0194398712806559,0.169187177159275
F4K2L4,1,0.176614228441708,0.16764121511378,0.17284190055421,0.171461359455084,0.0411085033942627,0.0409399844889677,0.0410061672233906,0.0409685903014753,0.147418051027122
Q949R3,1,0.176358859145945,0.163212733345038,0.17074552744664,0.169973936104461,0.0455314927342892,0.0454142616014488,0.0453073633708691,0.0453674080531537,0.138088418198155
A0A1P8BF78,1,0.171611607954563,0.170168218029196,0.170267665049245,0.167160052300527,0.0394761102176209,0.0387799186834874,0.0396405925338452,0.0392532420389433,0.163642593192573
Q9FLE2,1,0.180093179316048,0.176638475840726,0.179765194228807,0.179972431367652,0.0310614853742548,0.0307956834390575,0.0310025709143536,0.0308992617077735,0.159771717811329
Q9FHE8,1,0.18357153567274,0.177518257205456,0.179783644193984,0.174192197703128,0.0312394008835709,0.0311262768826391,0.0312057978422869,0.0311949622878924,0.160167927328302
Q9FK75,1,0.200938896163078,0.182768403826961,0.191898633200882,0.183251322214016,0.0250139394970917,0.0246367212620256,0.0250325083539966,0.0248355588716311,0.141624016610319
Q8GX37,1,0.191658371952075,0.187850318835168,0.188425057787082,0.178067165391949,0.0227382780861292,0.022283826459503,0.0228439861325402,0.0225725881823635,0.163560407173191
F4JXD2,1,0.181885263376275,0.168374732050556,0.17638111223765,0.175253952782495,0.0396688507714261,0.0393429514783974,0.0395625480482969,0.0394453873437475,0.140085201911157
Q8W1E3,1,0.195412979291846,0.186231801111824,0.191576488552876,0.185260951274795,0.0222832298173373,0.0220791956939748,0.0222473984901287,0.0221800019557136,0.152727953811505
Q9FML4,1,0.181059083791704,0.179414676150889,0.180155719747918,0.176945270322533,0.0290314008700463,0.0285568285616917,0.0290684080521536,0.0288348620461493,0.166933750456914
A0A178UEA7,1,0.170916337466592,0.16529137077797,0.168833050776954,0.170045940218505,0.0428081428316313,0.042715815561014,0.0426794641592205,0.0426956539833093,0.154014224224803
Q9FKQ5,1,0.193355332874458,0.176357944938573,0.185916195664748,0.182500439393327,0.0302948504738577,0.0300392063053328,0.0302291916930891,0.0301547820954285,0.141152056561186
Q9FKW9,1,0.182241629568416,0.178755542502033,0.179842971359799,0.17494127465085,0.0302320002957327,0.0296096572888633,0.0304456853999607,0.0299796420283127,0.163951596906033
Q3EBD7,1,0.185858879965163,0.173512739202941,0.180638820345636,0.181973815789939,0.0314352637533902,0.031384059661121,0.031287946926913,0.0313419163349169,0.15256655801998
Q96305,1,0.184778736285857,0.177762722954356,0.18021477714073,0.172760864307971,0.0321232927314076,0.0314062969826678,0.0323611889554858,0.0318417331677055,0.156750387473819
B3H617,1,0.176923412332215,0.165408983249705,0.171535986848838,0.171351504306677,0.0421046052509249,0.0421312794101675,0.0418133709535036,0.041986599012775,0.146744258635195
Q9LRR2,1,0.182422936300842,0.168527192219938,0.176495867664461,0.174633134975831,0.039523202017975,0.0395950617626264,0.0392952946843665,0.0394503599665241,0.140056950407437
AT3G03595,1,0.176614228441708,0.16764121511378,0.17284190055421,0.171461359455084,0.0411085033942627,0.0409399844889677,0.0410061672233906,0.0409685903014753,0.147418051027122
F4JBE2,1,0.198834476996837,0.180843220890954,0.190892184352632,0.185305000271739,0.0260584602493532,0.0257505271702601,0.0260462382481265,0.0258971575790707,0.140372734241027
A0MDR2,1,0.197199260402498,0.184419262293258,0.193146787083768,0.193716805499783,0.01986863352299,0.0197851791793421,0.0198132884477057,0.019796475327502,0.152254308243154
Q9SMP6,1,0.189647109220129,0.18236253529803,0.185269295024355,0.177723357434125,0.0267870760927416,0.0263122297591103,0.0269495115497776,0.0265821573645314,0.1583667282572
AT3G08070,1,0.168429062030135,0.162828598636355,0.166469776054512,0.167005124349725,0.0465677030370866,0.0464736830377207,0.0463470002510721,0.0463962378289773,0.149482814774416
AT3G08245,1,0.184222595420178,0.173146503196513,0.178584441950389,0.178160443684025,0.0323999106437901,0.0322412018771241,0.0322541783220751,0.0322644146271224,0.156726310278782
Q9FPR6,1,0.173455335078247,0.171468603256194,0.172313859981697,0.172137775717056,0.0357585250198002,0.0354474175176219,0.0357214699979224,0.0356023966265257,0.168094616804936
AT2G04335,1,0.176614228441708,0.16764121511378,0.17284190055421,0.171461359455084,0.0411085033942627,0.0409399844889677,0.0410061672233906,0.0409685903014753,0.147418051027122
AT2G04465,1,0.179669552500948,0.171233529570989,0.17595218993161,0.177220038886853,0.0345330145856111,0.034683763327806,0.0342847059253564,0.0345255948891534,0.157897610381674
A0A1P8B096,1,0.182772757945821,0.181249527395862,0.180560961044339,0.176983196337992,0.025030451706759,0.0246517559473604,0.0250787058785627,0.0248618021595847,0.17881084158372
O48843,1,0.177797861531236,0.173727068011429,0.174740925668158,0.170612940675979,0.0348802656163439,0.0346998292334833,0.0349492043864384,0.0347654462193949,0.163826458657538
O22778,1,0.190316447413093,0.18091407578369,0.186196376202589,0.180327130311167,0.0282352751674724,0.0278114394478528,0.0282490059204141,0.0280500796174465,0.149900170136275
Q9S728,1,0.211963492215843,0.194824788781253,0.203730089089568,0.19165043214106,0.0133702019851111,0.0131777389876693,0.0133927063366985,0.0132807178333537,0.144609832629443
AT2G09945,1,0.179602418110717,0.166343544311163,0.174284910685735,0.173784281815424,0.0417501385933828,0.0418088389327847,0.0414663198957514,0.0416575395019692,0.139302008153073
B3H4R4,1,0.176614228441708,0.16764121511378,0.17284190055421,0.171461359455084,0.0411085033942627,0.0409399844889677,0.0410061672233906,0.0409685903014753,0.147418051027122
F4JH46,1,0.188968916455646,0.18393069677225,0.187222666359231,0.185860479236917,0.0221071058336914,0.0220252764956538,0.02205127802559,0.0220197099696299,0.165813870851391
A0A178V3G1,1,0.18583861844008,0.178260453226863,0.183563962147002,0.183382639966128,0.0284048678546578,0.0284444385138286,0.0282589559121069,0.0283757973770891,0.155470266562245
AT4G04223,1,0.179441171035089,0.172250646272317,0.175443932233546,0.172953545607948,0.0353520023795655,0.0355826540790255,0.0351639294959383,0.0353729515405085,0.158439167356062
A0A178UZY4,1,0.170916337466592,0.16529137077797,0.168833050776954,0.170045940218505,0.0428081428316313,0.042715815561014,0.0426794641592205,0.0426956539833093,0.154014224224803
Q9T0K2,1,0.19388166560612,0.181271077137452,0.186334045895461,0.178110369709635,0.0268010556644746,0.0264096950076993,0.0268454705203602,0.0266373175597201,0.153709302899077
Q8RXC3,1,0.187899237191595,0.181022790163466,0.185347336758901,0.184395406292597,0.0250069172948344,0.0250033174853772,0.0248582926341622,0.0249648239791675,0.1615018781999
Q93V43,1,0.189312473665894,0.188014999960754,0.188269155780561,0.181226568227461,0.0216145492283779,0.0213008819179253,0.0216834967348533,0.0214653321130824,0.167112542371092
Q84JC2,1,0.186179345823531,0.171064592763612,0.179827274628729,0.179097642323116,0.035589946145165,0.0354065408780915,0.0354836504061125,0.0354246457789613,0.141926361252681
Q9FVI6,1,0.166150663398479,0.158596036565401,0.162961664173242,0.164300056483604,0.0504830527117917,0.050471022620995,0.050202855897244,0.0503332777276509,0.146501370421592
F4JU69,1,0.194402247648213,0.178966870200873,0.187738984003568,0.185693315854002,0.0266596860431006,0.0263170813852414,0.0266442182344515,0.0264881144590494,0.147089482171501
Q9SZD2,1,0.194319314094696,0.190567978748806,0.190820361431702,0.180534635677264,0.0189801323807274,0.0186419384019315,0.0190825660536701,0.0188452718733297,0.168207801337874
Q9M080,1,0.187776104213986,0.180773371601045,0.183534695645344,0.177909103654116,0.0273871669596984,0.0270348514584025,0.0274416530301153,0.0272441694254661,0.160898884011826
O81755,1,0.191607082364274,0.180876200936576,0.187730341416143,0.186326339370939,0.0252748451656793,0.0251862815327496,0.0252314206592035,0.0251794349118264,0.15258805364261
AT4G37225,1,0.190709383099916,0.184364078736279,0.187356226200244,0.179081492242461,0.0259390959923674,0.0255060971734306,0.0260273034252018,0.0257521772280587,0.155264145902042
F4JSU0,1,0.194900642655737,0.178202624416254,0.18795652322223,0.185627632360128,0.0276676328875765,0.0273532801793168,0.027651168350155,0.0274957311241133,0.143144764804489
Q9T073,1,0.190115155610373,0.180320835842014,0.184774162183439,0.183180348432688,0.0244299300760899,0.0240874760609024,0.0244311353354424,0.0242541014391347,0.164406855019917
AT4G09785,1,0.170916337466592,0.16529137077797,0.168833050776954,0.170045940218505,0.0428081428316313,0.042715815561014,0.0426794641592205,0.0426956539833093,0.154014224224803
O64492,1,0.181437103620112,0.186140799137843,0.182458003504836,0.175257887335715,0.0238849783243625,0.0233673546661179,0.0240109035107247,0.023692560356109,0.179750409544181
F4I177,1,0.192829934066145,0.193697165780631,0.193409199592655,0.186213606283266,0.0160783336769832,0.0158357181837909,0.0161415070130478,0.0159670619889038,0.169827473414577
Q9LFR3,1,0.175587237721992,0.178028362298871,0.175508746052693,0.169578795244817,0.0319750933203524,0.031409204469581,0.0321063623744649,0.0317878845391225,0.174018313978106
Q9S7T9,1,0.187063256151735,0.190154112343941,0.189656159317883,0.187176712241496,0.0180981662778913,0.0179109121508823,0.018117375941688,0.0180029729433413,0.173820332631142
AT5G23155,1,0.199743016031344,0.199768044992221,0.199185905723842,0.190458768636259,0.00922370054379058,0.00912936136256317,0.00923344226495781,0.00917776902729599,0.174079991417727
Q6NLH4,1,0.183270933913987,0.185973167183292,0.184758013776566,0.182220104467541,0.0219046882122991,0.0215608615665996,0.0219502978636361,0.0217365292219396,0.17662540379414
O64627,1,0.17730932927297,0.180320135103966,0.179370459402186,0.177708243855393,0.0284650024448586,0.0280700248642329,0.0285149262324598,0.028297166936588,0.171944711887346
Q9ZV34,1,0.182621501968558,0.185944625032592,0.182593614828842,0.174174324974662,0.0244470806181008,0.0239223216299594,0.0246164849203363,0.0242554622457401,0.177424583781209
Q84TI7,1,0.18096348894857,0.186782746214359,0.182266355191048,0.175100602618199,0.022779146058161,0.0223311081505043,0.0229449089098706,0.0226098556038639,0.184221788305424
Q42431,1,0.18007756045407,0.180029538377561,0.180215809077628,0.179977769835392,0.0260565675724546,0.0260853412883433,0.0260169190289991,0.0260369048962737,0.175503589469278
A0A1P8AU14,1,0.175779560363564,0.170610539096426,0.173945063030148,0.17768202741051,0.034302342446847,0.0342553206381319,0.0341433060433504,0.0341922824469575,0.165089558524066
AT1G06463,1,0.178121976884975,0.174258955986947,0.177477814727732,0.179686251945663,0.0320984709040188,0.0321791860739084,0.0319274032513404,0.0320805025912892,0.162169437634126
AT1G06963,1,0.165881709402333,0.168985854578329,0.16855088253583,0.172534931158029,0.0380727565371881,0.0380143562048868,0.0379238558099195,0.0379522375981356,0.17208341617535
F4HV37,1,0.169589122111555,0.170915934074476,0.171457971229665,0.174068327280164,0.0367351396757072,0.0366360687285672,0.0366421072542139,0.0366276498989974,0.167327679746655
AT1G07753,1,0.173977739688749,0.169624043490993,0.172234655468738,0.175266269786623,0.0357566743386583,0.0356996442171472,0.0355525603857872,0.0356429293744841,0.16624548324882
Q1G3X9,1,0.161052693798386,0.159104423374792,0.160411025237215,0.163269428007385,0.0491182427621564,0.0491109945703754,0.0488488009702708,0.0489652703906912,0.160119120888729
Q9SS00,1,0.162615412362929,0.162525995129823,0.163558854505954,0.168391584315534,0.044650547144752,0.0447075810272104,0.0443650953553192,0.0445190884360363,0.164665841722443
AT5G02225,1,0.169589122111555,0.170915934074476,0.171457971229665,0.174068327280164,0.0367351396757072,0.0366360687285672,0.0366421072542139,0.0366276498989974,0.167327679746655
Q9FIC8,1,0.165193927665522,0.161667743206081,0.164021749193922,0.16667889387882,0.0463172528398841,0.0462950566791231,0.0461062512391022,0.0461941312117187,0.157524994085828
Q9FLH9,1,0.172897019443998,0.169331769798593,0.171713393616982,0.172943014720747,0.0380078623005719,0.0379336939090367,0.0378345754281235,0.0378597318139679,0.16147893896798
Q9LDE1,1,0.174770124951497,0.174239054738746,0.174879098368581,0.176361814721969,0.0320750129988255,0.0318879379251098,0.0319322813261054,0.0319256468939383,0.171929028075227
Q9LJF1,1,0.169589122111555,0.170915934074476,0.171457971229665,0.174068327280164,0.0367351396757072,0.0366360687285672,0.0366421072542139,0.0366276498989974,0.167327679746655
AT3G06605,1,0.169589122111555,0.170915934074476,0.171457971229665,0.174068327280164,0.0367351396757072,0.0366360687285672,0.0366421072542139,0.0366276498989974,0.167327679746655
Q45GK4,1,0.169589122111555,0.170915934074476,0.171457971229665,0.174068327280164,0.0367351396757072,0.0366360687285672,0.0366421072542139,0.0366276498989974,0.167327679746655
AT2G04205,1,0.161052693798386,0.159104423374792,0.160411025237215,0.163269428007385,0.0491182427621564,0.0491109945703753,0.0488488009702708,0.0489652703906912,0.160119120888729
Q8VZK8,1,0.169589122111555,0.170915934074476,0.171457971229665,0.174068327280164,0.0367351396757072,0.0366360687285672,0.0366421072542139,0.0366276498989974,0.167327679746655
AT2G06995,1,0.182295146617909,0.176395686948514,0.18015267228471,0.18378365072188,0.027231838127298,0.0272035605246393,0.0271060518074682,0.0271653958735136,0.168665997094068
Q9SIE6,1,0.175367740557419,0.179630598831912,0.17903949891746,0.18455329043285,0.0247403728763463,0.024700217508497,0.0246515721329386,0.0246582282788866,0.182658480463689
AT2G08985,1,0.169589122111555,0.170915934074476,0.171457971229665,0.174068327280164,0.0367351396757072,0.0366360687285672,0.0366421072542139,0.0366276498989974,0.167327679746655
AT2G09455,1,0.179249951629283,0.17722907545875,0.179887240241703,0.183029064072406,0.0286029564335253,0.0286161267234766,0.0284769563385272,0.0285581984093584,0.166350430692971
O64857,1,0.185307657941786,0.185028016365822,0.186464961388157,0.189064722579466,0.0191805017586613,0.0190864377488557,0.0191624689456509,0.0191207302920702,0.177584502979531
A0A1P8B386,1,0.169589122111555,0.170915934074476,0.171457971229665,0.174068327280164,0.0367351396757072,0.0366360687285672,0.0366421072542139,0.0366276498989974,0.167327679746655
Q9M0S8,1,0.183761675265251,0.183919914807481,0.186148335974862,0.192114269313643,0.0195721893155384,0.0195089559425353,0.0195081837559808,0.0195014990975683,0.175964976527139
P93277,1,0.161052693798386,0.159104423374792,0.160411025237215,0.163269428007385,0.0491182427621564,0.0491109945703753,0.0488488009702708,0.0489652703906912,0.160119120888729
Q93WK6,1,0.174624017256361,0.179138766149409,0.175160365569355,0.168807615870131,0.0307037176349605,0.0301670881038299,0.0308620229063651,0.0305216483490574,0.18001475816053
F4I1A6,1,0.164986691871526,0.171428741117692,0.167156047745147,0.166361343672562,0.0360363702939472,0.0352528473616028,0.0363013271905406,0.0357466611949431,0.186729969552039
Q944S3,1,0.16249915430156,0.167218892723476,0.165027178175099,0.169344950857091,0.0380381734864353,0.037958360057729,0.0379257039757804,0.0379280491856786,0.184059537237151
Q9SYF3,1,0.180304039413215,0.185072189750681,0.181957206178482,0.179373311256389,0.0217136187138523,0.0216574901483904,0.0216776988137116,0.0216718719494464,0.186572573775832
F4HYV4,1,0.16249915430156,0.167218892723476,0.165027178175099,0.169344950857091,0.0380381734864353,0.037958360057729,0.0379257039757804,0.0379280491856786,0.184059537237151
Q7PC84,1,0.170762680584501,0.180039571084498,0.173920550199917,0.169595189193891,0.0288788224776984,0.0282535638326781,0.0291330877747783,0.0286313498681116,0.190785184983926
Q3ECH2,1,0.169215289628324,0.175460997937872,0.173187294395953,0.178514323636592,0.028865717592558,0.0287507158251114,0.0287774822808461,0.0287320996601518,0.188496079042593
AT1G09523,1,0.16249915430156,0.167218892723476,0.165027178175099,0.169344950857091,0.0380381734864353,0.037958360057729,0.0379257039757804,0.0379280491856786,0.184059537237151
Q9S7T5,1,0.178175040393356,0.177191207393412,0.176478285985937,0.17593291272412,0.0275971674162199,0.0275357654231832,0.0275268144463968,0.0275224838136272,0.182040322403747
Q9LX16,1,0.164838227826654,0.168304670868566,0.167410196676275,0.173623309538912,0.0363277770091093,0.0363231236585203,0.0361388811254427,0.0362151640386414,0.180818649257879
Q9FT64,1,0.173388103289962,0.179934516871439,0.175714120657772,0.172476176603048,0.0284987933057825,0.0282198948008915,0.0286282707261576,0.0283795636919239,0.184760560053024
Q9LY94,1,0.169650122542741,0.172738586624921,0.171061627903712,0.170748258677821,0.0350393600054494,0.0349277404334689,0.0351197759001622,0.0349367194781752,0.17577780843355
P48007,1,0.169272925505905,0.174805917451363,0.170511388362054,0.167853766300132,0.0325482675795628,0.0322477115606766,0.0325302911881579,0.0324294097037478,0.187800322348401
Q9FIG8,1,0.16249915430156,0.167218892723476,0.165027178175099,0.169344950857091,0.0380381734864353,0.037958360057729,0.0379257039757804,0.0379280491856786,0.184059537237151
Q9FL35,1,0.164277079615321,0.169924970421164,0.165861504770521,0.163211676238487,0.0390546808422367,0.0389654304196297,0.039057289656561,0.0390230174220178,0.180624350614062
AT3G02085,1,0.16249915430156,0.167218892723476,0.165027178175099,0.169344950857091,0.0380381734864353,0.037958360057729,0.0379257039757804,0.0379280491856786,0.184059537237151
Q9LE44,1,0.170894980652243,0.173591592628191,0.173166782068011,0.178858025116891,0.0305691694375469,0.0305925824286686,0.0304720212490178,0.0304671884865864,0.181387657932844
Q9M2Q2,1,0.170894980652243,0.173591592628191,0.173166782068011,0.178858025116891,0.0305691694375469,0.0305925824286686,0.0304720212490178,0.0304671884865864,0.181387657932844
AT2G08660,1,0.165435598479876,0.172740751014473,0.167689409874705,0.164222717419244,0.0367527670442948,0.035808143836808,0.0370793131225224,0.0364269907241754,0.183844308483901
O23369,1,0.171930698832104,0.176744600010915,0.172631668406342,0.168514937636437,0.0314636267090437,0.0310701613238942,0.0315786689897083,0.0313319670130254,0.184733671078531
O65457,1,0.162187245499303,0.166552054762549,0.164627688717658,0.169990611705375,0.038095345675263,0.0380941834656496,0.0379017712147956,0.0379791885622504,0.184571910397157
Q67Y55,1,0.16249915430156,0.167218892723476,0.165027178175099,0.169344950857091,0.0380381734864353,0.037958360057729,0.0379257039757804,0.0379280491856786,0.184059537237151
O81913,2,0.0327552298243033,0.0326386435877479,0.0326053845834101,0.0324247134901104,0.205745120891758,0.220604119593758,0.20121354109587,0.209266035381331,0.0327472115517114
Q3E6X9,2,0.0430184342376425,0.0428386074042228,0.0428845290568761,0.0427983282871006,0.192671123048638,0.209520522088073,0.185899820563843,0.197642497451974,0.0427261378616296
Q9C8J4,2,0.0357525906637186,0.0359553260957538,0.0357283541793487,0.035506841228323,0.201194017034994,0.215651077055917,0.198040581891269,0.205494791460746,0.0366764203899296
Q84UV0,2,0.0430184342376425,0.0428386074042228,0.0428845290568761,0.0427983282871006,0.192671123048638,0.209520522088073,0.185899820563843,0.197642497451974,0.0427261378616296
F4HQ05,2,0.0413511648148728,0.0410392666986437,0.0411527806980177,0.0410582667702228,0.197036753706277,0.209117290696637,0.188048858138705,0.200500316252138,0.040695302224486
AT1G09907,2,0.037721489667776,0.0372527082904405,0.0374448418300993,0.0371588210353418,0.203027569826756,0.205897739782711,0.202751571589754,0.202583353812989,0.0361619041641325
F4JZB9,2,0.043187992494767,0.0429003727726534,0.0429970525375257,0.0428430026750724,0.195693046346243,0.203010278334865,0.188366686798184,0.198558560194815,0.0424430078458757
Q9LYJ3,2,0.0430184342376425,0.0428386074042228,0.0428845290568761,0.0427983282871006,0.192671123048638,0.209520522088073,0.185899820563843,0.197642497451974,0.0427261378616296
F4KFK3,2,0.0372742047887352,0.0373837151966466,0.0372632396591392,0.0372034099897292,0.200688439349894,0.214252323722891,0.192342365822418,0.205679126297292,0.0379131751732539
A0A1P8BGZ5,2,0.0430184342376425,0.0428386074042228,0.0428845290568761,0.0427983282871006,0.192671123048638,0.209520522088073,0.185899820563843,0.197642497451974,0.0427261378616296
Q8GWF1,2,0.0383880309176678,0.0380593431202356,0.0381944498075428,0.0381546792596446,0.19761050945634,0.220099056980628,0.188093971938169,0.203700687980039,0.0376992705397331
Q9FNK0,2,0.0428812911910559,0.0426054260400953,0.0427069756411903,0.042615504002817,0.194444884281486,0.203847203317812,0.191854709575218,0.196805637173403,0.0422383687769226
Q4V3D6,2,0.0424198505071753,0.041992649397035,0.0421870923923715,0.0421287990803907,0.195972541422448,0.206821177880488,0.187726671879615,0.199377570231516,0.0413736472089605
Q9M2C3,2,0.0364438688403521,0.0360252856807614,0.0361872788209735,0.0360043956879524,0.203982622944896,0.210466186493627,0.202101052186583,0.203477417990841,0.0353118913540141
AT3G08410,2,0.0430184342376425,0.0428386074042228,0.0428845290568761,0.0427983282871006,0.192671123048638,0.209520522088073,0.185899820563843,0.197642497451974,0.0427261378616296
A0A384KZ20,2,0.0430184342376425,0.0428386074042228,0.0428845290568761,0.0427983282871006,0.192671123048638,0.209520522088073,0.185899820563843,0.197642497451974,0.0427261378616296
A0A178VYM0,2,0.0412582449557028,0.0412113131899169,0.0411765914729714,0.041115026457673,0.198716841668796,0.199674556062056,0.198662483197423,0.196781154856981,0.0414037881384805
O81025,2,0.0384563054659801,0.0387150665039935,0.0384734607091819,0.0383293774440683,0.197926779952887,0.212869813928118,0.193180761715072,0.202413355825069,0.0396350784556301
AT2G08290,2,0.0428812911910559,0.0426054260400953,0.0427069756411903,0.042615504002817,0.194444884281486,0.203847203317812,0.191854709575218,0.196805637173403,0.0422383687769226
A0A1P8AZU2,2,0.0327981188320567,0.0325495077729404,0.0326084573481346,0.0324458608446466,0.207578203806767,0.217826827371083,0.199954263219573,0.211915380217099,0.0323233805876999
Q8S8N1,2,0.0343445052333358,0.03435708612614,0.0342476585200887,0.0340672496090941,0.207527442251003,0.209292218673945,0.204297251632409,0.207123937949134,0.0347426500048495
Q9SHC2,2,0.0358904555692365,0.0356355457109815,0.0356655073344423,0.0352936136323285,0.203771390388991,0.210272042403069,0.20242467901238,0.205969529751923,0.0350772361966483
P0CH01,2,0.0348123194130211,0.0348525010247154,0.0347544167745173,0.0346114615621983,0.202783527700779,0.220557572701568,0.19421217983989,0.208244020440301,0.0351720005430104
AT4G05945,2,0.0415270939499123,0.0412639079132061,0.0413660816688306,0.0413112672782443,0.194703642399996,0.211960453722902,0.187646421510385,0.19926817861521,0.040952952941313
AT1G04273,2,0.0363324920796394,0.0363268882603396,0.0361858219859942,0.0357987411547812,0.20839021364279,0.187536289144915,0.222038201915937,0.200960003879985,0.0364313479356185
AT1G04803,2,0.0404379953876872,0.0402698274130998,0.0402980265823798,0.0401402699723238,0.199424276542371,0.198818001026965,0.201352662299591,0.199215472583213,0.0400434681923694
Q56YI8,2,0.0375703900163897,0.0375822395214554,0.0375040723202009,0.0373681857498022,0.205827455369651,0.196970270788688,0.205832810028539,0.203533933378313,0.0378106428269614
Q9LMC8,2,0.0381177103148167,0.0376194858419957,0.0378082396210488,0.0375295964100319,0.206714971901238,0.194755130013374,0.207528200722205,0.203267950492956,0.0366587146823333
B6ETT4,2,0.0388591978402778,0.0389005944629446,0.0387844741952288,0.0386165326575764,0.201943885211018,0.200657188056451,0.20400111848671,0.199010435339195,0.0392265737505978
Q9MAQ3,2,0.0345372814006127,0.0342487135712843,0.0342841030521076,0.0338316008011133,0.208640605071783,0.199991370186932,0.214912230808265,0.206029148907854,0.0335249462000487
F4HPH2,2,0.0364913172505865,0.0363975228775723,0.0363771074995538,0.0361945905269705,0.207625009419801,0.194284343223374,0.214511628395123,0.201842285972437,0.0362761948345812
Q9SX48,2,0.0350434209443425,0.0354769835618202,0.0351342525550677,0.0349765728502463,0.204348707304287,0.20533603586252,0.207171535523512,0.205787765257996,0.0367247261402089
A0A178WE54,2,0.0415342351467839,0.0412981853521461,0.041331568026039,0.0411227240843307,0.200068969486734,0.194460803017809,0.202595027930016,0.196498621586309,0.0410898653698324
AT1G69572,2,0.0307566518911102,0.0308838564676499,0.0306978393783953,0.0304197107939694,0.218329755138314,0.187669242762454,0.23238791529939,0.207564929783411,0.0312900984853065
A0A178WB81,2,0.0328878272234775,0.0327717725660852,0.0327131279442553,0.0323186982541562,0.211469720404325,0.197793541561801,0.217666541158779,0.209877995068957,0.0325007758181632
Q8LAH7,2,0.0328531554045986,0.0331182463403931,0.0328459039712373,0.0325718912576943,0.207504999219937,0.206200657218203,0.211711255836318,0.209272672052482,0.0339212186991373
Q39112,2,0.0356259024361134,0.0354548218120146,0.0354487544682379,0.0351506553084794,0.212528297959942,0.187625354729782,0.219432296274126,0.203624584831779,0.0351093321795268
P0C5K5,2,0.0378084201621279,0.0378783902534637,0.0377496911663491,0.0374738279145861,0.203000734978894,0.198679129527525,0.206239698536089,0.203178539661053,0.0379915677999125
A0A178U7S5,2,0.0404379953876872,0.0402698274130998,0.0402980265823798,0.0401402699723238,0.199424276542371,0.198818001026965,0.201352662299591,0.199215472583213,0.0400434681923694
Q9FMS7,2,0.0431835415454392,0.0432041378952668,0.0430362138812018,0.042544550785125,0.197396506544981,0.191436895072144,0.200604830022624,0.195392258627915,0.0432010656253042
Q9FM36,2,0.0334569849786878,0.0332730034504872,0.0332679030998878,0.0329096912149853,0.211141799996684,0.194970877863179,0.222469493134197,0.205682337014016,0.0328279092478756
AT5G06475,2,0.0346746389566098,0.0345740778836326,0.0345172536117116,0.0341488258694205,0.209577667788869,0.193310046828313,0.219983810244113,0.204938004450341,0.0342756743669899
F4KIX1,2,0.0426571607239194,0.0421521557057081,0.0423619086437863,0.0421145642322186,0.200653417453458,0.189297079713339,0.203676326184126,0.196002163635517,0.0410852237079279
Q9FI39,2,0.0313210974669381,0.0316045619757463,0.0313423288347997,0.0311420091438002,0.210183953202238,0.206482847268081,0.216810249167582,0.208667814624405,0.0324451383164097
A0MFN6,2,0.0408830301690774,0.0407217829670703,0.0407451198969515,0.0406002354469789,0.200406231182186,0.195824342547617,0.203365234110066,0.196925434633188,0.0405285890468648
Q9LSS8,2,0.0406140195587833,0.0403347259710887,0.0403967304071933,0.04001214548889,0.201079775312786,0.193874054631339,0.204828099500879,0.199309911547795,0.0395505375812455
Q9LIQ1,2,0.0345495839694689,0.0345159109959059,0.0344716789577639,0.0343638564980972,0.210422943718251,0.198969590621612,0.211165802391372,0.206895946874323,0.0346446859732055
Q9LIM9,2,0.0389447867422791,0.0386581860581772,0.0387345407066107,0.0385181482598381,0.205415749683837,0.191502863142474,0.209911228658598,0.200152840785696,0.0381616559624907
AT3G27884,2,0.0326988374958834,0.0326205517567711,0.0325614497672615,0.0322895049690539,0.214380226942559,0.190690876587883,0.226632556528512,0.205596453667134,0.0325295422849431
Q9LSI7,2,0.0407950796343156,0.0408278609344985,0.0407441546588597,0.0406734130957732,0.199769092039766,0.196829797713673,0.202271788216725,0.196913289992061,0.0411755237143292
Q9ZVX2,2,0.0353276625140129,0.0354143343044385,0.0352361091017528,0.0348976579446423,0.208399813006467,0.195830621404316,0.215046231171245,0.204107278536678,0.0357402920164476
Q8GW96,2,0.0357450107225863,0.0358839016808479,0.0356599050613014,0.035222265178614,0.20979189760633,0.185087237401292,0.224976672251919,0.201503963772198,0.0361291463249121
O82225,2,0.0441356895585789,0.0437241210162121,0.0438224590256915,0.0434475864384441,0.199246866376183,0.187743466739162,0.199680181738887,0.195175916686,0.0430237124208422
AT2G08340,2,0.042381370473079,0.0428009455689669,0.0424290643361213,0.0420721436294565,0.19751734161785,0.192547671396681,0.199264476719421,0.197198578350712,0.0437884079077125
Q9ZW27,2,0.0333237807229595,0.0333944347678293,0.0332285991903517,0.0328509584804212,0.211567432506226,0.190700772363827,0.226600014817611,0.204820439116424,0.0335135680343502
Q9SKB7,2,0.0347526389702441,0.034810582680465,0.034660501956307,0.0342771976862835,0.21114385919337,0.191209440450609,0.218037979980943,0.206279696879607,0.0348281022021705
Q1PEV9,2,0.0352402739629046,0.0350731508437238,0.0350424472933751,0.0346717661887776,0.210363246715351,0.192624705931711,0.217315843399788,0.204877164970671,0.0347914006936987
Q5PP62,2,0.0405848307090965,0.0404988186967647,0.0404179030555332,0.0400586728697252,0.202917237632932,0.186153404480908,0.212393819607246,0.19658550316737,0.0403898097804247
AT2G09815,2,0.0404379953876872,0.0402698274130998,0.0402980265823798,0.0401402699723238,0.199424276542371,0.198818001026965,0.201352662299591,0.199215472583213,0.0400434681923694
Q9STH4,2,0.0311692993028927,0.03115659973997,0.0310747375267352,0.0308734080212551,0.216618709169046,0.196659816789672,0.220799003531673,0.210333652757079,0.0313147731616773
Q8LCC1,2,0.0380094502613401,0.0378281721776926,0.0378493640816708,0.0376850151108804,0.207295000777058,0.191296152423572,0.21183805661143,0.200538655881481,0.0376601326748761
Q9C5T4,2,0.0417612645790502,0.0418955382170042,0.04165087071066,0.0411611707166407,0.198989999087523,0.189942040137477,0.204516333418951,0.197845503531847,0.042237279600846
F4JTF6,2,0.0352415625044987,0.0353734025500977,0.0352175283254751,0.0349977278118662,0.20800780861964,0.197691301786216,0.213186612633803,0.204573362741563,0.0357106930268403
Q84JK2,2,0.0338069227296381,0.0337902240792251,0.0336588812372114,0.0332405628865185,0.210363641297476,0.193069953682704,0.221755177091931,0.206544873164578,0.0337697638307166
P92532_1,2,0.0422538752113205,0.0418467740594158,0.0419836775199517,0.0416221335165532,0.200933642054326,0.189949494060779,0.20304399549837,0.197517753725591,0.040848654353693
Q9FLT4,2,0.033761312738915,0.0333738471935941,0.0335218549335678,0.0332310493053404,0.208887754315053,0.208469895672526,0.206375001874968,0.209965202015143,0.0324140819508922
Q0WSK8,2,0.0374086034309968,0.0374188665940309,0.0372960754718462,0.0369131814582227,0.202343541354782,0.203478422844465,0.203057908819814,0.204731094197066,0.0373523058287769
Q8GWF4,2,0.0430780021829557,0.0431399778725408,0.042967997939915,0.0425466098111905,0.195908413550736,0.195665051778099,0.195709510014945,0.197749365476386,0.043235071373232
Q0IGM7,2,0.0420966153389059,0.0425794983900021,0.0421644322285015,0.0418718195051125,0.195926925316878,0.197466379012731,0.195931575349607,0.198013094657956,0.0439496602003061
Q9LR44,3,0.0264834189080631,0.0263860999382521,0.0263820825659049,0.0262306652223917,0.210317844118436,0.236686359562544,0.202219373016725,0.21902524500296,0.0262689116647227
A0A178W1Y6,3,0.0280175677743976,0.0278502399987063,0.027877502569331,0.0277422782418265,0.214959992939368,0.220111848360721,0.210245913191356,0.215470994754992,0.0277236621693016
Q9SHH7,3,0.0122604655503253,0.0122604602707837,0.0122238466377887,0.0121415001953469,0.231978634688453,0.241302803748726,0.224974002750574,0.240525787297764,0.0123324988602371
P92995,3,0.0306370228194282,0.0306767683892498,0.0305596359042473,0.0303541822323727,0.206176011507522,0.227482494997055,0.199073282545683,0.214070942822697,0.0309696587817462
Q9LNS5,3,0.0245479397729927,0.0244987056940283,0.0244475838588089,0.0242828093083643,0.21396701315492,0.232465084870488,0.210940337773264,0.220240747699909,0.024609777867225
Q9SGP6,3,0.0189262282970238,0.0188985949390963,0.0188681911588173,0.0187774943661938,0.220363440562342,0.242348228019405,0.217286470593632,0.225569111064798,0.0189622409986918
Q9XIQ2,3,0.0297092588869307,0.029588808480395,0.0295972840223887,0.0294647079212243,0.206050173918688,0.234016365998472,0.198283140081575,0.213818078963056,0.0294721817272701
Q9FYE0,3,0.0230545274186345,0.0228165469765974,0.0229054235807186,0.0227517310506904,0.219224046696163,0.231773766674725,0.210424582926503,0.22473061603574,0.0223187586402285
Q9FKP1,3,0.027986356373557,0.0278595300191105,0.0278765142496041,0.0277742277782671,0.207898403144027,0.238051399238902,0.198178058283571,0.216585145259785,0.0277903656531766
F4JZS0,3,0.0124379012964865,0.0124074446793096,0.0123944661857241,0.0123232064704317,0.225034929937166,0.26196311706179,0.21175792388251,0.239274568794335,0.0124064416922466
A0A140JWM8_1,3,0.0272213072336147,0.0273649610873609,0.0272233332410814,0.0271102935994879,0.21344304842997,0.218551885725176,0.215546907995822,0.215716423749461,0.0278218389380254
Q940Z5,3,0.0249265857596731,0.0248503351364587,0.0248265576780259,0.0246865860688597,0.212042316991043,0.241748754479022,0.199672910437034,0.222388319985773,0.0248576334641104
A0A1P8BCM6,3,0.00742303085310299,0.00739188199689412,0.00739155146399316,0.0073482796752572,0.233867892887064,0.261353648161477,0.220046134888875,0.247818476323097,0.00735910375023945
Q9FKT9,3,0.0265784161110738,0.0265622389325906,0.0264940997541085,0.0263134960736372,0.213233791066932,0.227651829154398,0.210689710833502,0.215823367763748,0.0266530503100097
Q93WU9,3,0.0256174217982941,0.0255113367034661,0.0255231998185454,0.0254217132870516,0.211955473462501,0.237624660714982,0.205120205732467,0.217819575080699,0.025406413401994
Q9CAE7,3,0.0303727014188012,0.0301043656802119,0.0302019647638056,0.030109263907521,0.209335570676439,0.227007865646108,0.1978344978488,0.215252504477686,0.0297812655806277
A0A384KEP4,3,0.0270129394187603,0.0270679791922287,0.0269428876953058,0.0266799126570751,0.21284641375429,0.220843050049727,0.214482123590658,0.216895966322602,0.0272287273193531
Q9LRW9,3,0.025783235262299,0.0257907783064618,0.0257418970087482,0.0256759624098227,0.214299795135497,0.226400335378811,0.212178209356778,0.218153207336625,0.0259765798049574
Q9LHA1,3,0.0308529704499002,0.0305147508157774,0.0306526720735193,0.0305611505411415,0.207185753890105,0.230861424666543,0.195276982509531,0.214063942178161,0.030030352875322
Q9M1F7,3,0.0265288171900442,0.0263088260573168,0.0263949127042424,0.0263296035082721,0.213822142037051,0.232183244880927,0.203027422202132,0.219396686443749,0.0260083449762657
Q9M2Z8,3,0.0123347093301509,0.0122772041098352,0.0122740281850285,0.0121841992848605,0.230600246805439,0.244156890496234,0.231878154854152,0.23208247557076,0.01221209136354
Q9SMU8,3,0.021362368004203,0.0213228009758465,0.021292649005675,0.0212087685189665,0.214583201345161,0.25064570567738,0.202470276471104,0.225672808300363,0.0214414217013009
Q9LY61,3,0.0200991081733019,0.0199545031700927,0.0199700622112523,0.019797426674559,0.222642691822303,0.232087838113914,0.217153737596733,0.228556187526369,0.0197384447114755
Q9LY00,3,0.0307317431409696,0.0305557897779142,0.030597051177325,0.0305156242102775,0.204783330027946,0.236631309291135,0.191590462110149,0.214140197795167,0.0304544924691167
A0A1P8AXS8,3,0.0273527445231868,0.0272366969260392,0.0272314149869824,0.0270805477351181,0.212409012187997,0.226367037678474,0.207303917351928,0.217807321865684,0.0272113067445905
Q7Y232,3,0.0200510450575119,0.0199187733207663,0.0199489118278605,0.0198544783324602,0.217419491343881,0.249892661530094,0.206026731994176,0.227128444232085,0.0197594623611665
Q8GXE6,3,0.0320455822971239,0.0317567782201977,0.0318502050149154,0.0317218757807476,0.208642205299787,0.220749795567283,0.198625733323618,0.213182203792952,0.0314256207033753
Q93WU8,3,0.0234990519128053,0.0234239253888211,0.0234231529977603,0.0233586873569681,0.212892792924003,0.248778235754348,0.197638825017333,0.223541149693855,0.0234441789541064
O23077,3,0.0323419402091714,0.0319352205516902,0.0321115845349209,0.0319988610047123,0.205419690075689,0.227708927324384,0.19557509584305,0.211636789806716,0.0312718906496656
O81815,3,0.0243890138432837,0.0241675297387535,0.0242165140378009,0.0240000702242786,0.21761253129952,0.229466019755328,0.208175130396411,0.22420247354752,0.023770717157105
A0A178UXE6,3,0.030765457760218,0.0305511196078211,0.0305807817609036,0.0303943617920755,0.209590553793599,0.21835147601848,0.206454778927677,0.212918164606161,0.0303933057330646
Q93WT0,3,0.030650254710159,0.0307309849555411,0.0306235965564321,0.0305196219914353,0.20546490249531,0.229755065778085,0.198008394185461,0.213130034990949,0.031117144336628
Q8VZE9,3,0.0245142390411937,0.024286950123595,0.0243376418565447,0.0241471188382726,0.217536334425417,0.229837522680845,0.207533776694074,0.223844323569299,0.0239620927707594
O23180,3,0.0129724906439019,0.0129543932204329,0.0129321858890588,0.0128689160477396,0.229148425794856,0.248706063885708,0.218754292241921,0.238657546042456,0.013005686233926
B3H5Q1,3,0.0299626274880812,0.0299357029351776,0.0298322562792773,0.0294985535339004,0.212168612608423,0.20721307793355,0.218613017823055,0.212809282566248,0.0299668688322879
Q9SXA7,3,0.028806893682152,0.0288700230734474,0.0287156968517217,0.028393963403856,0.219031023527097,0.191731959383101,0.234279921136436,0.21109172797242,0.0290787909697689
Q3E7S2,3,0.0216166200530156,0.021504597898815,0.0215010084015197,0.0213280212520814,0.229081290824043,0.204120603186428,0.236851325660476,0.22263908608367,0.0213574466399517
