ID,Cluster,#1,#2,#3,#4,#5,#6,#7,#8,#9
O23702,1,0.0202553742015581,0.0177802130324107,0.626313478110024,0.076016851538366,0.00468891995019142,0.227178819072022,0.00819801273652992,0.00844124240269869,0.0111270889561982
Q9ZVS5,1,0.0492602040005156,0.0405550361285537,0.364731819295412,0.15678719974403,0.0116525770308091,0.309006897040798,0.0195459249690642,0.0209011960671547,0.0275591457236627
Q9MA40,1,0.0243801898314033,0.0160905118016204,0.455878469612525,0.114203027368362,0.00460515645139067,0.354891128891913,0.00794715952540381,0.00935534889237305,0.0126490076250079
A0A1P8APT0,1,0.0691533613950095,0.0659831539961677,0.332621214173834,0.159524183457713,0.0173826837431567,0.2540249859617,0.0299370374025871,0.0310197001980427,0.0403536796717886
Q8GTY0,1,0.0363053202968839,0.0397239026600248,0.517241075952347,0.104909747158269,0.0103153114697779,0.235368323701122,0.0177349540330853,0.0168339548862706,0.0215674098422197
Q8GTY01,1,0.0168620136421535,0.0104906285461322,0.558508703277418,0.0799948397422956,0.00299546428181426,0.311223730127367,0.00517688534119183,0.00624210458030589,0.00850563046132121
Q8GTY02,1,0.0425503196142125,0.0481093971616182,0.476123349902765,0.11480392367986,0.0126361900662484,0.238010556773313,0.021534723077236,0.0203708481598667,0.0258606915648799
Q9LN10,1,0.028784379269795,0.019822992036507,0.479809007953748,0.117039437410487,0.00575605916052822,0.312235736706313,0.00994818896756956,0.0113747415140796,0.0152294569809726
Q8VZP4,1,0.0361993148695487,0.0396511726106901,0.511686529108891,0.108986968012343,0.00978025409539274,0.238982813461535,0.0174823622968382,0.0162428898329226,0.0209876957118385
F4HW17,1,0.0460712346003757,0.0494344065696321,0.429200790446637,0.130834086635765,0.0117570643634638,0.266175095485843,0.0208786214111782,0.0197376523653121,0.0259110481217927
Q38858,1,0.0203692531847335,0.0143341918710003,0.591763140350851,0.0834206376763831,0.00410327385098525,0.259903692941772,0.00705021737148629,0.00816462112301903,0.0108909716297689
Q500V5,1,0.0493988360077225,0.0312223378847104,0.355627587519884,0.170687464047046,0.00930355344061039,0.322195547159607,0.0156656764717959,0.0196130150632628,0.0262859824053614
Q9SY69,1,0.0478057375867118,0.0488669148146373,0.445024793682089,0.126638168779955,0.0135031159944965,0.24347423560772,0.02337090206376,0.0225545003792026,0.0287616310914277
A0A178WB92,1,0.0508009393854671,0.0459424896555837,0.420398918794674,0.135816430614108,0.0124006010383426,0.261484365930201,0.0210236097946383,0.0226747475109558,0.0294578972760298
Q9SXA8,1,0.0513111451610724,0.0431582038676466,0.394597660184386,0.147580581857245,0.0119283365116041,0.280258779615291,0.0205407258754012,0.0218300757246841,0.0287944912026698
Q9SAA9,1,0.0167480417416316,0.013710149799636,0.633950681768207,0.0700198464273053,0.00353455040770274,0.24047395843454,0.00631908864576926,0.00650047481084431,0.00874320796436397
P60838,1,0.0341974744237253,0.0217906301073167,0.42892659483524,0.135405295438307,0.00636722107798064,0.330908753269648,0.0107383953910099,0.0135166152999484,0.0181490201568241
Q9LPV8,1,0.0341076961671393,0.0349292007048621,0.522628131677014,0.10606501091922,0.00924546149336386,0.241536308162585,0.0162188766345325,0.0154058369953224,0.0198634772459605
Q9LMX5,1,0.0497060409021776,0.0532104150573671,0.430589652772667,0.129702283124836,0.013318018237759,0.248806098484673,0.0235621208758517,0.0222569221993322,0.028848448345336
Q9SEE9,1,0.0196380752114055,0.0132594772021191,0.423229802537679,0.10159461626435,0.00361561267411429,0.415378648885943,0.00631156218826502,0.00716836833021833,0.0098038367059061
A0A384KXN9,1,0.0407675179429878,0.0293420054287267,0.451467394269922,0.13600306319045,0.0086630036725855,0.279001368561042,0.0150461040463706,0.0171381707501908,0.0225713721377245
O24456,1,0.0320915099701569,0.0207978406376186,0.43883022827884,0.133321523303307,0.00630733930588885,0.327845774170377,0.0107715540119046,0.0128693727754947,0.0171648575464117
Q8L5Y2,1,0.0570631355095534,0.0279525938650619,0.362171320904225,0.178067137828026,0.00946828001049029,0.295983826428665,0.0156672208774807,0.0229649209159226,0.0306615636605751
Q84P25,1,0.0579162210353905,0.0363102569619483,0.350518180642928,0.177255978923617,0.0112257345858873,0.292426938130279,0.0193198801359972,0.0236205381059061,0.0314062714780476
Q9LM15,1,0.0496850195216941,0.0506232235047559,0.3777210869597,0.147822898201116,0.0133545616356413,0.286466129742269,0.0224203409981346,0.0226251050842434,0.029281634352446
O23119,1,0.059887374411203,0.054033110367186,0.36574575026687,0.15073425127938,0.0146409471124972,0.269307474219343,0.0243728261353444,0.0266036768389959,0.0346745893691801
F4I4Q3,1,0.0520423837667402,0.0287891560655179,0.358684502405028,0.179115599086994,0.00944983768486736,0.306847958540222,0.0159718910133841,0.0210503721676819,0.0280482992695639
Q9LRA9,1,0.0395202201959079,0.0250720078726884,0.435741394389673,0.143120195675104,0.00760843909720279,0.297885870611397,0.0128866674364175,0.0164367292950577,0.0217284754265521
Q9S709,1,0.0321514648322228,0.0277734793930705,0.518455194504397,0.105874656767186,0.00764753636574736,0.262805179989645,0.0128219867002564,0.0141102806294479,0.0183602208180272
F4HRC1,1,0.0285788986999414,0.025651205513756,0.560939777562094,0.0971985600113966,0.00681332137124553,0.240698194817043,0.0120630898923727,0.0121386243889145,0.0159183277432358
Q9C7Y9,1,0.0225244950573699,0.0160581869214374,0.502820146673473,0.0988186815219237,0.00431202992987155,0.328039032020928,0.00757594741539582,0.00840545933635927,0.0114460211232408
O80397,1,0.0526096172093257,0.0587151695097932,0.411909435148084,0.133080164431141,0.0147538550709049,0.247634680144159,0.025784889250624,0.024277693684544,0.0312344955514239
Q9SGT0,1,0.043830756434053,0.0507073450608348,0.469739468276345,0.115626734556869,0.0130445350048449,0.237409781420482,0.0223974064079847,0.0207742295408663,0.0264697432977197
Q9SYA9,1,0.0386379605172669,0.0432632574763096,0.501000014647238,0.110435759759985,0.0105369649127145,0.237663088477333,0.018790260850941,0.017298900717722,0.0223737926404893
Q0WQM3,1,0.0194557769148932,0.0122191720807553,0.586436540085061,0.0818699086460551,0.00346806200332418,0.273207155488719,0.00591109865682375,0.00741366803829314,0.0100186180860753
Q8LPN5,1,0.0356674013369665,0.020648688762698,0.393227879209776,0.154465616510557,0.00621930827092553,0.347481867863003,0.0107842410706979,0.0133706478445394,0.018134349130837
A0A1P8AMT8,1,0.0215151649597931,0.015335098880809,0.56464648400353,0.0886163630608342,0.00435834267942846,0.278037328790783,0.00748970424651412,0.00856150998883718,0.0114400033894714
Q9SSK4,1,0.0399658278282618,0.0345359860365842,0.499686654345653,0.113968432671823,0.00987490575047739,0.243533456596915,0.0165494340822393,0.0183277521002903,0.0235575505877564
Q8GZA6,1,0.0347942258924257,0.0280347046013373,0.477362546003337,0.121207291731805,0.00789352708399215,0.283167166700509,0.0136753350112482,0.0145920488494355,0.0192731541259106
Q38820,1,0.0231776329328117,0.0225149312666389,0.623334903865127,0.0782794833629155,0.00554467348055391,0.214952200249022,0.00987458293531286,0.00961413500660634,0.0127074569010116
Q9C9C5,1,0.0315916169756012,0.0197624982223044,0.437861132405231,0.134535804783912,0.00601802512118022,0.330623454207315,0.0102974057598633,0.0125421453080899,0.0167679172165034
B8XCH5,1,0.0330121197885053,0.0230351643213226,0.440447203434509,0.134902881291693,0.00662750852624605,0.319567528318677,0.0115381336679478,0.0132239574053243,0.0176455032457752
Q9S842,1,0.0350682060073747,0.0352281036042683,0.504392560983265,0.112319046209451,0.00915442332440356,0.25182758761932,0.0161605824824903,0.0156125947461034,0.0202368950233244
A0A178WLC0,1,0.0468219992389724,0.0419861085326835,0.451516705081797,0.127415243035247,0.0119620909883824,0.250620931119263,0.0202691575617734,0.0216263771244135,0.0277813873174677
Q94JT6,1,0.0456545050874306,0.0445658878931742,0.446748693158676,0.125188847672528,0.0119699275617431,0.258100401673894,0.0201233869717197,0.0207919053272278,0.0268564446536062
F4IA48,1,0.0254843807659131,0.024369523617692,0.596213919019486,0.0851329747219471,0.00600029684251855,0.227744861886831,0.0106920081826761,0.0104763586133514,0.0138856763495847
AT1G78265,1,0.0356779730932992,0.0305814063310855,0.430734671329535,0.134512949747288,0.00808625421200927,0.311787903305936,0.0141186367238726,0.0148801063424457,0.0196200989145281
Q8GXZ3,1,0.0361389659294149,0.0340344508611099,0.487346301382702,0.117190045245591,0.00915625672526523,0.263398056885424,0.0158474832618608,0.0160601340617671,0.0208283056468652
Q9LFC0,1,0.0238927225792859,0.0236547137563679,0.602610273202755,0.0827716395644912,0.0058908471752557,0.227389612850797,0.0104285613991965,0.0100984851274867,0.0132631443443638
Q9M038,1,0.0420080364579364,0.0458042291150867,0.471449651794852,0.117957912475993,0.0110634920410426,0.249605084610371,0.019468627773184,0.0185207003869554,0.0241222653445785
Q9LYW5,1,0.035073053067511,0.0381735905549527,0.513833949136507,0.106920868506125,0.0091842956994669,0.245217579992015,0.0163329458925213,0.01531603100564,0.0199476861452613
Q9FFG6,1,0.0566129539853536,0.0346007530481971,0.364372309743687,0.164715387072348,0.0102692063546873,0.299426495972714,0.01693969680304,0.0226726339387256,0.0303905630812475
P59169,1,0.0430682183154856,0.0365045026057297,0.394034702209516,0.143467630997251,0.00937533543946385,0.317754354778585,0.0163729584465144,0.0167669995854143,0.0226552976220406
Q9FMQ1,1,0.0293756575346671,0.0264610450513363,0.551615999499616,0.098732087875691,0.00699094060036447,0.245403440347621,0.0121104022122951,0.0127018464753986,0.0166085804030104
A0A1P8BCQ2,1,0.0327901422208172,0.019920698405264,0.502901840233428,0.116551061347492,0.00613602138348187,0.280047485051898,0.0101779739406097,0.0135426498748452,0.0179321275421645
Q9LYJ1,1,0.0167848231887656,0.0110579261170125,0.448237064367563,0.0895172621601251,0.00302379764522335,0.411679962307676,0.00528742539006663,0.00608130467702573,0.00833043414654271
A0A178UC64,1,0.0454587970406379,0.0458626996273655,0.458931209703624,0.122334985558992,0.0128359924243713,0.243556552232326,0.0217665129462234,0.0216997262710612,0.0275535241953986
Q8VZN3,1,0.0376077988580442,0.0260909107338077,0.45670165045747,0.130264191552353,0.00737034111232978,0.293883553966036,0.0125489026666039,0.0152232477911597,0.0203094028621961
Q3E9F5,1,0.0654504115277837,0.0479939005476044,0.363296616324047,0.158134051721694,0.0152674113302587,0.255154517717791,0.0256128622731763,0.0302099516979094,0.0388802768597352
F4JZM3,1,0.0221550544479768,0.0215663017077115,0.622428260982986,0.0776317148844384,0.0053443485607691,0.219865981292109,0.0094317484917854,0.00931930594627389,0.0122572836859502
A0A178UIX0,1,0.0369159488498853,0.0266721696168944,0.499225207715656,0.11783935207571,0.00762838410336757,0.262661123885889,0.0129257448394015,0.0155923752266856,0.0205396936865107
Q8RY12,1,0.0240645245430382,0.0173628140670929,0.595081433497539,0.0875592208970782,0.00500659388078751,0.239292231516585,0.00855838350547489,0.00992993285584211,0.0131448652365623
Q0WNZ5,1,0.0415323441590739,0.0364298026096131,0.362291056523108,0.154464608390192,0.00954546884222499,0.33995832960008,0.0164870613252722,0.0168324826150741,0.0224588459353625
Q9FHL2,1,0.0315614054256509,0.0302588302290741,0.521858664646723,0.105396589189634,0.00794601541117992,0.257350562518004,0.0137463703762137,0.0138609943668432,0.0180205678366774
Q9LKR3,1,0.0455032097402934,0.031397062806063,0.364238437863811,0.163397480456549,0.00836808474870108,0.333219546933959,0.0149267032654232,0.0163763476895428,0.0225731264956577
A0A178UM22,1,0.0273176944599483,0.0223331921328623,0.505986497344733,0.109150651300409,0.0058987410051496,0.293438618533954,0.0105664066619878,0.0108333544316332,0.0144748441293219
Q42606,1,0.0524348372037208,0.0537088609552134,0.409752189224593,0.135916503894104,0.014446055129369,0.253041153134619,0.0245936250031495,0.0246236885245579,0.0314830869306738
Q9FMY5,1,0.0258512800148206,0.0240566822274292,0.571507566980138,0.0912829475871944,0.0063652600185713,0.244124608190292,0.0110602764153253,0.0111673724187943,0.0145840061474355
Q0WSX8,1,0.0454687883162487,0.0429316687104991,0.445788057309393,0.126360417367017,0.0120912372128623,0.258806040811961,0.0200265258922011,0.0212914007616964,0.0272358636181211
F4KD45,1,0.0612636020908262,0.0495800441210527,0.343702545279411,0.160769866878092,0.0150383002422233,0.281225508133141,0.0240330583952713,0.0280609422100771,0.0363261326499057
Q41916,1,0.0532429646333354,0.0362129332084834,0.348339420022442,0.170863437770491,0.0100861787180055,0.314621151242618,0.0169395279160127,0.0211865974086412,0.028507789079971
Q39183,1,0.0375232452157567,0.0415708187555443,0.499035699276809,0.109795715152115,0.0108986663177564,0.242437772462311,0.0187224669262589,0.0175765854515384,0.0224390304419105
Q9FLI2,1,0.0306640117515098,0.0328733437952309,0.539887505643856,0.0991681683347739,0.00823211094993231,0.243384853787759,0.0143429447006668,0.0137150510694006,0.017732009966871
Q9LVV3,1,0.055041027506184,0.0569744163682293,0.339683633597119,0.165351073415512,0.0131112349415303,0.293726995880087,0.0235740120045281,0.0225257397973336,0.0300118664894762
Q8GXC0,1,0.0382749719838666,0.0438291595103771,0.47317929615716,0.116168609799408,0.0108467775374644,0.25874230964179,0.0186217925290717,0.0176636543910325,0.0226734284498302
A0A178UNY4,1,0.0257939053424249,0.0227971425016703,0.579117783125252,0.090261237330323,0.00616007561399467,0.239680769585066,0.0106923452841118,0.0110443920924767,0.0144523491246815
Q9FIL8,1,0.0394305577013763,0.0313806930361269,0.461508810627508,0.131163118729494,0.00899522369096944,0.272699886749973,0.0158010380854554,0.0168957719572307,0.0221248994218655
Q9LTH4,1,0.0539828389448595,0.0352550500971466,0.36010428306035,0.16414512173237,0.0101060955690952,0.309534804039424,0.0168299717586894,0.021313255629362,0.0287285791687024
AT5G59732,1,0.0578001659875304,0.0432032271054475,0.356647945292986,0.164456437607715,0.0123413065939836,0.28884817508653,0.021125958821615,0.0238335225593721,0.0317432609448211
Q9FJF4,1,0.0270483532509894,0.0199954250876175,0.40666909366892,0.133041383614498,0.0055359088171238,0.373084084633212,0.00975756291402772,0.010618811774209,0.0142493762394031
P40283,1,0.0309238972993501,0.0288663699630805,0.557931110802927,0.0972517569211752,0.00771399155931098,0.232655795372116,0.0134176631880875,0.0135741641978287,0.0176652506961234
P592591,1,0.043140429491045,0.0331146475949531,0.351564323716975,0.1720073427742,0.00952959222644651,0.332557187678981,0.0166956479188224,0.0177893303939181,0.0236014982046589
Q8GTY03,1,0.0191696661774104,0.0116418187270707,0.549803470521571,0.0872289290713581,0.00346291284341324,0.305483962072066,0.00585969290826745,0.00738766935286847,0.00996187832597488
Q9FME2,1,0.0261664856995847,0.0201408030331295,0.500656702581788,0.107181703796243,0.0053338319693785,0.307575388506936,0.00956116275860691,0.00993104699989696,0.0134528746544367
Q9FIS1,1,0.0576553262630732,0.0308503060246605,0.354346908907592,0.182438003029769,0.00991344281397843,0.29465981262569,0.0169807620579372,0.0226984401566166,0.0304569981206831
Q56YW9,1,0.0278635826769125,0.0235079971154143,0.519751546741121,0.105364915971848,0.00648994474303584,0.278595397996276,0.0113025482666105,0.0117089155489152,0.0154151509398656
F4KC77,1,0.0373485238000788,0.030663414111614,0.429294881110073,0.136188047566858,0.00788064384328198,0.310451811002967,0.0141471917148772,0.0145059886850327,0.0195194981652171
Q9FMG6,1,0.0481189428975221,0.0472909403115931,0.4504830918678,0.125104614403994,0.0128582691665545,0.243047327186617,0.0220011003770636,0.0224038855843661,0.0286918282044892
Q9FMF6,1,0.042229350944536,0.0335265910528779,0.471663167974132,0.125246858442594,0.00936707276074203,0.260418356168895,0.0162557598463126,0.0178131246661468,0.0234797181437639
Q944K2,1,0.018354836677083,0.0158603127308395,0.617573625352259,0.0746298450967278,0.00403337373586031,0.245418851119616,0.00722955064669692,0.00722329067810488,0.00967631396281264
Q9M9N5,1,0.0221620675790703,0.0193324780206683,0.617486482345556,0.0801157248030191,0.00501209312746942,0.225984512472561,0.0089277544671395,0.00900885283718313,0.0119700343473331
Q9SR06,1,0.0315058492760115,0.0274780477900266,0.54002131122192,0.102069917388694,0.00708690573095719,0.249372331719651,0.012558671904231,0.0128383834986404,0.0170685814698677
Q9M8K5,1,0.0345833937623212,0.0302742696627219,0.503155320142537,0.112938416867123,0.00855353571875903,0.260476037992433,0.0145654272842769,0.0154578759914793,0.0199957225783486
Q8LA32,1,0.0554639608011777,0.0529839250284371,0.372051322220447,0.1498970249972,0.0148099946306804,0.271733930777594,0.0248471749818317,0.0254367165544534,0.0327759500081793
Q56WS3,1,0.0407694643643662,0.0370983024885189,0.390550115800867,0.143789857146947,0.00999418623881847,0.320680946942179,0.017038157949374,0.0172804325431428,0.0227985365257869
A0A1I9LSC2,1,0.0137856171136383,0.0115013690610317,0.713126928983342,0.054349765763615,0.00296849293546036,0.186194103841161,0.0052235772294171,0.00550576954540927,0.00734437552692567
Q9SS31,1,0.0705408466610506,0.0433855557641548,0.340638624227443,0.17390026783305,0.0140301427320275,0.263719554156201,0.0237544008441698,0.0302414496251093,0.0397891581567947
Q8VZS6,1,0.0304816633182368,0.02529838751266,0.53881195911344,0.104722341696041,0.00690388257078052,0.252017262315429,0.0121808121351465,0.0127735745979602,0.0168101167403064
Q9LJE5,1,0.0305117058876921,0.0304268243100485,0.51126541324325,0.105603791029604,0.00792319681944777,0.269690325278612,0.0135830826442753,0.0134801123559155,0.017515548431155
F4IXG8,1,0.0347782375996677,0.0261093813772565,0.413950713199291,0.137994824628857,0.00757466581098511,0.333470582232454,0.0129567291526585,0.0142509865209685,0.0189138794778611
Q39085,1,0.0221129282590385,0.0154035625860113,0.529191572258865,0.0950698149595214,0.00445978192943528,0.305434322013057,0.0075548943340264,0.00890192060562381,0.0118712030544217
Q8RXG3,1,0.044679566779246,0.0502094496035273,0.457669668324219,0.119419388337316,0.0127859632782636,0.245919708293597,0.0218396915432704,0.0207998399497287,0.0266767238908322
Q9XIW0,1,0.0409213113239397,0.0300857899839463,0.474508792486644,0.125315261264788,0.00885631886527485,0.264037064797578,0.0147860684959959,0.0180270639622615,0.0234623288195716
A0A178VNX1,1,0.0458836155044743,0.02850613344944,0.425015438297217,0.146814765001836,0.00905495189817,0.284499724748258,0.0151517338178803,0.019469226213363,0.0256044110693615
Q9LW34,1,0.0560061777619674,0.0369001947118451,0.360492224840484,0.170395643693376,0.0101715426156134,0.297852898376283,0.0177766566939878,0.0213988717120462,0.0290057895943972
AT3G41761,1,0.0387817553603475,0.025792754056121,0.366762732728333,0.162996580935317,0.00779067470657003,0.348043550569245,0.0133067990468001,0.0156662124775016,0.0208589401197653
A0A1I9LTK0,1,0.0511748332230129,0.0416188629673496,0.393955572671351,0.149299017283397,0.0119483396828812,0.278956244507474,0.0198773461055352,0.0231710349898956,0.0299987485691028
Q9M1T8,1,0.0519746915587203,0.044374909956308,0.407390465327124,0.142276256012077,0.0117101572063235,0.271059524020696,0.020154738198283,0.022012714978503,0.0290465427419648
Q9M3D9,1,0.0283572362790064,0.0212425345480696,0.577366137193996,0.0931456887373776,0.00608025141287957,0.235728538449263,0.0102721082740632,0.0120111281974631,0.0157963769078819
P592592,1,0.0301059060701108,0.0293284548372407,0.514761635721801,0.107071569935228,0.00770499759031562,0.267363268619541,0.0135961916657779,0.0130436066747736,0.0170243688852118
O23629,1,0.0286419485579994,0.0276155817735411,0.562930735154481,0.0924317992960391,0.00713689102790107,0.240379850811595,0.0122292579429671,0.0124070126402282,0.0162269227952478
Q9SNC3,1,0.0508293096869647,0.0524829884963363,0.413176632151869,0.136353711275529,0.0143641552746952,0.253514980128995,0.0248304119531364,0.0239012841258072,0.0305465269066675
Q9SD72,1,0.0377852623856819,0.0376873041660216,0.465009232059445,0.125696636228564,0.00963531857875654,0.26868064157004,0.0172313886042674,0.0166482123030219,0.0216260041042019
P592593,1,0.052415254415421,0.0380639305514154,0.334800448096159,0.173550768861223,0.0104017470993745,0.326232906180154,0.0181855447447099,0.0195633193904836,0.02678608066106
Q9M2R0,1,0.0400531588483769,0.0393018468338371,0.49662761651605,0.112637241042242,0.0106005760995458,0.240475433943726,0.0180175441408726,0.0185210282468671,0.0237655543284821
Q9LZK0,1,0.0417676091073719,0.0461831083665734,0.453473348702454,0.121359160642129,0.0117926683001189,0.261361918968127,0.0199781070215388,0.0193081020558806,0.0247759768358074
Q9ZU91,1,0.0415438347157567,0.0257282941080628,0.396870823583364,0.155592860722766,0.00770393023102527,0.321793285433042,0.0134196689164576,0.015858712255199,0.0214885900343274
B3H6X6,1,0.0688271259671912,0.0438062622543575,0.346925502077064,0.169138724852753,0.0147187019801629,0.260565725303887,0.0244464224615957,0.0312012037713628,0.0403703313316259
AT2G14878,1,0.0457242571009127,0.0293833488903855,0.394701617693587,0.151768131340543,0.00886220833080171,0.310489741084454,0.0144614807000653,0.019213628695713,0.0253955861635378
Q8L7R2,1,0.0370489714603364,0.0366033302988369,0.510681739567437,0.109977692375774,0.00954202575896487,0.241801152555917,0.0168548451668957,0.0162923547510173,0.0211978880648205
Q9SI20,1,0.0307404842856394,0.0294151253221852,0.544262925204626,0.100925484000466,0.00778347693253713,0.242238395656795,0.0137139859226809,0.0134338685667274,0.0174862541083434
Q9SLL7,1,0.0425576269478586,0.0246465098431948,0.356300831553169,0.173418260891778,0.00780742666803963,0.343172898307025,0.0133207886088629,0.0165223508525562,0.0222533063275155
A0A178W238,1,0.0297797134511555,0.0216834389339229,0.542006280279893,0.103745618357528,0.00622184528780788,0.257098765266916,0.0106266403930257,0.0124216427322801,0.016416055297471
Q38896,1,0.0337189889348455,0.0274426375489633,0.454317138215972,0.128367993762879,0.00773648943957134,0.302082902996249,0.0135187615640059,0.0141703952063181,0.0186446923311959
Q9SIJ7,1,0.0311163204274505,0.0261451479870143,0.525162495921154,0.105742363971286,0.00719209103147153,0.261263173457025,0.0122130189077839,0.0135261326226083,0.0176392556742059
Q9ZWI7,1,0.0356484443966446,0.036393398659954,0.49055713061018,0.111157560408011,0.00893887028618232,0.266568403705959,0.0154286596230921,0.0152716907440686,0.0200358415659089
Q9ZW36,1,0.0424951579969306,0.0415599580302473,0.46722509683827,0.121421943652029,0.011674259632047,0.250397230603853,0.0198397506685244,0.019941072432418,0.0254455301456796
A0A178VT97,1,0.0443797932084904,0.0527967598274517,0.459681195474844,0.118046538703992,0.0133425860838793,0.240762804073729,0.0228793285845599,0.0211826639515972,0.0269283300914567
O22791,1,0.0294968235092453,0.0314639744901134,0.567384226035304,0.0927911382054508,0.00798256878907658,0.226592281797909,0.0140054925414893,0.0132067732960267,0.0170767213353849
Q9ZUT4,1,0.046581848367539,0.0484465931109513,0.430920727366025,0.129619994234122,0.0121704458140073,0.263500002596225,0.0208135046382253,0.0208595504808941,0.0270873333920113
P45951,1,0.0325467202007682,0.0195683129944029,0.443033332265099,0.132308375423394,0.00590873558772002,0.326454188997038,0.00991502614937846,0.0129591920996502,0.0173061162825502
A0A178VLC9,1,0.0573373813953847,0.0432089243924323,0.347669936828077,0.163550636056387,0.0128219706040896,0.296430563121336,0.0206149291158074,0.0253033758925615,0.0330622825939248
A0A178VQN9,1,0.0491158177235534,0.0370502455666069,0.415089787166753,0.147672038229144,0.0111736528047019,0.270894315533086,0.0193628398307016,0.0215745790558446,0.0280667240896087
Q8L7F7,1,0.016929326913141,0.0132834977894818,0.606597332606653,0.0737439326715478,0.00353044025430195,0.264161739411867,0.00619896229670258,0.006648402110027,0.00890636594627748
Q06611,1,0.0583078209349285,0.0673205415010349,0.360369655678424,0.145033428556351,0.0172958390176995,0.259621234773986,0.0286489825337681,0.0278529332341473,0.035549563769661
P42776,1,0.0225211352115876,0.016637710030393,0.577176412483391,0.0867638227285106,0.00450779725565349,0.26381918829176,0.00776641481454379,0.00888827534737704,0.0119192438367834
O22268,1,0.0326388971986523,0.0243105678266073,0.52145744981655,0.107624238385288,0.00713122363390763,0.262288682606941,0.0117857792476557,0.0142141104741495,0.018549050810249
Q9ZU88,1,0.0370217271534958,0.0383133416174859,0.501342432907032,0.112612023233492,0.00948703654217825,0.246982081088946,0.016938475440246,0.0162102723566922,0.0210926096604318
P42775,1,0.0241842407364837,0.0153439503286347,0.445029039906747,0.111467846188452,0.00430102238119136,0.371139368630542,0.0073744497273116,0.0089530542293587,0.0122070278712792
Q93WF6,1,0.052486035621386,0.0602681248642894,0.383561457211058,0.140490564464966,0.0155957131268694,0.264332278955354,0.0259441359519473,0.0252414788312535,0.0320802109728763
A0A178V275,1,0.0475735516423179,0.0449316960367422,0.443401068111591,0.128540777126757,0.0117956528850254,0.255335096939234,0.0205261203554035,0.0207681026462474,0.0271279342566815
Q9M0T4,1,0.0247845678201885,0.0158324032439043,0.438811861147099,0.115374964691014,0.00456155217243736,0.370549269342644,0.00773141674390084,0.0095146269175776,0.0128393379212342
Q94AI4,1,0.0202536809639183,0.0207394273273054,0.647177712597017,0.0713392660144862,0.00502877948647473,0.206774120299866,0.0089709892241605,0.00851546565736591,0.0112005584294062
A0A1P8B584,1,0.0269597955719882,0.022318289437418,0.419118708177241,0.125465910051434,0.00578199380255694,0.365167528715232,0.0102005134332458,0.0106723327481232,0.0143149280627603
Q8GXX4,1,0.0321584745189678,0.0200384409488714,0.444077123808944,0.135448551785393,0.00582360628678699,0.323150018187449,0.010113332131803,0.0124492512783935,0.0167412010533917
Q0WQ99,1,0.0408355782099096,0.0422024850229102,0.494118087764189,0.112310862010637,0.0108789663203543,0.238296526511808,0.0187736792012031,0.0186119833316937,0.023971831627295
O04378,1,0.0424702631917836,0.0463916805849823,0.46398826022817,0.119023804953481,0.0120261050518412,0.250396548579971,0.0204731295035834,0.0198443646322725,0.0253858432739153
P42735,1,0.0311396939786882,0.0239381313753725,0.396210379909872,0.139185135810088,0.00638553364361103,0.363905083909763,0.0114387884440405,0.0118061538973751,0.0159910990311897
Q9SVH3,1,0.0552792773690142,0.0594705948197667,0.396965955306821,0.137919576577184,0.0160147371428648,0.246591977040848,0.0275242588815253,0.026535223340726,0.0336983995212501
Q9SB81,1,0.0476149117298699,0.0491393150816275,0.453064909660373,0.123234184298699,0.0134328727989464,0.239094347378902,0.0230709287643069,0.0225916509845038,0.0287568793027716
F4JSJ8,1,0.0535110220224724,0.0362713737645562,0.37442653599885,0.15786102437285,0.0110803363915993,0.294921532395229,0.0178488629828934,0.0234276548988414,0.0306516571727083
Q944H5,1,0.0224657080216162,0.0160518350978208,0.576237482560076,0.0904397721760453,0.0045530850175722,0.261215312043802,0.0078750597220169,0.00907427628825563,0.0120874690727942
A2RVS4,1,0.0364951298623102,0.0315156901933712,0.409711876550989,0.144843001817952,0.00836437253524114,0.318911127392894,0.0148594261028431,0.0152108462937236,0.0200885292506758
F4JTJ9,1,0.0473301640317783,0.0524757820578156,0.429023846063107,0.129825236837895,0.0141075869431528,0.251511730996504,0.0242963872576476,0.0226558327366035,0.0287734330754958
Q9SUV2,1,0.0196503370534228,0.0150775072331072,0.65372270919505,0.0720160852511449,0.00412045016459656,0.209642047807425,0.00715266641229479,0.00800108916898835,0.0106171077139709
O81757,1,0.0337195265114927,0.031268148359674,0.517540955451947,0.106676594372812,0.00780144845357784,0.256753630427661,0.0136549544122314,0.0140316793060697,0.018553062704534
Q8LC44,1,0.0389676351538986,0.0407960039491368,0.46488553415433,0.120383579726899,0.010640582267937,0.265583933038807,0.0182916694444411,0.0176755015300513,0.0227755607344989
Q7X9B9,1,0.0362906384969311,0.0355550072467031,0.485284238836165,0.115238059806256,0.00917218733303212,0.266050886627561,0.0158401852484982,0.0158552438779335,0.0207135525269197
AT4G36032,1,0.0392502534785417,0.0372345349197315,0.470034999646929,0.124064483090227,0.00967757443339101,0.262949666653333,0.0170393895567026,0.0172736203287717,0.0224754778923725
Q940H5,1,0.0391622787757628,0.0387897261068229,0.492339971466775,0.114820197930756,0.0104361933222741,0.245826536866849,0.0182635273294753,0.0176108313526106,0.0227507368486747
Q9SZP8,1,0.0228083488359588,0.0205761416115092,0.568564074086171,0.0882590257836844,0.005340303019978,0.263109890591377,0.00933932077193148,0.00947380007525563,0.0125290952241343
Q84MC9,1,0.0480382321430332,0.0500004866871439,0.429741851572459,0.131162336630734,0.0120916297191858,0.259946428213802,0.0215164314989146,0.0205321942976789,0.0269704092370482
Q9C9C6,1,0.0380997501253183,0.0228900736158308,0.351225467963869,0.172047883453092,0.0070790913206041,0.361792241427005,0.0121549384737082,0.0147935582070966,0.0199169954134766
P49691,1,0.0364129568865229,0.0193453394152197,0.343594904663181,0.174671100529305,0.00616536188485987,0.377001389958621,0.010468477335839,0.0137169328560095,0.018623536470442
Q8VXU9,1,0.0279805322439969,0.0135404198016382,0.332119394451072,0.144538936453706,0.00414149691403461,0.447565936142989,0.00688875427266488,0.00972365592274004,0.0135008737971579
Q9LFA5,1,0.032360270024576,0.0225722492119175,0.369067567982916,0.143101737900538,0.00595114243233707,0.388621468990221,0.0103611891826679,0.0117961695068398,0.0161682047679873
Q9ZVI6,1,0.0362228163589175,0.0267739223891046,0.33929729778482,0.166285114225125,0.00741656856798302,0.377391800551954,0.0127292148502859,0.0144895969102447,0.019393668361565
O22141,1,0.0247227121835359,0.011338567043669,0.36426501285378,0.133467251943479,0.00354496558032051,0.436214600458808,0.00592798030786478,0.00859496099857996,0.0119239486299629
Q8VYF1,1,0.0429839441871509,0.0256593436363803,0.340073616876338,0.185087430507114,0.00794419181515457,0.345364977936235,0.0138205008631035,0.016641101758686,0.0224248924198382
Q9C6C8,2,0.260427389654589,0.0327686695960032,0.0638693377231847,0.109263089388646,0.0214564851312104,0.0785720284404918,0.0280150735661603,0.169705552800099,0.235922373699616
A0A384KML1,2,0.251424536216416,0.0390806511538512,0.0673781588458219,0.12202069957543,0.0265261697009969,0.0851106030566395,0.0348267697543753,0.159058410450942,0.214574001245527
Q9C8J6,2,0.242877970530993,0.0357831067140119,0.067172904271869,0.112485885741134,0.0243102522935314,0.0809002197839766,0.0330340030747561,0.17432967151943,0.229105986070298
AT1G08697,2,0.25403597879072,0.0266408558318688,0.0684046729327935,0.129298984535767,0.0163386851599387,0.0866697942643449,0.0217345304425806,0.169965452681628,0.22691104536036
Q9FLK4,2,0.249007593081025,0.0330962190513203,0.0732730910500765,0.126789774106909,0.0203213322878643,0.0894696267917884,0.0277947799157038,0.163577443852968,0.216670139862346
Q9LE06,2,0.284369390244179,0.0282576818748103,0.0579437517589848,0.105177713462707,0.0187491891467885,0.072099131940422,0.0252812447411921,0.164594064392121,0.243527832438795
Q9M1B9,2,0.288966576293318,0.0209522042080665,0.0517581339300904,0.098694079350728,0.0130966987308845,0.065552267255658,0.01731199074634,0.174783030232603,0.268885019252311
Q9LY72,2,0.306139680093974,0.0188001715240934,0.0427773681878177,0.0929119883587043,0.012829863882197,0.0568761295560922,0.0167059281195204,0.169979526323095,0.282979343954506
O48843,2,0.192910410534614,0.0519741124421257,0.0845132508665147,0.136804391955773,0.0347444171718389,0.102204411153928,0.0456613584990907,0.163129430535669,0.188058216840446
O81301,2,0.308266048844125,0.022340386042018,0.0551555163320626,0.106310074255364,0.0138594271913017,0.069962530250828,0.0187159459427621,0.156629074107352,0.248760997034186
AT4G16355,2,0.238590217037656,0.0302676726069672,0.0730423512407084,0.128070618353681,0.0189500604977924,0.0895303750671622,0.0254606809186989,0.173805455446191,0.222282568831143
Q9SZW4,2,0.262407330055503,0.0318629840598185,0.0631398683888076,0.118260543590583,0.0226593787548316,0.079802898369152,0.0302109718111587,0.163484080155335,0.228171944814811
Q0WTF4,2,0.254598519308452,0.036823201172038,0.0610123951074472,0.108608887010299,0.0259343313395369,0.0770565806358675,0.0325248849074902,0.167810807369261,0.235630393149608
Q9FWX8,2,0.148698666607291,0.044176704200372,0.0589856222059333,0.0921429187372663,0.0448494329216966,0.0699925116310974,0.0484209823044618,0.269939394281008,0.222793767110874
Q9ZWB4,2,0.14332228039476,0.0585452381255775,0.078409535143451,0.103557488765658,0.05712649638008,0.0871677425127282,0.0603488422845168,0.222115434458529,0.189406941934701
A0A1P8AUV9,2,0.172012831108928,0.0332418153610579,0.0602136900878264,0.0987669210458139,0.0263736331678445,0.0726031559272213,0.0315017377444931,0.264217508845442,0.241068706711373
AT1G04743,2,0.152300387007536,0.0315024170004294,0.0481488519183494,0.075607834325268,0.0268577700266114,0.0570764359901551,0.0306397034997191,0.31983735707483,0.258029243157101
Q9LE79,2,0.14332228039476,0.0585452381255776,0.0784095351434512,0.103557488765658,0.05712649638008,0.0871677425127284,0.0603488422845168,0.222115434458528,0.1894069419347
AT1G05017,2,0.143393595796335,0.0461395456610975,0.0611987297677788,0.0907782114174769,0.049496414605698,0.0713664950693444,0.0505644695929556,0.271073733618151,0.215988804471163
Q9LM21,2,0.164615992603335,0.0460262073962924,0.0701910106396584,0.111288783046517,0.0411980292420142,0.0845080155789752,0.0460108505231776,0.225139475159088,0.211021635810942
AT1G06153,2,0.17510797143519,0.0412451093570217,0.0702908353753825,0.109965508138719,0.0351809511897955,0.0834638262728657,0.0415302092005398,0.22398197155722,0.219233617473266
A0A1P8AU14,2,0.140521163675686,0.0490110080420731,0.0611764606287166,0.0854601889732527,0.0526307087140174,0.0693377142751625,0.0539838512955806,0.274899562790366,0.212979341605146
AT1G06463,2,0.148817924552311,0.0471091869579158,0.0687036940374786,0.0975660141835293,0.0457148750998774,0.0789512239142155,0.0478439765338165,0.252651288632216,0.21264181608864
Q2V2Q8,2,0.146675843276821,0.0276414981977112,0.0464321548203,0.073281506042053,0.0243797901668464,0.0551269740929962,0.0275043566002229,0.341886144312547,0.257071732490502
AT1G06963,2,0.146530797733383,0.0494096546929758,0.0651665082751908,0.089577307566488,0.0547648156035335,0.0737568524800437,0.0545032265430473,0.254378536761789,0.211912300343549
Q944S3,2,0.152421158472169,0.0536953248880154,0.0712547956978733,0.0944828168872854,0.0522987030137152,0.0793019113564111,0.0554089760673655,0.23559212739675,0.205544186220415
F4HV37,2,0.149585188232612,0.0504723691235513,0.0734637421591026,0.0991435902152427,0.050356876254603,0.0826243564371635,0.0522764220386663,0.237619724436672,0.204457731102387
AT1G07753,2,0.145067794877336,0.050382397447865,0.0621112820443438,0.0881650768967595,0.0523143960498252,0.0709543445766273,0.0545044136134697,0.263022883947172,0.213477410546602
A0A178WC31,2,0.151653096173095,0.0407790140486746,0.0616503860482188,0.0859623724628243,0.0370642795770128,0.0698280530692923,0.0405187971402438,0.283364251734385,0.229179749746253
AT1G54355,2,0.14332228039476,0.0585452381255776,0.0784095351434512,0.103557488765658,0.05712649638008,0.0871677425127284,0.0603488422845168,0.222115434458528,0.1894069419347
Q5E930,2,0.167670228144507,0.0253792049474209,0.0475911679898154,0.0848346593416788,0.0204982509909427,0.0590672835709758,0.0244735691651682,0.298486793580772,0.271998842268719
F4HYV4,2,0.152421158472169,0.0536953248880154,0.0712547956978733,0.0944828168872854,0.0522987030137152,0.0793019113564111,0.0554089760673655,0.23559212739675,0.205544186220415
A0A1P8APL7,2,0.139945878460241,0.0432962575089434,0.0586115479307669,0.0850848530180794,0.0446180926802536,0.0674269345207392,0.0468987975960791,0.29479864203133,0.219318996253566
Q1G3X9,2,0.141345012964345,0.0591159186974817,0.0668236393952923,0.0900500986162329,0.0693069218794077,0.0748410250967541,0.068242141506999,0.234435800818463,0.195839441025024
Q9SS00,2,0.136959352617213,0.05310911617204,0.0604020227261472,0.0831823050058247,0.0665840441595099,0.0682299252803008,0.0629060640601166,0.261626890094294,0.207000279884555
Q9C8Y5,2,0.175221643131112,0.0381859133035253,0.0635195947400596,0.0999615655677027,0.0319410826475788,0.0750575962708709,0.0387425854554692,0.241928707271646,0.235441311612036
Q3ECH2,2,0.14843983958541,0.0407533692442497,0.0529053815377448,0.0775820929995399,0.0444698672719495,0.0612403978297005,0.0458024051974528,0.291376683757573,0.23742996257638
Q94ID3,2,0.170385501148653,0.0470664842628097,0.0646877173245174,0.102257313876446,0.0424723673016079,0.077013628781758,0.0499789507565882,0.228074987396646,0.218063049150973
F4I5D5,2,0.149952290025571,0.023273368990785,0.0382988677016069,0.0617242464965461,0.0193612815780152,0.0456547286177391,0.022662344399508,0.34791763019854,0.291155241991689
AT1G09523,2,0.152421158472169,0.0536953248880154,0.0712547956978733,0.0944828168872854,0.0522987030137152,0.0793019113564111,0.0554089760673655,0.23559212739675,0.205544186220415
Q1G324,2,0.16808948731869,0.032727150522215,0.0623201842363628,0.0945064389587487,0.0254029505880913,0.0731652354253577,0.0295923494100887,0.269768698177781,0.244427505362665
Q9LX16,2,0.140999459620704,0.0482020811824416,0.0584079446304374,0.0810469675888573,0.0553371087999343,0.0661251421278331,0.0546021280461435,0.277093802507351,0.218185365496298
AT5G02225,2,0.149585188232612,0.0504723691235513,0.0734637421591026,0.0991435902152427,0.050356876254603,0.0826243564371635,0.0522764220386663,0.237619724436672,0.204457731102387
Q9LXE7,2,0.14472606571728,0.043437458094413,0.0558919168926259,0.0792590189195007,0.0459106939303774,0.0638217534081532,0.0470771766036241,0.290308688623388,0.229567227810638
F4K2L4,2,0.147234788823028,0.0551815938213969,0.0786113877443911,0.106543711059852,0.054820007588644,0.088557694507162,0.0578861465597534,0.220886290003158,0.190278379892614
Q39034,2,0.176407095023086,0.0326757898756985,0.0544670234003871,0.0835738347507789,0.0261873140837569,0.0640847513859978,0.0306809904358297,0.271932368067137,0.259990832977328
Q3E8R5,2,0.140208386730996,0.022800179266345,0.0361632582792731,0.0594224221977977,0.0206481688698457,0.043556886491643,0.0233179372851125,0.371680535901331,0.282202224977655
Q949R3,2,0.137907604085779,0.0555399202641414,0.0678777264305837,0.0952510679486963,0.0655020471784351,0.0773489103884529,0.064662899035964,0.241331285810302,0.194578538857645
Q9FIC8,2,0.140692718743971,0.0594146636267916,0.0710346859313338,0.0947796980843412,0.0642833581344984,0.0792102208086789,0.065170404714199,0.231900530230857,0.193513719725329
Q9FLE2,2,0.152929887262005,0.0435234227651935,0.0632843553087403,0.0928477469083101,0.0447624148104968,0.0734389994174285,0.0472846388841567,0.260927356220208,0.221001178423461
Q9FIG8,2,0.152421158472169,0.0536953248880154,0.0712547956978733,0.0944828168872854,0.0522987030137152,0.0793019113564111,0.0554089760673655,0.23559212739675,0.205544186220415
Q9FJ49,2,0.170658484349031,0.0369963809749029,0.0529735494125898,0.081382156650206,0.0338833805598868,0.0625613483855725,0.0377102913156929,0.26650785194157,0.257326556410547
Q9FLH9,2,0.148721704367845,0.0494442683189712,0.0619049790307593,0.0887874410070462,0.0550521255615211,0.0712079084127628,0.0559163206587082,0.255394981011118,0.213570271631268
F4JXD2,2,0.140541712077614,0.05006370604545,0.0638338390579602,0.092040711208801,0.0585308074878157,0.0733985327004631,0.0590090061164976,0.257457821081733,0.205123864223666
A0A178UEA7,2,0.14332228039476,0.0585452381255776,0.0784095351434512,0.103557488765658,0.05712649638008,0.0871677425127284,0.0603488422845168,0.222115434458528,0.1894069419347
Q9FKQ5,2,0.15051444695168,0.0436750135303921,0.0629826306370741,0.0960517269745118,0.044719371843064,0.0740693466037417,0.0482081272551798,0.261992174403991,0.217787161800366
