ID,Cluster,#1,#2,#3,#4,#5,#6,#7,#8,#9
Q93WK6,1,0.0462239760421501,0.0454584529674479,0.257510290969141,0.0455076302904438,0.0461779834690874,0.0451382067345737,0.241969415050616,0.226746862765455,0.0452671817110851
Q7PC84,1,0.0433808912002106,0.0426123115554838,0.260780326276279,0.0426700139078095,0.0433268018469023,0.0422896700039959,0.236225702580745,0.246302939338126,0.042411343290447
Q9FT64,1,0.043586215940544,0.0429588345613374,0.258279945519081,0.0429750227978881,0.0435680900757647,0.042710126850767,0.241191985891993,0.241891989131516,0.0428377892311084
Q9LY94,1,0.0501322825947455,0.0496125185058632,0.237641190871484,0.0496055931373629,0.0501329321026404,0.0494167985001215,0.228333540485265,0.235584377522808,0.0495407662797094
Q9LFR3,1,0.0476807725307415,0.0469162747996038,0.252758962816433,0.0469675487412398,0.0476356787397477,0.0465955261962994,0.246796226618138,0.21792516164308,0.0467238479147179
A0A1P8BF78,1,0.0575476315878849,0.0567041225472517,0.226840107360377,0.0567622807652906,0.0575045699917726,0.0563538996912897,0.226676524017348,0.205110960247771,0.0564999037910153
Q9LTP5,1,0.0436502577491643,0.0428126134656836,0.261280381012007,0.0428782587968699,0.0435896906676353,0.0424603448645095,0.230479632762578,0.250258065231627,0.0425907554499259
Q9FPR6,1,0.0541346388992987,0.0534592282548635,0.2285827669272,0.0534651306523995,0.0541403617813506,0.0532019357102329,0.225138154976218,0.224518491316523,0.0533592914819139
A0A1P8B096,1,0.0422600541727369,0.0415372506478446,0.259922370055777,0.0415622544613926,0.04224357926184,0.0412508080578438,0.243233871451953,0.246592527603634,0.0413972842869784
O48843,1,0.0546166467797894,0.0538278561839231,0.234543691321635,0.0538212650175001,0.0546180434570785,0.0535286684567412,0.233229492133002,0.208099615075439,0.0537147215748912
AT2G08660,1,0.0530928494748622,0.052141195999187,0.237525194449897,0.0522333891998487,0.0530103725365288,0.0517298078026695,0.215088401531852,0.233315964181134,0.0518628248240206
Q38838,1,0.0418814962703502,0.0411312903140849,0.267407520356859,0.0411777551232641,0.0418360755506547,0.0408208487994822,0.236345988923645,0.248450988427229,0.0409480362344323
O23369,1,0.0480861608515082,0.0473448579871084,0.249101898671433,0.0473760125283884,0.0480551547327163,0.0470424845774467,0.223691754713089,0.242119291892593,0.0471823840457178
Q9SZW4,1,0.039516918217569,0.0387473008795046,0.268845797771423,0.0388002388071638,0.0394754110336184,0.0384293541906607,0.245591374077425,0.252033755766495,0.038559849256141
Q9ZWB4,1,0.0610776939447616,0.0605292088116697,0.211898454570634,0.0605068757943769,0.0611067854557753,0.0603339779540721,0.224698106954874,0.199361313884436,0.0604875826294009
Q9LE79,1,0.0610776939447617,0.0605292088116697,0.211898454570634,0.0605068757943769,0.0611067854557753,0.0603339779540721,0.224698106954874,0.199361313884435,0.060487582629401
AT1G05017,1,0.0518863316538413,0.0512983065808125,0.228597541574209,0.0512718483325394,0.0519226665210338,0.0510898983946264,0.273622273891582,0.189053803360777,0.0512573296905788
AT1G06463,1,0.049008825747509,0.048577806909942,0.235382944255516,0.0485403377317734,0.049050320446201,0.0484348968371887,0.252357194449866,0.220073162572918,0.0485745110490859
F4HV37,1,0.0527450899140822,0.0522672736992512,0.226876307952223,0.0522504301159089,0.0527683242612126,0.052097063941046,0.235852626890654,0.222914737320873,0.0522281459047489
AT1G54355,1,0.0610776939447617,0.0605292088116697,0.211898454570634,0.0605068757943769,0.0611067854557753,0.0603339779540721,0.224698106954874,0.199361313884435,0.060487582629401
Q94ID3,1,0.0529349407094373,0.0520856232468455,0.235150913352423,0.0520990730249895,0.0529325861708464,0.0517571683857275,0.253057930939581,0.198035996677022,0.0519457674931277
AT5G02225,1,0.0527450899140822,0.0522672736992512,0.226876307952223,0.0522504301159089,0.0527683242612126,0.052097063941046,0.235852626890654,0.222914737320873,0.0522281459047489
F4K2L4,1,0.058661421229956,0.0580935004470298,0.217844190079457,0.0580802855127102,0.0586829135987701,0.0578864973022856,0.248996541124478,0.183718445707792,0.0580362049975213
Q949R3,1,0.0658512487735671,0.0651786200427468,0.201281681107006,0.0651438457544848,0.0659008203007615,0.0649458388590804,0.239755637196223,0.166797191479484,0.0651451164866464
Q9FLE2,1,0.04731768839914,0.046734766742692,0.239874519511939,0.046736314021422,0.0473274518779511,0.0465154015538369,0.271309456557208,0.207529655610397,0.0466547457254145
Q9FHE8,1,0.0483367258351084,0.0477316502292047,0.248018070007678,0.0477249038891015,0.0483427501180989,0.0475014166590316,0.26166712582472,0.203029901360617,0.0476474560764393
Q9FLH9,1,0.0573479596472765,0.0567210223319332,0.219258525199616,0.0566876194346491,0.0573894293974664,0.0565037033806025,0.227106336868866,0.212298524935465,0.0566868788041252
F4JXD2,1,0.0592506795188394,0.0585219943551479,0.213695626476829,0.0585158454485875,0.0592747717591585,0.0582539792604559,0.262610211339683,0.171437966199249,0.0584389256420499
Q9FML4,1,0.0457527146541285,0.0450081350829212,0.250776426777124,0.0450433580645404,0.0457277702439095,0.0447060226406039,0.262483018424024,0.215654873945314,0.0448476801674346
A0A178UEA7,1,0.0610776939447617,0.0605292088116697,0.211898454570634,0.0605068757943769,0.0611067854557753,0.0603339779540721,0.224698106954874,0.199361313884435,0.060487582629401
Q9FKW9,1,0.0476966201409213,0.0468378833816627,0.250281114679245,0.0468919867540253,0.0476507528883083,0.0464846685236303,0.259584356835233,0.20793919655749,0.0466334202394838
Q3EBD7,1,0.0496723461100659,0.0491498027203711,0.234379520057803,0.0491226103857967,0.0497069761499212,0.0489675371582759,0.260164502581859,0.209716600184837,0.0491201046510708
Q96305,1,0.0494675159619157,0.0485595067971887,0.247792007560319,0.0486244657706453,0.049411174160637,0.0481809231725924,0.267884859787112,0.191749177104384,0.048330369685205
B3H617,1,0.0639391970639515,0.0632406826793868,0.207019799064215,0.0631868854267561,0.0640022311328888,0.0630053729763641,0.226555555700391,0.185824022388534,0.0632262535675125
Q9LJF1,1,0.0527450899140822,0.0522672736992512,0.226876307952223,0.0522504301159089,0.0527683242612126,0.052097063941046,0.235852626890654,0.222914737320873,0.0522281459047489
Q9LRR2,1,0.059048152585271,0.0584698265749768,0.214670048479234,0.0584194431223846,0.0591056677026123,0.0582792362591308,0.26252100563453,0.171018840465587,0.0584677791762737
AT3G03595,1,0.058661421229956,0.0580935004470298,0.217844190079457,0.0580802855127102,0.0586829135987701,0.0578864973022856,0.248996541124478,0.183718445707792,0.0580362049975213
AT3G06605,1,0.0527450899140822,0.0522672736992512,0.226876307952223,0.0522504301159089,0.0527683242612126,0.052097063941046,0.235852626890654,0.222914737320873,0.0522281459047489
AT3G08070,1,0.0659453854444001,0.0653219723826033,0.201894268010253,0.0652861526405226,0.0659942388929045,0.0651093655093989,0.220783312346703,0.18436793756844,0.0652973672047747
Q45GK4,1,0.0527450899140822,0.0522672736992512,0.226876307952223,0.0522504301159089,0.0527683242612126,0.052097063941046,0.235852626890654,0.222914737320873,0.0522281459047489
AT3G08245,1,0.0536045098142676,0.0528589782055608,0.229903184032997,0.0528386413891957,0.0536340308571333,0.0525870781981424,0.23970524219154,0.212083739807884,0.0527845955032789
AT2G04335,1,0.058661421229956,0.0580935004470298,0.217844190079457,0.0580802855127102,0.0586829135987701,0.0578864973022856,0.248996541124478,0.183718445707792,0.0580362049975213
AT2G04465,1,0.0541015485989237,0.0536067144111006,0.226185003092727,0.0535522011353222,0.0541611618688797,0.0534488153608096,0.236583855861733,0.214739395463256,0.0536213042072485
Q8VZK8,1,0.0527450899140822,0.0522672736992512,0.226876307952223,0.0522504301159089,0.0527683242612126,0.052097063941046,0.235852626890654,0.222914737320873,0.0522281459047489
AT2G08985,1,0.0527450899140822,0.0522672736992512,0.226876307952223,0.0522504301159089,0.0527683242612126,0.052097063941046,0.235852626890654,0.222914737320873,0.0522281459047489
AT2G09455,1,0.0440008113339246,0.0435903681585899,0.244467534438487,0.043563335802189,0.0440323770001181,0.0434502381470005,0.262746509885994,0.230574002720363,0.0435748225133327
AT2G09945,1,0.0617693701896479,0.0611866098098279,0.208079427620215,0.0611329307825847,0.0618350681785334,0.0609978922443234,0.253711593705306,0.170093569751516,0.0611935377180454
B3H4R4,1,0.058661421229956,0.0580935004470298,0.217844190079457,0.0580802855127102,0.0586829135987701,0.0578864973022856,0.248996541124478,0.183718445707792,0.0580362049975213
A0A1P8B386,1,0.0527450899140822,0.0522672736992512,0.226876307952223,0.0522504301159089,0.0527683242612126,0.052097063941046,0.235852626890654,0.222914737320873,0.0522281459047489
AT4G04223,1,0.0554778473779999,0.05489627751841,0.228753924803478,0.0548343470013952,0.0555327197301766,0.0547043063789672,0.236280070215154,0.20462354175692,0.0548969652174999
A0A178UZY4,1,0.0610776939447617,0.0605292088116697,0.211898454570634,0.0605068757943769,0.0611067854557753,0.0603339779540721,0.224698106954874,0.199361313884435,0.060487582629401
Q84JC2,1,0.0547986794233772,0.054149712410805,0.2228347807756,0.0541316506288575,0.0548280585744194,0.0539163988144318,0.271017532274245,0.180232037124429,0.054091149973835
Q9FVI6,1,0.0710654530917907,0.0704228008016283,0.191293371629011,0.0703737094095264,0.0711267563342265,0.0702088103036631,0.203274776263319,0.181819712659504,0.070414609507331
AT4G09785,1,0.0610776939447617,0.0605292088116697,0.211898454570634,0.0605068757943769,0.0611067854557753,0.0603339779540721,0.224698106954874,0.199361313884435,0.060487582629401
F4I1A6,1,0.0524104398367979,0.0515753077042614,0.232464270954039,0.0516444361243662,0.0523535670314454,0.0512238275164323,0.20631922769234,0.250653555354222,0.0513553677860959
A0A1P8AU14,1,0.0529774476453956,0.052439024060548,0.225027236773067,0.0524079132635977,0.0530165785441543,0.0522539670734902,0.225976081773592,0.233487019659897,0.0524147312062587
AT1G06963,1,0.0551902462809674,0.054684577060819,0.219248228973607,0.0546562753832516,0.0552269851588227,0.0545116186719624,0.219124740551013,0.232695457952287,0.0546618699672707
Q944S3,1,0.0544359040035819,0.0539344468109673,0.216314246525948,0.0539133276296362,0.05446241750779,0.0537573550483635,0.195702685213675,0.263581472342779,0.0538981449172597
AT1G07753,1,0.0551899849724554,0.0545943449993693,0.221161952595466,0.0545626001321854,0.0552300114583549,0.0543860740281159,0.218546145327563,0.231768491054319,0.054560395432171
F4HYV4,1,0.0544359040035819,0.0539344468109673,0.216314246525948,0.0539133276296362,0.05446241750779,0.0537573550483635,0.195702685213675,0.263581472342779,0.0538981449172597
Q1G3X9,1,0.0691336948270571,0.0685083011824527,0.192528962070076,0.0684597413281662,0.0691934501754944,0.0683013666047362,0.187917872750622,0.207454438396725,0.0685021726646705
Q9SS00,1,0.0646260144831153,0.0640491991298502,0.199061918073453,0.063992363823709,0.0646947950292557,0.0638665084941557,0.196828037811669,0.218816919142916,0.064064244011875
Q3ECH2,1,0.0453455599838103,0.044803667158811,0.235692450794295,0.044784080128416,0.0453722476586889,0.0446118352787489,0.221772844069132,0.272856597587027,0.0447607173410718
AT1G09523,1,0.0544359040035819,0.0539344468109673,0.216314246525948,0.0539133276296362,0.05446241750779,0.0537573550483635,0.195702685213675,0.263581472342779,0.0538981449172597
Q9S7T5,1,0.0469362457667936,0.0462681848531774,0.243621689135777,0.0462441894771546,0.0469605808447544,0.0460261252653059,0.220569285016946,0.257169101063616,0.0462045985764748
Q9LX16,1,0.0542338092700535,0.0537172216144787,0.21534963677568,0.0536786183650844,0.0542809954763359,0.0535459652069194,0.201476236124251,0.26000809883217,0.0537094183350273
P48007,1,0.049716711117474,0.0489995003560896,0.240740852700132,0.0490142276485689,0.0497044486530623,0.0487148660708331,0.213890303969441,0.250352507534205,0.0488665819501939
Q9FIC8,1,0.0658083629827139,0.0652263550116454,0.200309628142841,0.0651872202386477,0.0658562487761566,0.0650290215705811,0.202039391765157,0.205335133559965,0.065208637952293
Q9FIG8,1,0.0544359040035819,0.0539344468109673,0.216314246525948,0.0539133276296362,0.05446241750779,0.0537573550483635,0.195702685213675,0.263581472342779,0.0538981449172597
Q9FL35,1,0.0558967312674339,0.0552542009855078,0.22867435037235,0.0552485720866473,0.0558930827858174,0.0550048440115939,0.207286728134054,0.23158809628683,0.0551533940697657
Q9LDE1,1,0.0514127986088891,0.0507293744874647,0.231294774979676,0.050713243126548,0.0514413591209823,0.0504815869107272,0.230156720985459,0.233107731038931,0.0506624107413231
AT3G02085,1,0.0544359040035819,0.0539344468109673,0.216314246525948,0.0539133276296362,0.05446241750779,0.0537573550483635,0.195702685213675,0.263581472342779,0.0538981449172597
Q9LE44,1,0.0482703680440216,0.0477407334295363,0.230561386044559,0.0477016522772327,0.0483105804314327,0.0475629393248169,0.219175137833624,0.262951763568577,0.0477254390461992
Q9M2Q2,1,0.0482703680440216,0.0477407334295363,0.230561386044559,0.0477016522772327,0.0483105804314327,0.0475629393248169,0.219175137833624,0.262951763568577,0.0477254390461992
AT2G04205,1,0.0691336948270571,0.0685083011824527,0.192528962070076,0.0684597413281662,0.0691934501754944,0.0683013666047362,0.187917872750622,0.207454438396725,0.0685021726646705
AT2G06995,1,0.0437817143509513,0.0433229422781534,0.244604429391502,0.0432988297586124,0.0438108530058805,0.0431623408980966,0.246103559181096,0.248619739634067,0.0432955915016407
Q9SIE6,1,0.0393694491813691,0.0389320760156194,0.250311050503505,0.0389108317966583,0.0393940762505352,0.0387785448758381,0.248485194400944,0.266916166141169,0.0389026108343624
O65457,1,0.056437552540086,0.0558655291084923,0.210323612127559,0.0558258111925127,0.0564830558513111,0.055671792846579,0.189629692887236,0.263915483855936,0.0558474695902878
Q67Y55,1,0.0544359040035819,0.0539344468109673,0.216314246525948,0.0539133276296362,0.05446241750779,0.0537573550483635,0.195702685213675,0.263581472342779,0.0538981449172597
P93277,1,0.0691336948270571,0.0685083011824527,0.192528962070076,0.0684597413281662,0.0691934501754944,0.0683013666047362,0.187917872750622,0.207454438396725,0.0685021726646705
O64492,2,0.0377827638090599,0.0370917148012745,0.276696269691065,0.0371400071971699,0.0377427836459927,0.0368039188327432,0.27316717478128,0.22665609027946,0.0369192769619541
Q9SYF3,2,0.0362138609629919,0.0357388162424112,0.27200194184033,0.0357258357684695,0.0362275639589808,0.0355646594744603,0.256180929120889,0.256658683321172,0.0356877093102953
AT1G08697,2,0.0251922489411477,0.0248187312126054,0.308522930219679,0.0248274119699404,0.0251840698082928,0.0246714637007453,0.275373970138304,0.266659894318835,0.02474927969045
Q1G324,2,0.0254015530276619,0.025106895855474,0.288565863888439,0.0251030240179815,0.0254059463525259,0.0249966064650622,0.282802417536622,0.277548958891085,0.0250687339651483
Q42431,2,0.039982254928537,0.03958578022868,0.259644656479426,0.0395647701284009,0.0399999927868571,0.0394447401992328,0.256388772060552,0.245833248697967,0.0395557844903475
AT3G05955,2,0.021822424733921,0.0215744054366363,0.293460760148583,0.0215736490524579,0.0218254444234755,0.0214809335606693,0.287415126484173,0.289306943900696,0.0215403122593879
Q9LY72,2,0.0220842131325584,0.0217121054955338,0.320644150277855,0.0217234682899553,0.0220757987363994,0.0215647450325297,0.289683718482961,0.258871217170365,0.0216405833818421
Q9ZV34,2,0.0385796005372251,0.0378703235304505,0.277412192058825,0.0379200633491789,0.0385363679098136,0.0375749363632541,0.27319355227322,0.221220639142096,0.0376923248359372
Q84TI7,2,0.0350955894281932,0.0344929796931501,0.284995828264213,0.0345342486456982,0.0350578883926749,0.0342418980329174,0.270836836627481,0.236403049388116,0.0343416815275551
Q9SU32,2,0.0227444956387409,0.0224389062593374,0.298672048148013,0.0224436675003055,0.0227441386752114,0.0223212578456399,0.293542703689353,0.272703189142724,0.0223895931006744
Q9FWX8,2,0.0491791009999097,0.0485037765191087,0.234448224581563,0.0484873415606584,0.0492038916427446,0.0482568872295066,0.295545155041781,0.17794208878084,0.0484335336438882
AT1G04223,2,0.0236977644545316,0.0233161959740997,0.300414497207995,0.0233220609907903,0.0236939001914422,0.0231678591868505,0.355335337951712,0.203801598210399,0.02325078583218
A0A1P8AUV9,2,0.0285902656482388,0.0281970756639164,0.28529805665907,0.0281990094148449,0.0285916129350934,0.0280466661276062,0.33911300388004,0.205826980874238,0.0281373287969527
F4I177,2,0.025923737575162,0.025497174983262,0.298279981722087,0.0255139656142735,0.0259104800261868,0.0253270456320159,0.333644851863922,0.214492277442934,0.0254104851401575
Q9LM21,2,0.0498455655760844,0.0492390578540205,0.236638333603108,0.0492167215671343,0.0498728546322739,0.049018713572618,0.287178875146372,0.179806383630781,0.0491834944176088
AT1G06153,2,0.0430718886164686,0.0423942564047917,0.25358619326747,0.0424304772604885,0.0430486670710584,0.0421192493295972,0.28951908212105,0.201583831829868,0.0422463540992078
Q2V2Q8,2,0.0218546674898704,0.0215725566321915,0.296672395738643,0.0215709011448369,0.0218595253809567,0.0214668755071774,0.323570164429533,0.249897485579529,0.021535428097262
Q5E930,2,0.0199695360008551,0.019677788704614,0.28976251980377,0.0196794011134156,0.0199708877718202,0.0195664460876523,0.417224937823222,0.174514752532685,0.0196337301619659
A0A1P8APL7,2,0.0444510606101985,0.0439525881163106,0.244867874296885,0.043932951968449,0.0444777075850913,0.0437757419172976,0.278856461165751,0.211770749239822,0.0439148651001956
Q9C8Y5,2,0.0370536227050647,0.0364558965115034,0.268109708776531,0.0364804588709029,0.037035214605766,0.0362183388387901,0.295794984481694,0.216516526757477,0.0363352484522715
AT1G67105,2,0.0480121207777141,0.0471233305616141,0.245971612874,0.0471656724812395,0.0479791076182062,0.0467652692937272,0.295164384088667,0.174885649899655,0.0469328524051778
AT1G74205,2,0.0322381564069578,0.031689037993697,0.284019929041878,0.0317117451666876,0.0322211629055373,0.0314682536558379,0.309326032252324,0.21575085178123,0.0315748307958508
Q9S7T9,2,0.0291970163526442,0.0287726416716799,0.284997917858128,0.0287798724166312,0.0291936875608543,0.0286083092891966,0.312500221523613,0.229249324670154,0.0287010086570987
AT5G23155,2,0.0149434191785415,0.0147209005888722,0.335346880724779,0.0147248238951046,0.0149410807811844,0.0146344165560806,0.34506027444833,0.23094553253827,0.0146826712888371
Q9FK75,2,0.0421673299904766,0.0414081714818282,0.251715358121824,0.0414294355312107,0.0421563567810018,0.0411100416128403,0.325857848607014,0.17288665417238,0.0412688037014244
Q8GX37,2,0.037096001035013,0.036405883733843,0.277707742918974,0.0364474107018408,0.0370621644438124,0.0361218857128559,0.302957366049786,0.19995817761251,0.0362433677913654
Q6NLH4,2,0.0373725398200587,0.0367241996259973,0.268429988341248,0.0367447588443274,0.0373617045452563,0.0364704156721811,0.275779944233097,0.234511906482515,0.0366045424353196
Q8W1E3,2,0.037272700524319,0.0366960208668727,0.263633450584685,0.0366988867874122,0.037276659063816,0.0364757128944734,0.3248401598929,0.190497319960006,0.0366090894255153
Q9FKQ5,2,0.0478754295396757,0.0472424624957786,0.236539775821567,0.0472418073806206,0.0478893610125439,0.0470055105712484,0.301983289181691,0.177062386308167,0.0471599776887075
F4JBE2,2,0.0427021017284561,0.0420337630840815,0.245888200493486,0.0420429415236126,0.0427045973561124,0.0417780150727301,0.327632496742338,0.173288536376006,0.0419293476231774
A0MDR2,2,0.0313673335184777,0.031018458046031,0.267342702660025,0.0310096153268353,0.0313808012432773,0.0308919336801152,0.337266461723541,0.208738661140155,0.0309840326615421
Q9SMP6,2,0.041875055635201,0.0411696720006237,0.262913907146726,0.0412077429770982,0.0418419929923749,0.040882316798038,0.291325213974102,0.19777414496499,0.0410099535108464
O64627,2,0.043454167919523,0.0428290837874014,0.25340658440312,0.0428542490990905,0.0434389366163857,0.042579869343772,0.26714813753051,0.221584537681316,0.0427044336188813
O22778,2,0.0454899978366,0.0447295130720774,0.246825076867083,0.0447543963923795,0.045478564927828,0.0444296799212941,0.301632358263017,0.182073236513113,0.0445871762066085
Q9S728,2,0.0227418539814298,0.0223501404993491,0.290417391128594,0.022361934949492,0.0227343826632678,0.0221957779856542,0.398440040005087,0.17648206243159,0.0222764163555371
O64857,2,0.0289358339874064,0.0286311832486122,0.278753216507003,0.0286287878444264,0.0289405765135088,0.0285170074082811,0.284776054868673,0.264226089867846,0.0285912497542432
F4JH46,2,0.0359782868345702,0.0355271231707604,0.266939492067404,0.0355144059129071,0.0359928938005949,0.0353625387922109,0.291282221878017,0.227922726872836,0.0354803106706992
A0A178V3G1,2,0.0438717579705667,0.0434585119001382,0.24613239678504,0.0434279945059391,0.0439068146154183,0.04331884412955,0.287391466426496,0.205044648732887,0.0434475649339655
Q9M0S8,2,0.0314164085026396,0.0310745058484222,0.267002475858837,0.0310620474962161,0.0314336456640908,0.030953231179239,0.28200172479389,0.264008501112756,0.0310474595439098
Q9T0K2,2,0.0442374411678055,0.0434854207719379,0.257550564885785,0.0435119687289989,0.0442184851876181,0.0431852518637417,0.285219290488448,0.195255434031883,0.0433361428737817
Q8RXC3,2,0.040319840491389,0.0398817270939473,0.256127474567196,0.0398571180212349,0.0403490807610403,0.0397281579803572,0.283975849754707,0.219904356352042,0.0398563949780863
Q93V43,2,0.0360914242095814,0.035455586337977,0.275888552982784,0.035476071738361,0.0360743340078407,0.0352031553493434,0.299910527281847,0.210569779964644,0.0353305681276209
F4JU69,2,0.043265185741317,0.0426332570387541,0.247911756679755,0.0426485947493887,0.0432624104026332,0.0423874523673111,0.301413592645495,0.193952785853988,0.0425249645213582
Q9SZD2,2,0.0307793026222146,0.0302418949515283,0.295017593452943,0.0302712913264282,0.0307534043309561,0.0300219601217006,0.309043513902108,0.213752689487697,0.0301183498044249
Q9M080,2,0.0447619615301325,0.0440344962670544,0.256128090992439,0.0440570637448333,0.0447447575529069,0.0437449530278198,0.271156386695239,0.207479348421138,0.0438929417684369
O81755,2,0.0393354504472394,0.0388905952784143,0.255169303974791,0.0388770754696511,0.0393520749558826,0.0387301158215951,0.309583553305356,0.201213521338501,0.0388483094085693
AT4G37225,2,0.0422385723174777,0.0414743773281635,0.258904595946061,0.0415052447908799,0.0422159623239702,0.0411691947240611,0.30478352166206,0.186389941035092,0.0413185898722351
F4JSU0,2,0.0436936569273407,0.0430985939458279,0.243812873986098,0.0431080820980583,0.0436967606743849,0.0428710937476449,0.312714242527719,0.183998420737329,0.0430062753555981
Q9T073,2,0.0421819012327475,0.0414865338456997,0.256270475710076,0.041503928695365,0.0421747469777058,0.0412150060343012,0.261180901295466,0.232622896139696,0.0413636100689427
Q9C6B9,3,0.0257751635547713,0.025385283952745,0.301759706168743,0.025404267946643,0.0257586048127674,0.0252262544868474,0.256546089346808,0.288846112761892,0.0252985169687828
Q9LZV9,3,0.0365791399062266,0.0358928536438107,0.278047430146739,0.0359411102111878,0.0365352806776176,0.0356076228350902,0.243725413345212,0.261951055350457,0.0357200938836593
Q9FLI4,3,0.0310544334400143,0.0304914948336669,0.289370636396668,0.030527731426568,0.0310220041190286,0.0302589080069752,0.243896097296573,0.283024222137372,0.0303544723431345
Q9S702,3,0.0358279901098251,0.0351281981713219,0.281296032640201,0.0351807130732371,0.0357814442966342,0.0348354870088164,0.241484248337013,0.265518394139957,0.034947492222994
AT4G16355,3,0.0291862037939458,0.0287027608276028,0.290465608685133,0.02873146131419,0.0291627786009132,0.0285038988869534,0.250507543307373,0.286150095907168,0.0285896486767209
Q9SRY5,3,0.0465764949245246,0.0459813942016184,0.235346621796728,0.0459712747179667,0.0465854171864291,0.0457579638755953,0.193086344619088,0.294789750634543,0.0459047380435069
AT1G04743,3,0.0274458451396,0.0271137726873149,0.279927585654382,0.0270977156509743,0.0274620261476936,0.0269960322086182,0.257592239418497,0.299275867945463,0.0270889151474562
O04089,3,0.0404977725906306,0.0397471656096026,0.260789972285544,0.0397968031443587,0.0404515882940754,0.0394356554025966,0.210023525586139,0.289696477094745,0.0395610399923086
Q9C615,3,0.0323559731340694,0.0319007454467772,0.27942884600285,0.0319028146764581,0.0323550422417088,0.0317245687095455,0.247654464073022,0.280849633140218,0.0318279125753515
Q9C6C8,3,0.0333992026440038,0.0328725400887519,0.253499585257474,0.0328890475438198,0.0333851537603479,0.032662741699057,0.192314760867495,0.35620816113172,0.032768807007331
Q9C8J6,3,0.0380748190678878,0.0373457953878203,0.258440748619925,0.0373997762846357,0.0380303933180513,0.0370426603997939,0.210027566275873,0.306476143688977,0.0371620969570356
A0A178WC31,3,0.0359691084372552,0.03559726267391,0.250362082919383,0.0355866878140353,0.035983253208723,0.0354628459203392,0.223799382898246,0.311677716738141,0.0355616593899667
A8MRV9,3,0.0359363112804578,0.0354473022166213,0.272144185399221,0.035451978941239,0.0359288191283862,0.0352559911299528,0.237309499602318,0.277163509974981,0.035362402326823
Q9CAC7,3,0.037621663114916,0.0371504617220389,0.23796219799228,0.0371364316500534,0.0376350281687009,0.0369774962517852,0.188195241998022,0.350221794951554,0.0370996841506496
F4IBG8,3,0.0408855961468928,0.0402476986496424,0.241016562671302,0.0402449658940451,0.0408904163554048,0.0400059816668889,0.190341272501119,0.326210716570177,0.0401567895445284
F4I5D5,3,0.0161572378809071,0.0159291108463116,0.255583096053311,0.0159298853201189,0.0161587668749796,0.0158425164985614,0.187556954148771,0.460946792744937,0.0158956396321026
Q9C7T1,3,0.0249791684597906,0.0245463182017509,0.273834980525779,0.0245559975776122,0.0249717779893767,0.024377266457889,0.203838507108527,0.374427576504551,0.0244684071747229
Q9LXE7,3,0.0455541790743117,0.0450829691818476,0.228560388577357,0.0450562431935122,0.0455874061196435,0.0449206449638035,0.205997541372049,0.294180480177465,0.0450601473400108
Q39034,3,0.02674065205718,0.0263976875503235,0.258672167957602,0.0263960357789217,0.0267445382009835,0.0262682447805064,0.204394527037018,0.37803585757964,0.0263502890578251
Q9FG67,3,0.0296473500424604,0.0291048331657006,0.285970756128546,0.0291380869266835,0.0296194802744814,0.0288814485262336,0.224649243439745,0.314012715733941,0.0289760857622082
Q6NNI3,3,0.0421806631765763,0.0414468965311182,0.256794907263002,0.0414808183078715,0.0421463494770468,0.0411494937546183,0.217269012096896,0.276247329064072,0.041284530328799
Q3E8R5,3,0.019182933370335,0.0189120424487793,0.299753856719334,0.0189099079617213,0.0191878101795762,0.0188110158980879,0.281772778223546,0.30459257141762,0.0188770837810008
Q9FIY6,3,0.0350635915646037,0.0345089370459744,0.255676481215034,0.0345186803814314,0.0350531463096058,0.0342910698168107,0.194082397964176,0.342397085882197,0.034408609820168
Q9FJ49,3,0.0379388036066522,0.0374458487588807,0.239327646255748,0.0374361660683748,0.0379532188719854,0.0372645204220183,0.199644008224682,0.335599381099318,0.037390406692341
Q5XV21,3,0.0423877235793122,0.0416032348561165,0.257402343462427,0.0416610120321828,0.0423400071665668,0.0412774095124253,0.220596392597913,0.271325371271087,0.041406505521969
AT5G07725,3,0.0372390281680383,0.0366624489922643,0.244615288159812,0.0366784217035218,0.0372307738989757,0.0364366644718077,0.195873917529756,0.338705249689157,0.0365582073866676
Q9LTH9,3,0.0368826698557828,0.0364379859621457,0.241676406265284,0.0364185630132099,0.0369007513699656,0.0362794789603495,0.196625143530773,0.342378127327569,0.0364008737149203
Q9FLK4,3,0.0333283792254346,0.0327782727070966,0.27534697525409,0.0328047212257833,0.0333056670008269,0.0325552842890005,0.225477379806917,0.301745337987321,0.0326579825035305
Q9M886,3,0.0354650846833258,0.0348204735137417,0.260386259097422,0.0348405408419719,0.0354506172378181,0.0345666690754864,0.211171241849256,0.318601229969321,0.0346978837316566
Q9M880,3,0.0329101155030292,0.0324378827571369,0.243432445071543,0.0324341616497233,0.0329156147188341,0.0322606975386757,0.186041759053626,0.375193038323777,0.0323742853836545
AT3G06962,3,0.0236685069745248,0.0233114711943462,0.297241355619295,0.0233135525804718,0.0236668872193885,0.0231741716118304,0.254198501072129,0.30817109353419,0.0232544601938239
Q9SFV6,3,0.028150869531847,0.0277847729248954,0.256027453659705,0.0277775311991402,0.0281608942514898,0.0276504165578105,0.206404540266563,0.370299792311623,0.0277437292969255
Q9SG92,3,0.0398875621087699,0.0392250629629805,0.256889943154561,0.0392260944526543,0.0398869674358705,0.0389736291214809,0.218218996791408,0.288566458635189,0.0391252853370859
Q84WJ6,3,0.0248323858357771,0.0245158350602196,0.250155897591217,0.0245074527121946,0.0248406321935102,0.0243994207337731,0.186468069166264,0.415799591408414,0.0244807152986311
Q9LE06,3,0.030765762579619,0.0301988152307476,0.273593325517285,0.0302330585905653,0.030736819896825,0.0299663180657172,0.212495653881111,0.331944699705672,0.0300655465324577
Q9LRM4,3,0.0332754029525622,0.0327771130051409,0.249278265309868,0.0327733247207871,0.0332835034576699,0.032591062057265,0.203397863670297,0.34991152989836,0.0327119349280498
C0LGP2,3,0.029847374042967,0.0294566939486704,0.270803797608288,0.0294529512804035,0.0298517439906124,0.0293089066917188,0.216167225743547,0.33570817085238,0.0294031358414131
Q9M2Y9,3,0.0286424626365291,0.0281898932131356,0.251610380431843,0.0281910228565767,0.028643011734376,0.0280171637174587,0.184311421831707,0.394273536426904,0.0281211071514695
Q9M1I2,3,0.0278722991488413,0.0274248857879725,0.254997294893917,0.0274404505382801,0.0278601496169225,0.0272476850638711,0.192404556917717,0.387415458370341,0.0273372196621376
Q9M1B9,3,0.0182772668215538,0.0179909214629891,0.300017762070167,0.0180007011166367,0.0182686618348081,0.0178765858139095,0.214451276346107,0.377183417140541,0.0179334073932875
Q94JR6,3,0.0365028310961712,0.0358638273640967,0.26747423863045,0.0358918784263455,0.0364757176021952,0.0356051699884504,0.212646814715681,0.303814770435683,0.0357247517409267
AT2G04785,3,0.0328114108501474,0.0324468314626721,0.254244764838818,0.0324272350168931,0.0328338890518098,0.0323207102777191,0.235003070884409,0.315485771800023,0.0324263158175081
Q9SI38,3,0.0276259035124831,0.0272362739107123,0.256373408337826,0.0272393226796013,0.0276240406566145,0.0270858281637609,0.192587193470214,0.387054876100979,0.0271731531678084
Q9ZQR3,3,0.0252029915947997,0.0248744588154353,0.285165150574122,0.0248705087455266,0.025205834233889,0.0247501677815477,0.224248118576718,0.340853591990045,0.0248291776879168
Q9ZU70,3,0.0297962180269089,0.0293008327173725,0.26111338381239,0.0293132958110167,0.0297845283491709,0.0291060680486169,0.195125046847639,0.367252548217647,0.0292080781692385
AT2G08635,3,0.0367689760571645,0.0362666153855793,0.262622441873647,0.0362646131726178,0.0367677183919248,0.0360752630888643,0.224125738191903,0.294917457464486,0.0361911763738146
Q9ZQP6,3,0.0201929860258094,0.0199489047198768,0.27768896404984,0.0199428297909606,0.0201996044828552,0.0198593812400141,0.231258332268459,0.370986957269922,0.0199220401522632
Q9ZVB5,3,0.0464800990538731,0.0459612624146863,0.225571586844998,0.0459133808477128,0.046530678519954,0.0457902709449315,0.196985012406514,0.300808232471502,0.0459594764958289
O81301,3,0.0224551202787408,0.0220839707389681,0.297881837485039,0.0220998439314656,0.0224408486432902,0.0219346188440862,0.22355750957734,0.345541052875564,0.0220051976255064
A0A178UXQ0,3,0.027576362223355,0.0271792344566227,0.273304779092004,0.0271795093048095,0.0275793383317361,0.0270285449271606,0.225554226006416,0.337476246962994,0.0271217586949019
A0A178V1C5,3,0.0252165954114868,0.0249441701191843,0.278076235172239,0.0249395895349009,0.0252235679318382,0.0248437652295067,0.25858167018049,0.313261650036303,0.0249127563840508
Q9S7I2,3,0.0276833598830931,0.0272962231662745,0.254100750016548,0.027294265014245,0.027684692465088,0.0271493997176166,0.186216647760654,0.395334400765521,0.0272402612109599
P48421,3,0.0311032006835114,0.030531724174954,0.273875504588297,0.0305659064262559,0.0310735458206361,0.0302970842191776,0.210258632710555,0.331897423935543,0.0303969774410703
Q1G3I2,3,0.0224909424632834,0.0221673015288783,0.287328692302785,0.0221678306913604,0.02249323808395,0.0220449831142741,0.25235490049117,0.326831540493014,0.0221205708312846
O49519,3,0.0367078587235045,0.0360748196105767,0.272527746898146,0.0361170919704007,0.0366687774233136,0.0358108514064762,0.222147899631933,0.288028582647014,0.0359163716886353
Q9LDR8,3,0.0400574011934254,0.0394836073973796,0.25929125623355,0.0394917687342026,0.0400485865090984,0.0392594845375087,0.217533068185109,0.285451429082362,0.0393833981273635
P82794,3,0.0317732613251513,0.0313990198655856,0.265008317152131,0.0313893548377772,0.0317873787733037,0.0312641007817153,0.259449708719144,0.286566072335555,0.031362786209636
Q8RWE5,3,0.0276873283528721,0.0273783936451962,0.261559842863931,0.0273700081518106,0.0276993512298338,0.0272667072390172,0.232287012774253,0.341402796741175,0.0273485590019117
Q9M0D8,3,0.0267071928488592,0.0263848603275343,0.249374226282416,0.0263749347144341,0.026717309254822,0.0262673696712461,0.192747227907027,0.399075094787721,0.0263517842059405
B3H5Q1,4,0.156442008341289,0.155821725410983,0.0221151871214903,0.156263815889102,0.15586507248114,0.155174345442634,0.0217997390909399,0.0216973648521365,0.154820741370286
AT1G04273,4,0.158641923184168,0.153287604338985,0.0252514692201021,0.154552451571099,0.157395565037549,0.150578153269071,0.0248345779886652,0.0248488811823997,0.15060937420796
Q9SXA7,4,0.163132025848756,0.156189447214694,0.0188739314042039,0.157940988134001,0.161477760298952,0.152642796188229,0.0184903421690754,0.0186349141882316,0.152617794553857
Q3E7S2,4,0.161614036970386,0.158985917668381,0.0149324943390962,0.160325056469666,0.160620925833985,0.157221010708895,0.0148801584209837,0.0146674640594182,0.156752935529189
Q9MAQ3,4,0.156531662813333,0.154420401305489,0.0242559918926695,0.154953353573017,0.155929013736761,0.153205682633477,0.0244926726586722,0.0230669065667365,0.153144314819844
F4HPH2,4,0.154923196016567,0.153209858603827,0.0265105407424518,0.153841159016127,0.154439706154658,0.152245184259719,0.0264507598725754,0.0262514452334173,0.152128150100658
Q6ICW9,4,0.16089158788468,0.15604832220077,0.0198108216938492,0.157453411645393,0.159803466663987,0.153466211023948,0.0199132915178257,0.0192077014043769,0.15340518596517
AT1G69572,4,0.163799987147958,0.155446540251605,0.0196413697947297,0.157367644229916,0.162044719649772,0.151371276566968,0.0191723103600608,0.0196320722129518,0.151524079786038
A0A178WB81,4,0.156649960319396,0.154674705524837,0.0239793420782147,0.155590538626047,0.155800271876985,0.153303969625749,0.0238835186075848,0.0232047002464076,0.152912993094778
Q8LAH7,4,0.155242829481945,0.15485496562744,0.0239434687548899,0.155084135358781,0.154859297025012,0.15442125773295,0.0231213604076924,0.0242628085600082,0.154209877051281
Q39112,4,0.160339286556665,0.154258783506877,0.0227504152674002,0.155696570169938,0.159238868212077,0.151270266724963,0.0227697921832648,0.0222148064325829,0.151461210946231
Q8L616,4,0.162117575120019,0.158259758288825,0.0159137416205886,0.159695791971238,0.160963490241254,0.155989136311377,0.0160011078503378,0.0153864724725802,0.155672926123782
Q9FM36,4,0.157046049806648,0.154307956841848,0.0242482734358574,0.155222905152628,0.156185175725713,0.152743138530805,0.0243215931459703,0.0233879606309227,0.152536946729608
AT5G06475,4,0.157573783135861,0.154199701920213,0.0241628757351176,0.155167618371272,0.156697164083963,0.152377394253791,0.0241165514010067,0.0234182027156037,0.152286708383172
Q9FI39,4,0.157837971134683,0.155881475818137,0.0209739243294066,0.156067484223572,0.157502739246241,0.154931474226436,0.0202527904443339,0.0214069365682358,0.155145204008954
Q8L7D5,4,0.160411567915884,0.157350660892884,0.0180408008535352,0.158515919855547,0.159302687029421,0.155515683949022,0.0177141327928055,0.0179926508201024,0.155155895890798
F4KG50,4,0.160660783332378,0.158525796993426,0.0159622148762954,0.159751233564766,0.159755066323161,0.157045410920407,0.0158554688403557,0.0158926351862787,0.156551389962931
A0A178V5Z5,4,0.159816673625021,0.157473805051113,0.0181336137329362,0.158637582669273,0.158829844173405,0.155863495458053,0.0178278230579413,0.0180211975219618,0.155395964710296
Q9LS86,4,0.157788758889745,0.156427954384231,0.0207439344469347,0.157463733425597,0.156778649552161,0.155235456145676,0.0204636195152847,0.0205352810679509,0.15456261257242
AT3G27884,4,0.160999618975348,0.155086103076887,0.0211822117918759,0.156436141696252,0.159850643969274,0.152204513571845,0.0210129586564962,0.020842764555521,0.152385043706501
AT3G29644,4,0.161743487863852,0.155615984552837,0.0203551347789532,0.157274423368027,0.160209104232194,0.152389633627187,0.0198866809883134,0.0202536373700393,0.152271913218597
Q9ZVX2,4,0.156677560079069,0.153723871467447,0.0252727279813152,0.154482085317948,0.155878089102594,0.15207678675015,0.0247736640256655,0.0251134400574739,0.152001775218337
Q8GW96,4,0.160558901317775,0.153533269069306,0.02417723763953,0.155130429237998,0.15897446028061,0.150051786673786,0.0237186775381227,0.0237226478256496,0.150132590417223
Q9SJY8,4,0.15911721952532,0.157158863991908,0.0190022478739882,0.158108058535856,0.158086104850375,0.155738276319539,0.0185177509735368,0.0190387759991192,0.155232701930359
Q3EBW2,4,0.161178015381612,0.157449674445823,0.0177026119553266,0.158953183554055,0.159861539340194,0.155134498520747,0.0173301507279703,0.0177317978769051,0.154658528197368
O64820,4,0.161031103230308,0.158914983907694,0.0154358979377132,0.160210056491076,0.159943912850157,0.15730413662896,0.0153208544304983,0.0151630437329608,0.156676010790633
Q9ZW27,4,0.159401101014846,0.154299791158104,0.0234238998059042,0.155601747843804,0.158075445789106,0.151629259792819,0.0230655150377664,0.0229585477913073,0.151544691766343
Q9SKB7,4,0.157993538746461,0.154028993240945,0.0244085033896423,0.155285112046151,0.15689643604405,0.151782499400725,0.0241824795134992,0.0238539650886553,0.151568472529871
Q0PGJ6,4,0.158593792941096,0.157517672028379,0.0184310209284217,0.158371295261175,0.157820203581965,0.156597526180446,0.0182994271283453,0.0182902001111651,0.156078861839007
Q1PEV9,4,0.156292471442475,0.153484534998478,0.0259440266891737,0.154516758131755,0.155366068219873,0.151787322432123,0.0258634835168155,0.0252477448664783,0.151497589702829
Q9STH4,4,0.157963439341809,0.155294718313282,0.0221622527514098,0.156370691937706,0.157146475255698,0.153664501514717,0.0218727667431572,0.0221367506233577,0.153388403518864
AT4G15258,4,0.159276263869063,0.156043288814009,0.0204728719238406,0.156779590284512,0.158495761302481,0.154309437704289,0.020561913325145,0.0197353048310703,0.154325567945591
Q9STJ7,4,0.159369625716306,0.157085463798417,0.0188732868878009,0.157729908087505,0.158553089313299,0.155687684980968,0.0184127434720456,0.0187790374635661,0.155509160280093
A0A384KHS1,4,0.159610877185216,0.155313931552978,0.0218149006060248,0.156709281898424,0.158242019647164,0.152848937160159,0.0214325768025143,0.0215112226340418,0.152516252513478
Q84JK2,4,0.158154193752895,0.15432679914086,0.0239227576739391,0.155460712172866,0.157036686585464,0.152183951755716,0.0235997414389247,0.0233224882161743,0.151992669263162
O81346,4,0.163986645378231,0.156131740949781,0.0183936631154634,0.157911499817818,0.162436612198259,0.152330258882136,0.0182148110406702,0.0180445350574438,0.152550233560197
F4HPY8,4,0.160487686626382,0.159924103462481,0.0141486873628041,0.161007950597771,0.159409086513459,0.158991923952192,0.0140492678698417,0.0138852991018858,0.158095994513184
A0A140JWM8,4,0.157385778655681,0.157824652669262,0.0183550438456767,0.15845278663591,0.156874984491647,0.157643702887846,0.018308430119519,0.0181423495550573,0.157012271139401
