ID,Cluster,#1,#2,#3,#4,#5,#6,#7,#8,#9
A0A178WFK6,1,0.0418571319146203,0.0262644163113601,0.0523414339443636,0.0265014138139465,0.0125453379240564,0.0172537184865417,0.408133201790553,0.0910278048814961,0.324075540933063
AT1G04353,1,0.0694833908291756,0.0443648253912496,0.0962367262891749,0.0452126112126675,0.0204653463125852,0.0277690565272641,0.29704574685674,0.168969274432634,0.230453022148509
P59259,1,0.024972947695403,0.0154023943357021,0.032484870750305,0.015643163731947,0.00720043548837636,0.00989383367178909,0.486768865518119,0.0597636385665415,0.347869850241817
AT1G08592,1,0.0455259175032615,0.0286093305334007,0.0644737459171988,0.0297966906620212,0.0133071167314158,0.0183269268262322,0.432857178339793,0.122175038147966,0.24492805533871
Q9SPK4,1,0.0365413898730484,0.0229907456251697,0.0643829689429386,0.0296035163950037,0.0111080898011829,0.0150480568235214,0.351760261381706,0.117697806640464,0.350867164516965
O65371,1,0.0298405646435809,0.0186391258778678,0.044550856805242,0.0210321690404488,0.00875075994237587,0.0119164484366911,0.443803658552941,0.0839945698644098,0.337471846836443
Q9FWW6,1,0.0363824213085847,0.0230290069527027,0.0763951151556509,0.03109264579284,0.0113241286392933,0.0149873997140919,0.398111760290897,0.157598528205613,0.251078993940327
A0A178WP44,1,0.0658987272552867,0.0397434143520924,0.0900095045788502,0.0427125742907321,0.0186143708908243,0.0250912387169464,0.285342787354127,0.151196939833464,0.281390442727677
Q9LMR2,1,0.0558853070014757,0.0342631325831858,0.071401001120645,0.0335789414103516,0.0150646824753949,0.0210549240011919,0.323443810777298,0.128169574130146,0.317138626500311
Q9S9P1,1,0.0253113074080885,0.0158443919681547,0.0349677093119547,0.0168421176990332,0.00756913880528363,0.0103185214368107,0.510845727235863,0.0645419127188636,0.313759173415948
Q944A2,1,0.0411672510068057,0.0279256944323629,0.0623288428644056,0.0290675976389145,0.0132500963412111,0.0183953724173703,0.463492388210573,0.117387391753401,0.226985365334956
Q9FZA2,1,0.0285246455165438,0.0192274624496152,0.0716528824501477,0.0278270203082487,0.00945160385481747,0.0127152302187626,0.450326696462064,0.164027931206457,0.216246527533344
Q9C8R8,1,0.0487795784193153,0.031877594653864,0.0724109590580893,0.0356689337900679,0.0151743212702696,0.0206927795477595,0.367589549865403,0.12762956856428,0.280176714830951
A0A178WK34,1,0.0272109814305934,0.0185117462972014,0.0548857907410158,0.025339099943432,0.00939513951637316,0.0125528538948642,0.49683525789402,0.104854518162063,0.250414612120437
Q9LQL2,1,0.0299425949220257,0.0197721503144841,0.0527447218241296,0.0247175518236237,0.00959830709767663,0.0129985078824212,0.478661153250801,0.100975867521447,0.270589145363391
A0A178WKB2,1,0.0619856606269844,0.0400687399004937,0.109201374876998,0.0485333786497049,0.0187644001590487,0.0255117783541015,0.276566544728035,0.197071462125957,0.222296660578677
Q949Z1,1,0.0355836463085035,0.0257731214269399,0.099312313768929,0.0420898142799051,0.0133567751666884,0.0179432463809278,0.359939250759246,0.192997486012152,0.213004345896708
P59278,1,0.0316197685791269,0.018599097446217,0.0320649690513799,0.0158383867384836,0.00828724727453183,0.011532099529404,0.483631693234661,0.0581046299937073,0.340322108152488
Q9SSR6,1,0.0579752446889224,0.0405599042965032,0.0926471964854425,0.0436634738558534,0.0187697811563607,0.0260211613587826,0.327537838031095,0.167670586367543,0.225154813759497
Q9LPG4,1,0.0305044857845443,0.0202634377202161,0.0691543593022637,0.0319279975555747,0.0104772550801468,0.0137577622739201,0.396567599840884,0.127727125431581,0.29961997701087
Q93VV5,1,0.0550161466579238,0.0368641043245451,0.0786636647034056,0.0389538448639322,0.0170417992400272,0.0239599625803748,0.338136207044705,0.135822507214172,0.275541763370914
Q9SXE5,1,0.0497261697540273,0.0287952727722886,0.0563062932726474,0.0256873276301194,0.0128598848170315,0.0179778610953386,0.396947919689988,0.104085480916508,0.307613790052051
Q8LGF9,1,0.063108713411316,0.0453848713446525,0.108235260065184,0.0528070075491824,0.0218498336921428,0.0300475972164811,0.279678933564136,0.178134851977492,0.220752931179412
A0A178W155,1,0.0350164544649849,0.0252303008431033,0.0788763635201289,0.0351013825983405,0.0128492470626751,0.0174663641912459,0.436437042044141,0.153944259956937,0.205078585318443
Q9FXD8,1,0.0437813753591027,0.0285894089358661,0.102519638077576,0.0423787289468885,0.0143574427431751,0.0189404511307301,0.312363069531691,0.195636441633956,0.241433443641015
Q1G3X3,1,0.039531095224809,0.0277142343330474,0.0868330442957588,0.0386763929492084,0.0139823592666105,0.0192078146770412,0.385412916851269,0.16557561107561,0.223066531326646
Q93ZF5,1,0.0462138221476013,0.0343616694601714,0.101067367060076,0.0472373627223025,0.017179882538921,0.0236429997751898,0.34188619276319,0.185125378070708,0.203285325461839
Q39091,1,0.0357720292284163,0.0224041446606357,0.0498332918662314,0.0231596816484822,0.0103768687622956,0.0143009021893947,0.390330698488113,0.0911157996854357,0.362706583470995
Q9C9C6,1,0.0289250588757961,0.0171825830321817,0.0310087686692256,0.0154551011501263,0.0078321261188279,0.0108918136196821,0.445611883109403,0.0553179176297032,0.387774747795055
P11832,1,0.0544281448308481,0.0329809854775697,0.0877357988012153,0.0451298917261011,0.0172004330398239,0.022052848007928,0.303570719661007,0.141535480108228,0.295365698347279
Q9SGZ8,1,0.0628759133270196,0.0398338119919161,0.0842448507417795,0.0437668892959397,0.0202956206745416,0.026739743281338,0.322746767723801,0.135387839814624,0.26410856314904
O64531,1,0.0435147414632978,0.032450953215979,0.0983019059935665,0.0425922830294649,0.0158814494797106,0.0216609611946867,0.366454015460761,0.196280182251844,0.182863507910689
O64515,1,0.043687902600766,0.0321259512949348,0.0946706880769027,0.0433920328110081,0.0161581796031369,0.0219657689081925,0.3652052056562,0.17602356380283,0.206770707246029
P22953,1,0.0192686218820694,0.0119215154698339,0.0331153731357357,0.0149448026999459,0.0058709023984223,0.00784346938129648,0.543078544604993,0.0645090118787233,0.29944775854898
P49691,1,0.0234690396217111,0.0142003457964477,0.0283577188578731,0.0138303232888404,0.00658173844499739,0.00909202470918623,0.47879269789143,0.0516873948567352,0.373988716532779
Q9FLC2,1,0.0445099073222477,0.0266806084441647,0.070326764177976,0.0342347435206458,0.0135525856048867,0.017424284352084,0.347778821511196,0.121709121879662,0.323783163187137
P50287,1,0.0165374510955175,0.0101611117760679,0.0257497612969834,0.0116727585564893,0.00483651124240945,0.00660095546758175,0.551789575204252,0.0502944382110472,0.322357437149652
A0A178UJR6,1,0.0217472311843912,0.0139822680357223,0.0357828131279535,0.0166925685684521,0.00683669926119122,0.00925135086479976,0.545664795232496,0.0681165102985917,0.281925763426402
Q9LFU1,1,0.0415739983595756,0.0241767651126931,0.0464444154995234,0.0212969462966012,0.0108520831857961,0.0149116983600749,0.456945209287105,0.0872334335032395,0.296565450395392
Q9FYA0,1,0.0266225665023577,0.0180174170063933,0.0568827200156314,0.0247571978169397,0.00909192570293351,0.0121963159668357,0.535769024272515,0.116751360621134,0.199911472095259
Q9LYK6,1,0.0375494065912602,0.0259338268901013,0.0643094060635913,0.0292624295764173,0.0124005760769941,0.0169128192285996,0.474228021093492,0.125580995386716,0.213822519092828
Q9LFQ9,1,0.0338048408251351,0.0231495004208926,0.0775294222320305,0.0343807229660601,0.0118481241018693,0.0159915359479579,0.423173291813424,0.150991205356223,0.229131356336408
Q9FFE9,1,0.0604317360760325,0.0397712717754745,0.0826383416895234,0.0460516672813934,0.0205812921492479,0.0271489673879433,0.301563026124117,0.127033870491384,0.294779827024884
Q9LF48,1,0.0463668731657043,0.0305203352673194,0.0735043366552907,0.0342558594800505,0.0152361030296453,0.0203837603918239,0.411182233427165,0.13384837303404,0.234702125548961
A0A178UP49,1,0.0580535038659864,0.0347854311031167,0.0908049843925214,0.0454587572899018,0.0178844234128954,0.0227866713079511,0.293411739456938,0.147202923041269,0.28961156612942
A0A1R7T3H7,1,0.0782162265461947,0.0440854279179327,0.0784561827966694,0.042007987273873,0.0218959986893196,0.0283210433631643,0.293887109602805,0.123074460000743,0.290055563809298
Q9LDX1,1,0.0458781257667425,0.0333458344528824,0.098455636325339,0.0438091063374123,0.0161988883726011,0.0225137774429154,0.32662768330304,0.181357058211255,0.231813889787812
Q9FFA7,1,0.073522983528984,0.0429883455423845,0.082028880815351,0.0384007135718631,0.0194287619264522,0.0266451870551348,0.308371756705683,0.141141293068668,0.26747207778548
Q9FLV9,1,0.020966165408043,0.0133873836810409,0.0363190614440606,0.0161776516919682,0.0064690010149959,0.00870033870143655,0.620569205888539,0.074152870026793,0.203258322143123
Q8GXB7,1,0.0429259142494524,0.0269188514125732,0.0571870499609014,0.0274791378200003,0.0126009084212456,0.0176203581579118,0.404079617600687,0.10222972900504,0.308958433372188
Q94CC1,1,0.0470416946370487,0.0270533218163291,0.0475654842242135,0.0244057035823203,0.0127148502297599,0.0170564577610846,0.412959103212526,0.0820878090709698,0.329115575465748
Q0WM31,1,0.0457118738283194,0.0295803204153835,0.0656601185073629,0.0314539001026174,0.0139784485020809,0.0194909237767691,0.414249931863972,0.119806911250083,0.260067571753411
Q39043,1,0.0349152684849557,0.0228250514403143,0.0643647505549265,0.0259659776042388,0.0106519566024679,0.0146281589637288,0.461566728984796,0.137913862384606,0.227168244979965
Q96242,1,0.0727567177206471,0.0472963983314386,0.103258489087852,0.0533368815809946,0.02426565857762,0.0316688140275515,0.284584699391159,0.162647989965705,0.220184351317033
Q9FI15,1,0.0253161011420165,0.0167260650490125,0.0462028413678713,0.0199389195923581,0.00788216287102977,0.010942005133768,0.529964719738773,0.0955251225337163,0.247502062571455
A0A384L1A6,1,0.0417218981081526,0.0287252761094654,0.105885261170403,0.0473867431039405,0.0147294383121612,0.0193254410116992,0.322412210577103,0.197906564503917,0.221907167103158
Q9SPG6,1,0.0456813861478934,0.0299375533310555,0.107453043519897,0.0470877027884191,0.0155183104331651,0.0198463999647136,0.306443289651951,0.195014699908569,0.233017614254337
Q9FM65,1,0.0494351719442734,0.0383127849662958,0.1050274327324,0.0478831483602243,0.0192932884911827,0.0264967838709973,0.340957359930768,0.193023361773263,0.179570667930595
Q9LTJ1,1,0.0327319010987821,0.0204784989733573,0.0462643011198306,0.0214098563279735,0.00978385145465275,0.0132267905606201,0.512813836116482,0.0876933333948043,0.255597630953498
Q8LDR0,1,0.0546288170171554,0.0345897991931236,0.0649750665063774,0.0324564381771665,0.0159639191106184,0.0216666114100304,0.398058662774227,0.115046399576868,0.262614286234433
Q9FJG9,1,0.0313081746438636,0.0197660367150334,0.0454312583701488,0.0213976765080167,0.00939642158594731,0.012968629449308,0.467887160772688,0.084124035064345,0.30772060689065
Q94EI5,1,0.060490454303721,0.0331975399168588,0.0570239458265252,0.0290264929694769,0.0153191927934373,0.0203694788055054,0.36014100414265,0.0967177282222377,0.327714163019587
AT5G09595,1,0.0638486020833021,0.0407701708886555,0.10410709370472,0.0512108273422152,0.0200584895351491,0.026764767948579,0.279059915003213,0.171643137370818,0.242536996123348
AT3G01045,1,0.0554300033448429,0.0381610997004297,0.102853042942508,0.0458826584256379,0.0182973131364282,0.02473307126176,0.293750345479687,0.181074668733478,0.239817796975228
Q8L7W7,1,0.0362338144772169,0.0225476880120643,0.0447745194054065,0.0218004021823508,0.0104322326206112,0.014524665962746,0.392806089440496,0.0790924773256756,0.377788110573433
B0FUH5,1,0.0315782791845053,0.020668409542704,0.0451839644912352,0.0217731824937033,0.00972319544854951,0.0134713644202513,0.473549801262987,0.0830876153901589,0.300964187765906
AT3G05932,1,0.0376867838712942,0.0249094004155396,0.0704533058205623,0.032612179253547,0.0127755958583314,0.0165726986137174,0.421968059826709,0.129820048678276,0.253201927662023
Q84JA7,1,0.0843459184689632,0.0519186316610058,0.0967358465071671,0.0502671455314949,0.024395308947093,0.0328881442346889,0.266019085629876,0.152528888687858,0.240901030331852
Q6NME2,1,0.0382289159988737,0.023184378786264,0.0536593785779229,0.0251129388512511,0.0106594185664915,0.0147937242278457,0.386492984440812,0.0999804114795646,0.347887849070975
Q9SFB1,1,0.047598193202186,0.0275044359507945,0.0534163182891804,0.0242563728616203,0.0120554706442471,0.0169048093120261,0.38309293419535,0.0996750427824006,0.335496422762195
Q42112,1,0.0255031345212298,0.0155477127258379,0.0305502936860626,0.0148304368211103,0.00716623853035596,0.00991113603614852,0.514640005355521,0.0561840919218578,0.325666950401876
A0A384KB34,1,0.0307303561964849,0.0205642903968359,0.0801003083267964,0.0344233665476032,0.010930038888002,0.0141651823219866,0.429884148868405,0.159151619816509,0.220050688637377
Q9SF40,1,0.0234487675667537,0.0157084037016933,0.0457013730770788,0.0201152066999197,0.00774892900632413,0.01047657231232,0.565638113830179,0.0927472466973205,0.218415387108411
P51427,1,0.0224321228033358,0.0148227794754183,0.0426366260004548,0.0193173210619661,0.0074044214925585,0.0099480275141616,0.566680177612754,0.0838627260337365,0.232895798005614
Q9LHL8,1,0.0554169674861012,0.0313785913660439,0.0579991962492662,0.0263558078343937,0.0135115259071259,0.0187103459510065,0.3592240376136,0.106808278957649,0.330595248634813
Q9LH52,1,0.0228342371999739,0.0150016379602659,0.0582009718201938,0.0246247528249717,0.00772887243641234,0.0101978272826234,0.495655435902417,0.122083386449268,0.243672878123874
Q8VXU9,1,0.0186942859340545,0.0106243192584971,0.0236697872550595,0.0109924066233397,0.00496102392210358,0.00667421249086999,0.452074780374669,0.0448125875705834,0.427496596570823
Q9LHP2,1,0.0426213409906765,0.0278855013990665,0.0543518103163903,0.0261201142651544,0.0128216745500949,0.017883823362203,0.469630431565647,0.100309984260974,0.248375319289793
Q9LHP1,1,0.019921518680137,0.0120871554280665,0.0282804290089259,0.013413891522354,0.00580641398673528,0.00780312672266626,0.536566088456942,0.0533427576735889,0.322778618520584
Q9LUC2,1,0.030645170799247,0.0194985283100486,0.0420564146438951,0.0197269753192451,0.00911018913523914,0.0125746736079295,0.541315580030789,0.0801892944141998,0.244883173739407
Q9LUN3,1,0.0589444862341769,0.0401424802666097,0.10005925050784,0.0543967224916736,0.0220202813756675,0.0281773435371069,0.297087906684295,0.152582502701228,0.246589026201403
Q9LJL8,1,0.0217974450590135,0.0132910754394589,0.0278347802447584,0.0133582825831044,0.00615422931127185,0.00845381457339997,0.526485156371332,0.0520301610452093,0.330595055372452
Q5YGP8,1,0.0476313705354949,0.0350954713063948,0.100324762037084,0.0509499503682211,0.0183577718045389,0.0250004621123272,0.317894672902024,0.164789542754234,0.239955996179681
Q9LV52,1,0.0496115873099055,0.0295064016982686,0.0691810660082525,0.0310538505333514,0.0136016047641915,0.0184524797353357,0.336657035561266,0.126276190580013,0.325659783809416
A1L4V7,1,0.0450889304722079,0.0283367478077506,0.0559799351192889,0.027552989597836,0.0128341064448978,0.0178736371556184,0.410894365220282,0.101104787101307,0.300334501080811
Q9M1E6,1,0.0477726924992005,0.036209519745857,0.116317121314514,0.0562755058082556,0.0189095301979179,0.025747641392149,0.293163774555352,0.195065452651122,0.210538761835632
Q9SN74,1,0.0475568803950326,0.0281212563995016,0.0531761529327369,0.0237085721903885,0.0120608522132455,0.0169384171628504,0.421600462210736,0.102254997390531,0.294582409104978
Q9M303,1,0.0452306190339709,0.0257008055544617,0.0424735920358698,0.0212198090522958,0.0115012974833726,0.0156491267643545,0.433010153544422,0.0751186657203658,0.330095930810886
A0A384KP76,1,0.0373543554005304,0.02817725865358,0.104500434945357,0.0472822319171268,0.0150405532058129,0.0200221243402925,0.356525828405184,0.194398666713984,0.196698546418132
A0A1I9LSN5,1,0.0356644702364421,0.0249782630296479,0.0842576938398519,0.0358867061141787,0.0125890503568381,0.0170048719849404,0.41048028351632,0.17016575222844,0.20897290869334
Q945M8,1,0.0336338210522857,0.0213057413812703,0.0417989344519314,0.019872593598624,0.00953814834595008,0.0134884406267256,0.492690643949528,0.0782995495364218,0.289372127057263
Q93Z04,1,0.0391001692708369,0.0230482389893019,0.0390550802348689,0.0199976438662889,0.0106182255178793,0.0145841084821717,0.423698519707649,0.0677119056615556,0.362186108269448
Q9M053,1,0.0414665858212017,0.0264393973056396,0.0533013354937252,0.026335689546693,0.0124132196726642,0.017233038522956,0.387265767056504,0.0925399766236502,0.343004989956966
Q9LYK9,1,0.03283920400316,0.0214076080419352,0.0457160022069601,0.0217925081803141,0.00999252667629213,0.013929871445833,0.495224542532089,0.0851508664784097,0.273946870435007
AT3G56408,1,0.0183621523167648,0.0114042410788834,0.026187554637074,0.0122228076845444,0.00533731342473076,0.00733091591913773,0.578675039562222,0.0503607181234527,0.29011925725319
Q9LXT5,1,0.037428582470875,0.026751538412204,0.074380468218223,0.0331204738534344,0.0131355093616103,0.0181329316010738,0.430320014677757,0.143913883815799,0.222816597589023
Q6NMD6,1,0.0833769555492522,0.0488440803992239,0.0907294536294029,0.0502418522955821,0.0249553411044037,0.0319334882424365,0.272806435955763,0.136535258324907,0.260577134499028
A0A384LG12,1,0.0397716893726134,0.0285343847949234,0.0904921549896432,0.0399091399774726,0.0146485457670778,0.0196226388534425,0.394385121995347,0.173751595473905,0.198884728775575
F4IM67,1,0.0443890730311983,0.0282475548486571,0.0562400477671423,0.0286380336967113,0.0134258111654636,0.0180571881495603,0.404741419917546,0.0979610745931618,0.308299796830559
Q9C5S0,1,0.0307841122534452,0.0185651245542997,0.0421903761352522,0.0187574238015938,0.00856759164131113,0.0117368501988979,0.487703345215589,0.0822220519542426,0.299473124245369
Q8RWG5,1,0.0517705196083527,0.0363521686151329,0.117008622106006,0.0562715379964976,0.0196992022981365,0.0259348842769531,0.294360574795815,0.192035358006034,0.206567132297072
Q9SLL7,1,0.031185604928442,0.0188770884527043,0.0349429990843143,0.0174252403028822,0.00869408165937442,0.012053531814507,0.41489802745219,0.0617011237516447,0.400222302553941
Q7X8U5,1,0.0643568339036831,0.0379960038481903,0.092073442027716,0.0440845054503533,0.0185667867418414,0.0243417940856681,0.284191321406963,0.153240478755984,0.281148833779601
Q9ZUY1,1,0.0431078577151054,0.0285292757325085,0.0735216159324757,0.0299638881355445,0.0128747388409834,0.0180105039018145,0.405372861654227,0.153231471091584,0.235387786995756
Q9ZV35,1,0.0320761263321365,0.0219383198046429,0.0753826296249757,0.0345089585539626,0.011295628158576,0.0149470847905847,0.425269059646018,0.145692709611109,0.238889483477994
F4IPU5,1,0.0597003850746941,0.0425339012313351,0.113515468825964,0.0556988390542015,0.0213663033909052,0.0283306047852718,0.280118808858839,0.185912770165383,0.212822918613407
AT2G30945,1,0.0638256551216117,0.0414483421056863,0.0877767929189504,0.0419789491111608,0.0195146291500832,0.0265309190020558,0.337173875970334,0.154067308590136,0.227683528029982
Q5PNU4,1,0.0441582197329532,0.0308811770929415,0.0966048886648501,0.0433889967092993,0.016033774019554,0.0211320459668623,0.373757153335357,0.183590816246976,0.190452928231206
Q0WT19,1,0.0390260403241331,0.0251622587235821,0.076684711380989,0.034621005731235,0.012336449294101,0.0166276563366708,0.339675020059457,0.141081538733873,0.314785319415958
F4IIZ8,1,0.0419651952538746,0.0301822453601117,0.0754645635246298,0.0345363000698108,0.0146751982657677,0.020157947326192,0.430352685574856,0.143394594818388,0.209271269806369
AT2G45023,1,0.0561781795628834,0.0299162191537919,0.0466450544183445,0.0237595661958319,0.0134174061960256,0.0182629172042135,0.380595325141535,0.0798825756403067,0.351342756487067
O22141,1,0.0140462445839454,0.0081920005545296,0.018972162680549,0.00878414532686112,0.00383069216259784,0.00519142768222375,0.460500069959381,0.0362155082540545,0.444267748795858
AT2G45315,1,0.0479943592370922,0.0283393776899336,0.0603352960650232,0.0263445177971003,0.0123803920325961,0.0172480210029954,0.396116739600389,0.118065783509958,0.293175513064912
O64647,1,0.0502905862921521,0.0304895487302128,0.0778841515373485,0.034020550824384,0.0143420380942381,0.0192959084469354,0.338566738789354,0.144735532147909,0.290374945137466
Q94F57,1,0.0390658053167321,0.0235604221834891,0.0629514526522508,0.0296987082513797,0.0118394249806316,0.0155557070247367,0.385322644867214,0.113236298767118,0.318769535956449
O82266,1,0.0352951805347595,0.0237557695385728,0.0692608765967555,0.0337602671511049,0.0123418463706871,0.0162215938856623,0.386226043059887,0.12062346051495,0.302514962347621
O81312,1,0.0529851027748331,0.0308519213311442,0.0664055660099504,0.0311787187768419,0.0146076078493418,0.0194702913754583,0.345757329767078,0.116140868447192,0.32260259366816
O04253,1,0.0535536938729649,0.0334500754563876,0.073182599946037,0.0352249098078756,0.0163437500815879,0.0219068845623073,0.383383381235539,0.128524421862432,0.254430283174868
ENSRNA049493837,1,0.0413489888169508,0.028837671222372,0.0977870648037272,0.037805074728105,0.0136431652802122,0.0190351328164295,0.343500255004863,0.212118283135354,0.205924364191985
Q9ZNS2,1,0.0516742334216564,0.0382420291844952,0.100394522125862,0.044306682864141,0.0182240791014089,0.0253616871066021,0.345314577310731,0.193083483353052,0.183398705532052
Q9ZQC0,1,0.0362422675861132,0.0255591197975011,0.0907074969012689,0.0339634868441558,0.0122258215570084,0.0169456308651783,0.383439183644366,0.211101146364635,0.189815846439773
Q8VYF1,1,0.0327307293811255,0.0197724135995169,0.0354472425835394,0.0176222112998917,0.00890558378183052,0.0125264532158717,0.430231886914988,0.0631690057748072,0.379594473448429
Q9SUN5,1,0.0266116393357672,0.018091324556654,0.054952674441036,0.0228109750190297,0.00874739546754115,0.0120022966019042,0.530940728153586,0.117926171053349,0.207916795371133
Q9STE1,1,0.0268395682669145,0.0172972061235829,0.0435236534070603,0.0197644219286254,0.00822995764483423,0.0113185875358716,0.532087935337476,0.0856722443215826,0.255266425434053
Q84JR3,1,0.0309603583337523,0.0184133251539015,0.0336990500999644,0.016549272771375,0.00829753197573985,0.011533752559691,0.474544755432718,0.0612530005301157,0.344748953142742
Q9SUC9,1,0.0311520949308508,0.0209332052521116,0.083309160711388,0.0380388012539577,0.011396076304762,0.0145647504403341,0.388117127948619,0.152895921734082,0.259592861423895
Q9SZD0,1,0.0139413765897121,0.00849607365106824,0.0204293608465921,0.00926600159126609,0.0039990249775089,0.00546156979538326,0.649798536777027,0.0404538753687441,0.248154180402698
Q9SU82,1,0.0380573383342804,0.0284075505341368,0.0977663846594018,0.0405059373999582,0.0144688302566495,0.0196318137847187,0.37576768332367,0.197888886736392,0.187505574970792
Q9S7B5,1,0.0256342919682449,0.015487974439393,0.0344887780769096,0.0168678863213967,0.00753096030322041,0.0100530727724688,0.466236594871966,0.0623365034485864,0.361363937797815
Q84JV3,1,0.0340416798109646,0.0230474947775018,0.0965956339606025,0.0368626661533085,0.011781056053732,0.015702333834022,0.371633931038194,0.213165588448446,0.197169615923228
O65507,1,0.0170913377240338,0.0105379782382354,0.0293420573649517,0.0129493300152959,0.00507908429358904,0.0068108545111416,0.568469653173043,0.0593518476845299,0.29036785699518
Q9T072,1,0.0532743231371791,0.035251486185982,0.107749491132581,0.0482845575369556,0.0176144231583102,0.0228862978441762,0.293210792142514,0.192698410833945,0.229030218028356
F4JUI3,1,0.040865025419165,0.0291472694167265,0.0920003437869953,0.0401277656418818,0.0149588891176937,0.019855615756776,0.398483081831428,0.181781767460812,0.182780241568522
C0SVM5,1,0.0634335315931435,0.0362708704316796,0.0549954153538405,0.0287203767729893,0.0160062177524171,0.0218908899228493,0.361333804617224,0.0933308041726739,0.324018089383183
ENSRNA049495564,1,0.02869032264893,0.020837754838945,0.0923048097419539,0.0382495352177182,0.0109565610236309,0.014622825180764,0.400869952591147,0.193342480645083,0.200125758111828
Q6R0H1,1,0.067661625911266,0.035225510339661,0.0523901773806379,0.0276794459593105,0.0159450862423422,0.0212639457725237,0.33330682067769,0.086158303651827,0.360369084064742
O23702,1,0.0238674572109002,0.0121434895788319,0.0171890844789938,0.00904092090099313,0.00527010434194244,0.00730290826322442,0.200934751741193,0.0288963295175458,0.695354953966375
Q9ZVS5,1,0.0554372718235806,0.0298572012824047,0.0437899565285705,0.023251355372471,0.0136464734997182,0.018386170584094,0.317837273589563,0.0714922598042921,0.426302037515306
Q43383,1,0.0755365292599636,0.0456001857865617,0.0870396499598539,0.0502160152944816,0.0246684044705917,0.0306113435855408,0.278666767899158,0.127648303609619,0.280012800134231
Q9MA40,1,0.0215334000409856,0.0118445484522267,0.0205262195495047,0.0101684399910561,0.00528706430482509,0.00731101103114237,0.355888654136083,0.0365862529103553,0.530854409583821
A0A1P8APT0,1,0.0897502637085371,0.044828757038757,0.0614762482942606,0.033784546430503,0.0197263249992518,0.0267954319012796,0.244135778865926,0.09421659075628,0.385286058005205
Q8GTY0,1,0.0531529304790764,0.025588948213774,0.0315283204682301,0.0178040147911482,0.0113364900011787,0.0155136539361383,0.215433102769711,0.0490264220672199,0.580616117273523
Q8GTY01,1,0.0136683229965065,0.00749406313915779,0.0135905615464199,0.00660237312089743,0.00334012391264283,0.00462617695297122,0.271305037015587,0.0246429477384387,0.654730393577378
Q8GTY02,1,0.0641867325123872,0.0308867489847741,0.0373124673201458,0.02152304490618,0.0138405647923131,0.0188147838570886,0.221040644050576,0.0568430469919273,0.535551966584608
Q9LN10,1,0.0260782276695973,0.0145469552710113,0.0241283181266065,0.0122236774921909,0.0065098362954863,0.00904443236330199,0.320827321109057,0.0419698427317058,0.544671388941043
Q8VZP4,1,0.0542163494076073,0.0261361541398123,0.0317152280178122,0.0175114801035858,0.0109940672783154,0.0154332967480016,0.219764022535253,0.0504524815955124,0.5737769201741
F4HW17,1,0.0700101684847037,0.0323304442547579,0.0405727622814028,0.0217505083748902,0.0135499879222207,0.0187379966850336,0.241182341669289,0.0649969673631121,0.49686882296459
Q38858,1,0.0178470072274802,0.00974461270385564,0.0162114438044446,0.00827427809239479,0.00436883447788731,0.00601077346621359,0.23530848157539,0.0280361768834261,0.674198391768908
Q500V5,1,0.0427475939698651,0.0241244068744106,0.0435262777923409,0.0220354314511263,0.0110368863348996,0.0149473720655708,0.336797697805312,0.0748917076926165,0.429892626013858
Q9SY69,1,0.0639760422390592,0.0332132150029553,0.0419259852763117,0.0239135507903021,0.0148242287152246,0.0205581161709153,0.237530462030945,0.0642053002793664,0.49985309949492
A0A178WB92,1,0.0621756775552114,0.0307201851109519,0.0445578738963571,0.0244163826442764,0.0138927524954914,0.0187849465458223,0.244637516447687,0.0698260257835568,0.490988639520645
Q9SXA8,1,0.0582366026201416,0.0306523443381528,0.0450375560314495,0.0238870197605377,0.0136391363574543,0.0186817470278207,0.275166777714922,0.0724675186527416,0.46223129749678
Q9SAA9,1,0.0194204792449799,0.0099581948907102,0.0146147555555481,0.00734893729422273,0.0042052592504239,0.00592032318797854,0.207855318068484,0.0255126766549976,0.705164055852655
P60838,1,0.0288874408855646,0.0158153536814103,0.0289851330356174,0.014579420573908,0.00723755591939281,0.00978915919822355,0.323987410256817,0.0504684941695222,0.520250032279544
Q9LPV8,1,0.0464315490584875,0.0236108391671532,0.0295993777293147,0.0164145910735229,0.0102681048333239,0.0143054877382534,0.231349021379817,0.047098465952927,0.5809225630672
Q9LMX5,1,0.0724008456776518,0.0350324694729992,0.0435227519949642,0.0240068032504585,0.0149265430441016,0.0207249891514327,0.230384736683774,0.0677735110579774,0.49122734966664
Q9SEE9,1,0.0198350989437405,0.0105792055319744,0.0178323888054694,0.00861229536596106,0.00460710061335768,0.00638506180629446,0.381359618666396,0.0326866860965787,0.518102544170228
A0A384KXN9,1,0.0377006904957628,0.0214391416303945,0.0345568158911405,0.0181548732117207,0.00960204089922717,0.0133953558395284,0.290937878429509,0.0576041321538793,0.516609071448838
O24456,1,0.0263627634864351,0.0151628132840008,0.0263396945964668,0.0134239961960362,0.00693069586821361,0.00957578040120439,0.365219440662986,0.0458223780330682,0.491162437471588
B3H5A8,1,0.06205744747686,0.0359265594884498,0.0564597812173972,0.0318754512771129,0.0175966909263392,0.0229691293305174,0.310267200517056,0.0879640042988167,0.374883735467451
Q8L5Y2,1,0.0348182861024836,0.0217357867916396,0.0478793438472023,0.024233016849634,0.0104519446406388,0.0141744086639948,0.337519826752458,0.0818437544294077,0.427343631922541
Q39227,1,0.0689488253050478,0.0366639790607041,0.0533104140786748,0.0294946567013805,0.0175374867023532,0.0232019098152259,0.308379224067003,0.0835606353530839,0.378902868916527
Q84P25,1,0.0472554088814415,0.0284052565580929,0.0500530128222919,0.0257284650084185,0.0128480598077926,0.0177408884604072,0.322201989666805,0.0842750140612701,0.41149190473348
Q9LM15,1,0.070385956350656,0.0345659738054247,0.045102515596495,0.0250113855385533,0.0155135504377268,0.0206897466678852,0.276763614066538,0.0709543508803081,0.441012906656413
O23119,1,0.0741110933060462,0.0368359342416894,0.0534021301051511,0.0292002561293502,0.0167807371700446,0.0222020563549847,0.253442597615178,0.0830756492821649,0.430949545795391
F4I4Q3,1,0.0361991987240926,0.022110763272184,0.043452290531678,0.0221464858969502,0.0104325203422565,0.0144656635212939,0.367269623361485,0.074496525334675,0.409426929015385
Q9LRA9,1,0.032219875123211,0.0184548429958785,0.0335841196260694,0.0174280279864289,0.00847420914438978,0.0115954244432756,0.308360200786187,0.0571501391334656,0.512733160761094
Q9S709,1,0.0367225240626981,0.0185000846018524,0.0274276922846545,0.0148822706723372,0.00844383777422433,0.0113329425777434,0.236940908612153,0.0445611266598992,0.601188612754438
Q6NNH5,1,0.0877623399333155,0.0445175594754671,0.0643491839716299,0.0322158091321804,0.018533258527483,0.0254954103467022,0.280015582370414,0.106586565254462,0.340524290988347
F4HRC1,1,0.0342222385077184,0.0176482727366941,0.0243791387826128,0.0129780937929489,0.00761511047023752,0.0107027879045995,0.226641708445299,0.0402607333313859,0.625551916028504
Q9C7Y9,1,0.0227555396122568,0.0119867240093296,0.0195726120274577,0.00957483498449001,0.00518192804219102,0.00720801642111121,0.288169555557059,0.0349051288826595,0.600645660463445
Q9C5W0,1,0.0941208209059987,0.0444140907216431,0.0562308227223609,0.0298652382222607,0.0185814171501704,0.0251874282731326,0.270796310058,0.0903890589487911,0.370414812997643
AT1G51645,1,0.034714751284564,0.0209611759305324,0.0518416981921986,0.0257617782304686,0.0102545053833288,0.0136626220197152,0.349622936768638,0.0902958211028421,0.402884711087712
O80397,1,0.0796335370175461,0.0382090122150285,0.04645394984368,0.0261041055981684,0.0164704230339182,0.022625203315529,0.229782703924484,0.0711062003174959,0.46961486473415
Q9SGT0,1,0.0678358080462356,0.0324765667669543,0.0384322566985929,0.0220365302522773,0.0143387021380611,0.0195167385650362,0.217612286594016,0.0584895037868809,0.529261607151946
O64789,1,0.0593363487039183,0.0300011936962336,0.0422630529688926,0.0219423270831378,0.0130304834680712,0.0178954474679869,0.356315072304785,0.071549854199654,0.387666220107321
Q9SYA9,1,0.059357359155347,0.028009123187715,0.0336996267628381,0.0186117036518523,0.0117976430824502,0.0165004745418118,0.215213952936658,0.0531860863335018,0.563624030347826
Q0WQM3,1,0.0150755780403907,0.00804926131034135,0.0149327266864202,0.00737862674648746,0.00363135651363315,0.00495729613952968,0.213740048754263,0.0265903495343859,0.705644756274548
Q8LPN5,1,0.0269263485429128,0.0157649001271494,0.0294121144274032,0.0143772684413403,0.00706677173886447,0.00985657969772043,0.391257414166002,0.0532512637892439,0.452087339069364
A0A1P8AMT8,1,0.0199076633996448,0.0108186399849342,0.0177403055262065,0.00903014341672195,0.00483547342509413,0.00665320070419413,0.255785276214193,0.0307644644598258,0.644464832869185
Q9C9V8,1,0.0633858326364022,0.0370864995347866,0.0752079735017963,0.0354050971668204,0.0167114208931744,0.0227550339011767,0.30503213942313,0.130246810749658,0.314169192193056
Q9SSK4,1,0.0443002736965725,0.0230650941839061,0.0341069072924633,0.0190369151652068,0.0106498253491372,0.014378057401046,0.225845168877225,0.0535200988002511,0.575097659234192
Q8GZA6,1,0.0370929574195952,0.020184382335075,0.0299970482283269,0.0157699337945228,0.00893914266384268,0.0123755527114739,0.278620190335883,0.0497854862861577,0.547235306225123
Q38820,1,0.0309685856293374,0.0148492363165699,0.0197753588596985,0.0103897741318583,0.0062639390277821,0.00876465595248734,0.180102318062423,0.0327457623143089,0.696140369705534
AT1G72855,1,0.0613964519936308,0.0341710125639327,0.06224444164742,0.0305903996416164,0.0154681625399363,0.0208814698921134,0.30389444355778,0.10529243160487,0.366061186558701
Q9C9C5,1,0.0248356048427004,0.0143696763324141,0.0256534600304095,0.0129794588726925,0.00656330160331782,0.00908670910581706,0.372337028895668,0.0450354307684249,0.489139329548556
B8XCH5,1,0.0305546805055055,0.0168664026497537,0.0279404836047804,0.0142332010091072,0.00751560826128867,0.0105189069902086,0.342676413843874,0.0485279379394209,0.501166365196061
Q9SSG2,1,0.0816898937534687,0.0452914190999014,0.0765758010166976,0.0359674832847869,0.0190275388088037,0.0265881474222901,0.290160727834178,0.131941656832492,0.292757331947382
A0A178WKW6,1,0.0933649499817382,0.0489070908465381,0.0754631303245707,0.0378565916768494,0.0214902820139533,0.0287987007935775,0.27559655576492,0.122344797804198,0.296177900793655
Q94JS4,1,0.069200074667811,0.0353202478971461,0.0530796493868417,0.0273527848974709,0.0159083598877812,0.0212032608536814,0.299768336914879,0.0866891260181144,0.391478159476275
Q9S842,1,0.0477370072175531,0.0240202884260496,0.0307907404077349,0.0168769973737669,0.0103373296569051,0.0144766573415799,0.239885493320698,0.0494777036868312,0.566397782568881
A0A178WLC0,1,0.0543034797704583,0.0288724318950385,0.0407989433441995,0.0228625243752465,0.0131268477069672,0.0178110096907468,0.23970378262142,0.0633573106634042,0.519163669932519
Q94JT6,1,0.0596439539016251,0.0295254113094521,0.04004193371064,0.0222724216519637,0.0133469733816007,0.0178352994671847,0.236549139028097,0.0622617141322936,0.518523153417143
F4IA48,1,0.0336828987632329,0.0162212945751952,0.0218204985608999,0.0113988739028766,0.00682729234122294,0.00954649292667577,0.191242080556522,0.0362192628280448,0.67304130554533
AT1G78265,1,0.0429359065243828,0.0219971714215615,0.0316716010850728,0.0166159752291641,0.00953919706724797,0.0131723729422733,0.309465136596885,0.0536398607901974,0.500962778343215
Q8GXZ3,1,0.0459679029481307,0.0233136794266556,0.0316341601277463,0.0173086407882931,0.0103186190614318,0.0142825632322354,0.254534635233143,0.0509892124377565,0.551650586744608
Q9LFC0,1,0.0328988924765314,0.0158357720819658,0.0207254527825141,0.0110243094150866,0.00673472270371335,0.00939323488215296,0.199216839458964,0.0342475220640669,0.669923254135005
AT5G01175,1,0.0653247767875331,0.0359973925094019,0.0615655179870901,0.0312901826473703,0.0161576223593237,0.0220301076258254,0.312457005401354,0.103231070417111,0.35194632426499
Q9M038,1,0.0638317955733311,0.0293525341807043,0.0368080529490071,0.0200932103273971,0.012501050683434,0.0172722698314403,0.221492313770702,0.0581010875436634,0.540547685140321
Q9LYW5,1,0.053077305896792,0.0248262715028918,0.0306144776519066,0.0166285117741487,0.0104192111223704,0.0144703949631459,0.217882136815295,0.0492288693261398,0.58285282094731
F4JW83,1,0.0514610677890929,0.028873776169235,0.0621959024972638,0.0288221328011337,0.0131464608918744,0.0178455221869847,0.325301279640512,0.11109007159159,0.361263786432313
Q9FFG6,1,0.0473600006885143,0.025408786124529,0.0496057195084335,0.0251856988097614,0.0119542620552074,0.0159208188075623,0.293647295895502,0.0830330408636629,0.447884377246827
Q9FT62,1,0.0680583171666701,0.0374779667334532,0.0580386659510764,0.0323932989734494,0.018192253315146,0.0236277697939469,0.302770239968317,0.0906737820502303,0.368767706047711
P59169,1,0.0529501088943358,0.0266252434588815,0.0385183073467183,0.019407406702115,0.0114285659221942,0.0157120270975614,0.295220937845486,0.0650740475598276,0.47506335517288
Q9LFN1,1,0.0771905225061038,0.04469933694719,0.0761308311261219,0.0411406610373704,0.0209319436670108,0.0277121097878956,0.295294206925531,0.12093524020431,0.295965147798467
Q9FMQ1,1,0.0352550244118725,0.0175492482251978,0.0250229429984742,0.0134333398703268,0.00772944051566996,0.0106611894606528,0.219509694808074,0.0409113316087161,0.629927788101016
A0A1P8BCQ2,1,0.0240414090456474,0.0135631360811468,0.0260508102989173,0.0134713784834699,0.00638743813606177,0.00857861152189534,0.264315048664003,0.0442351587849091,0.599357008983949
Q9FFX5,1,0.0663283504114151,0.0328771256907895,0.0506814647993403,0.0249752360189656,0.0142421962747568,0.0193800127249403,0.31804298944226,0.0867007462362072,0.386771878401325
Q9LYJ1,1,0.0164973413102487,0.00881840383231019,0.015167388288498,0.00728774070986318,0.0038410901122666,0.00533571615241251,0.36642246303347,0.0279866310938077,0.548643225467123
A0A178UC64,1,0.0599340831741263,0.0308196281195523,0.0398238200002179,0.0228992240266805,0.0140402319197175,0.0191397548384316,0.234965965331331,0.0609367831095834,0.51744050948036
Q8VZN3,1,0.0351553824910709,0.0187807285783552,0.0324736780460173,0.0166283846130019,0.00845048326945779,0.0115209678475413,0.271075107047519,0.0550888975139772,0.55082637059306
Q3E9F5,1,0.0607568163891266,0.0359355652836315,0.0578090922347049,0.0322409505391814,0.0168755488472823,0.0229677848286094,0.265631519829,0.0888095927352662,0.418973129313198
F4JZM3,1,0.0295579476327477,0.0141688139557667,0.0189157393653325,0.0100203054319582,0.00602254998593791,0.00834409184179084,0.184642260716577,0.0313924975418845,0.696935793528005
A0A178UIX0,1,0.0343632662312155,0.0182246522277592,0.0309224545942982,0.0162787821386461,0.0083121762763316,0.0113216084906439,0.239056496623339,0.0510460096361427,0.590474553781624
A0A178UID4,1,0.0596353394066758,0.0355918873777482,0.0649414794865171,0.0355820377502746,0.0170436322260226,0.0231921016833791,0.275995246670899,0.100712978130528,0.387305297267955
Q8RY12,1,0.0213086666150908,0.0115365536666529,0.0190681010230759,0.00991621904949864,0.00522774979587484,0.00719035421895998,0.214117254071489,0.0321580741764378,0.67947702738292
Q0WNZ5,1,0.0527595744797777,0.0263964178025415,0.0373478958027497,0.0192595660650064,0.0115655356613477,0.0158185107449411,0.343999571906917,0.0632039731378628,0.429648954398856
Q9FHL2,1,0.0410120386165799,0.0201714474132979,0.0272790394692828,0.0148287866623561,0.00889813039984938,0.0122443511805484,0.240664244259279,0.04431667739711,0.590585284601697
Q9LKR3,1,0.0454900546923807,0.0243494309608981,0.0400836099320949,0.0191804019968003,0.0103407044120015,0.0145325109509997,0.327259296670673,0.0711016026249761,0.447662387759176
Q9FG65,1,0.0941340733984444,0.0501354188967051,0.0713841121900498,0.0424106416128043,0.0253000714676146,0.0320667144916544,0.255466704345745,0.103593121014847,0.325509142582135
A0A178UM22,1,0.0311533636650705,0.0163251830104443,0.0237489602907818,0.012098993179759,0.00693724159341749,0.00982927520268276,0.288805384176802,0.0411004312558065,0.570001167625236
Q42606,1,0.0725146231224084,0.0353883632360367,0.0463443150455765,0.0263200186886984,0.016028713390742,0.0218529628775847,0.24364547306598,0.0708879106269834,0.46701761994599
Q9FMY5,1,0.0322822469665676,0.0161651778412239,0.0221173133414988,0.0118965810411969,0.0071013043514323,0.00982065908735983,0.225956211351946,0.0363595016816163,0.638301004337158
Q0WSX8,1,0.0563986982700413,0.0289371081326332,0.0399425516291022,0.022619148326439,0.0133775713677347,0.0177319982727848,0.244232677163667,0.0618262881419398,0.514933958695658
