ID,Cluster,#1,#2,#3,#4,#5,#6,#7,#8,#9
Q0WV96,1,0.0445148933876811,0.0222924689280333,0.0259317458972076,0.0153275979139572,0.660247172649083,0.0442963026705537,0.0414461240228047,0.112403954772828,0.0335397397578507
Q5PP28,1,0.039736626892254,0.0244981103850857,0.0276648442743347,0.0177362794669883,0.451997290840861,0.0383486926240211,0.0387995598959845,0.298080569954817,0.0631380256656545
Q84TF4,1,0.061658764357732,0.0424054142891726,0.0464915832004969,0.0328740103506907,0.310946967110996,0.0599760788035723,0.0603655338336902,0.257115273334562,0.128166374719087
Q5XF24,1,0.111353275655658,0.036496470347164,0.0428369201921989,0.0252808779502959,0.446598528225576,0.131188831058353,0.0856466034277311,0.0823996938048544,0.0381987993381676
A0A178W6Z0,1,0.105518550981861,0.0339393647481436,0.0400993669203166,0.0232296583735946,0.473308067056227,0.126825105795344,0.0810408075498753,0.0814860374724253,0.0345530411022127
F4HW02,1,0.0694454586703577,0.0319990599123113,0.0374397820748364,0.02177184425317,0.502769114731726,0.0695165738977842,0.0638168194803389,0.159278896736676,0.0439624502427995
F4I0Z0,1,0.108490274746065,0.0443269260288348,0.0518407931709834,0.0304299366107751,0.384452515221591,0.11318052094421,0.0943217326013682,0.123642276925697,0.0493150237504759
A0A1P8AR16,1,0.0872783435351716,0.0433974058562043,0.0507618208953926,0.0294205619337734,0.370850489732642,0.0850550507037894,0.0826871668040024,0.193582803640683,0.0569663568983415
Q9SXB8,1,0.0748963940798719,0.0399608473779733,0.0460278493020627,0.0278535655249686,0.375071343838482,0.0723106062964178,0.0723568561019932,0.229743431822438,0.0617791056557921
Q8W4Q3,1,0.0441808719487194,0.0176498703778751,0.0206928252797248,0.0120897837403676,0.73831087839983,0.0464780142882445,0.0378470128698865,0.0603730683281324,0.0223776747672193
P0C941,1,0.0784614640480771,0.0310939395081654,0.0359001901530584,0.022085235814923,0.527376437050486,0.0867457031326589,0.0649104005802899,0.109512174614236,0.0439144550981054
A0A178WBQ2,1,0.0527810574721509,0.027660071173358,0.0315232364315799,0.0200305666933279,0.549017844941036,0.0549926897125162,0.0478333264426789,0.162924794059597,0.0532364130737554
AT1G19968,1,0.0954250054555665,0.0514533102972025,0.0588023118382406,0.0368862987826308,0.310364577049511,0.0961470994679463,0.0883660638574069,0.18575414259742,0.0768011906540755
Q9SDQ3,1,0.0752333427077276,0.0299717247868574,0.0349161218761825,0.0207123965655779,0.565983155957054,0.0771830156540526,0.0646936145589288,0.0927818377512803,0.0385247901423389
Q9FRI1,1,0.0922118666217726,0.0349500779888593,0.041528204772794,0.0233819462057303,0.480156643244483,0.097523978005882,0.0779661470582929,0.1119163688628,0.0403647672393858
Q9C6K9,1,0.108508948876879,0.0407773763531357,0.047704183540737,0.0281099373696978,0.429525773056975,0.114986414912263,0.0897135993651203,0.0949844206144867,0.0456893459107055
Q8VWF5,1,0.0753741268790666,0.0279522556010951,0.0327210557808846,0.0192660838287852,0.589619409614476,0.0815945690331738,0.0620095848282916,0.0779725674089685,0.0334903470252587
Q6NQ80,1,0.0988048447188601,0.0419808452618766,0.0488373329401728,0.0291054622773513,0.40629625332622,0.103317637729201,0.0867968181010825,0.13472782704374,0.050132978601495
Q9C6Y8,1,0.0636137348463975,0.040003969849681,0.044758554239337,0.029528636584561,0.305246799649924,0.0612181125634339,0.0623793298792777,0.29776481136781,0.0954860510195775
A0A1P8ARP7,1,0.0538087783466985,0.0319774246411929,0.0363589539259589,0.0229084931892016,0.368997876244934,0.0524159656159251,0.0523907237146386,0.315155496813624,0.0659862875078269
A0A384KU91,1,0.123586967847747,0.0396822168417411,0.0470969153690987,0.0267761910869422,0.401622354863964,0.138387641537712,0.0967532192609584,0.0871239531791515,0.0389705400126848
Q9XIA9,1,0.0589154598720665,0.0339219058722502,0.0383985039092566,0.0246721204402974,0.419571545500339,0.059299343358189,0.055602028089756,0.239718786567199,0.0699003063906464
Q9SLK6,1,0.10477357959671,0.0536708519214898,0.0607248716064032,0.0390568235958654,0.290904927431229,0.106307567436057,0.0956313673032782,0.17137588293826,0.0775541281707064
Q6NM31,1,0.0577474802985748,0.0320330078476481,0.0366944682420594,0.0227056364234804,0.480992393237496,0.0575710797581667,0.0544690792619174,0.199255122749489,0.0585317321811686
Q94F37,1,0.0614679218855739,0.0295130087292707,0.0342861062724614,0.0203924208244386,0.555937894615708,0.0607481370572167,0.0563631940562739,0.135106080902792,0.0461852356562648
Q9C9V5,1,0.119802898662518,0.0402095160178918,0.0467549045574263,0.0284050524504768,0.392686644895741,0.142869090714617,0.0918827728117757,0.0930535940136514,0.0443355258759024
Q9C9L7,1,0.104048044759268,0.0417393489228347,0.0481712094413171,0.0293962142298406,0.398535045421428,0.107208459247093,0.089125146540648,0.126631968444574,0.0551445629929963
Q9CAL2,1,0.0671516174880393,0.029935270034235,0.0345618540256206,0.021138235940705,0.575543277740978,0.0698184363599529,0.0585068603202718,0.100035195505664,0.0433092525845335
Q949X9,1,0.0529001156050582,0.0273863027237541,0.0309590323033099,0.0200117964826932,0.540467157987199,0.0531224291979087,0.0483496844598314,0.166147176277306,0.0606563049629393
Q9C9H5,1,0.0753258325272468,0.0381157794158391,0.0437020897990515,0.0270830288831813,0.446894803177994,0.0756139648721098,0.0690747708873079,0.161890297316704,0.062299433120565
Q9CAR0,1,0.0364801116510682,0.0193542765857571,0.0219535839002529,0.0139873139829159,0.616806016558041,0.0363782913227079,0.0338535967810194,0.175689807195414,0.0454970020228233
Q9ZRW8,1,0.0479201375234285,0.0210164088494193,0.0243626759515339,0.0147237243252713,0.666347818818499,0.0509113683164494,0.0418241398347236,0.101204435454431,0.0316892909262442
Q6R0A6,1,0.0873905928768439,0.0363009013893996,0.0430025451064606,0.0242893172385483,0.462347930922754,0.0880165108660254,0.0779291007709606,0.136811222694517,0.0439118781344907
Q39101,1,0.0701965289389343,0.0410097816981381,0.0459765266784682,0.0301518802521814,0.306588164098469,0.0680678052337878,0.0676467559372894,0.281201869800553,0.0891606873621794
A0A1P8BGL4,1,0.0781195669702042,0.0267612004852576,0.0316844501158238,0.0180655086834889,0.586241465707204,0.0864501965234287,0.063395795835118,0.0797679319704496,0.0295138837090253
Q9LZ06,1,0.134135911996271,0.0429084915539699,0.0500786576518483,0.0300690936064394,0.345764672286838,0.163105954043821,0.101513451011301,0.0896346460787645,0.0427891217707467
Q9LZD8,1,0.070155309504015,0.0286263693320318,0.0330286990158524,0.0202384885532206,0.572968880153181,0.0754332954106318,0.0595748821674524,0.100560909458449,0.0394131664051662
Q9LZS1,1,0.10855975164402,0.0373474385315928,0.0436010314212884,0.0260681619285568,0.444370375598356,0.123572803635518,0.0856255729847732,0.0895803499568694,0.041274514299026
Q7XA06,1,0.0445362805889609,0.020284060916235,0.0234382802632007,0.0143035891426637,0.66927702331436,0.0468858964894104,0.0391382348216288,0.108523894587398,0.0336127398761429
Q42527,1,0.108440750905462,0.041002051877022,0.0485424762599284,0.0276202813500244,0.429251980589653,0.115029813137184,0.0912386511805272,0.0969766381983014,0.0418973565018978
Q9FIA0,1,0.112073512691231,0.0383176186262621,0.0446765775484618,0.0268743346639781,0.425213026610455,0.130296307245232,0.0875916856544366,0.0924525062861744,0.0425044306737691
Q93YS4,1,0.0774811416224357,0.0400718976565432,0.0452607806820733,0.0292301070312087,0.433276736525891,0.0767677973369084,0.0715471402163449,0.156661108980256,0.0697032899483384
Q9FTA0,1,0.0744332840872831,0.041541186398217,0.0468400712409656,0.0301631438346324,0.308790049874101,0.0717135368039705,0.0714908326385769,0.270874225879892,0.0841536692423617
Q9LEV6,1,0.123044125668566,0.0411223899866043,0.0483602230498504,0.0284083888965766,0.389558277839975,0.147101225453643,0.0944301162630406,0.0866880268926727,0.0412872259490715
P46644,1,0.0755212335574306,0.0270924240919245,0.0319445619211641,0.0184726313943411,0.597072929709697,0.0840107815381211,0.0611513125342941,0.0740726594044492,0.0306614658485783
Q94BZ1,1,0.0560812618743904,0.0296022573422982,0.0339499730624701,0.0209240306296044,0.525928921857313,0.0550654283693267,0.052498263923809,0.170566277252546,0.0553835856882425
Q9FFY9,1,0.118647738660351,0.0383789610603524,0.0452022918887272,0.0264755827365444,0.410996831929553,0.142927925569618,0.0903359728594859,0.0875073048282321,0.0395273904671359
Q949T9,1,0.0713905367276751,0.0345305718893477,0.0391499492303767,0.0252071049705211,0.455687652903879,0.0741391413010616,0.0635792422491984,0.172922759651094,0.0633930410768465
A0A1P8BHW0,1,0.0817395001059665,0.0334392103746422,0.0393433994236698,0.0225243959397718,0.510027479133759,0.082647099540405,0.071904478825416,0.116897089198161,0.0414773474582087
Q9LF05,1,0.0667236573993895,0.0363802090225093,0.0414820303002951,0.0257987000872758,0.440026250734114,0.0630668194472996,0.0641272818877281,0.192953303279457,0.0694417478419313
Q9LF04,1,0.0577845405285561,0.0264223871012325,0.0305288268004273,0.0186078718257272,0.593492222078106,0.0611316657074048,0.0509369271438993,0.121075983587014,0.0400195752276322
Q8GY25,1,0.101695451804486,0.0436910478767114,0.0511257032759158,0.0297309190352669,0.399946783515341,0.0995610671442828,0.0909396444845645,0.129139485570171,0.054169897293261
Q9FKP2,1,0.101591191597222,0.0385127949007683,0.0443589103890439,0.0275323249398515,0.439589950725848,0.114564230249418,0.0825250826400758,0.103961389190798,0.0473641253669748
Q02166,1,0.10556041052553,0.0395675198777117,0.0471853984381861,0.0261171657324881,0.417521861122272,0.106888859374097,0.0920467990599129,0.122975195954482,0.0421367899153209
Q6NPQ1,1,0.121871575850133,0.0398090221965424,0.0466221910167164,0.0278054373364614,0.391516036192363,0.148680865580237,0.0928931247129665,0.0898738533014553,0.0409278938131245
A0A178UT60,1,0.0603980302124033,0.0245147711129707,0.0287134037591892,0.0168397840655784,0.620176450439559,0.0646740817528274,0.0516420938384039,0.10018928397412,0.0328521008449477
Q9C574,1,0.070636351315069,0.0254379353754637,0.0300352404036604,0.0172507687831376,0.608238621510381,0.0771794740160869,0.0583362742932508,0.0832671398580517,0.0296181944448993
Q9FMW6,1,0.0595623996166788,0.0320911228879644,0.0360418501968655,0.0238014408140183,0.408882825499802,0.0599947589745292,0.0550510332775926,0.247579395135637,0.0769951735969126
O81635,1,0.100471716598839,0.0366408689665345,0.043357022422567,0.0247413422112372,0.452172771329515,0.108601806077421,0.0834912615941655,0.109788093051238,0.0407351177484832
Q8RWD9,1,0.100475458930257,0.0383000396688038,0.0444871274473048,0.0269460450471733,0.455824811528756,0.111735073433482,0.0825916440176718,0.0962589373136376,0.0433808626129137
Q2V338,1,0.0783371399737699,0.0347553613303592,0.0401892246647316,0.024298800200784,0.463071078054174,0.0806274065284649,0.069478703876277,0.157624428402873,0.0516178569685661
Q94AA9,1,0.0637906920903275,0.035183540538613,0.0401826779208415,0.025025189325602,0.499450252574987,0.0626167136979668,0.0599328850709086,0.151710185690767,0.0621078630899869
A6XH01,1,0.0359245828180892,0.0159846781794993,0.0185811125223655,0.0111148752535856,0.75973309089964,0.0374077951657485,0.0315611162277021,0.066146665219036,0.0235460837143342
Q9LVY1,1,0.083884232539983,0.0311241887033407,0.0361208381826526,0.0219938729061655,0.533374947898535,0.0968675003006965,0.0670680057754326,0.0904263263228735,0.0391400873703211
Q0WML0,1,0.103037781621549,0.0326778159100123,0.0385835215739329,0.0223031617591375,0.485676252879285,0.120849920138565,0.0792249505965397,0.0828844787649084,0.0347621167560696
Q9FM26,1,0.0617948145341379,0.0259134903282274,0.030202453813844,0.0179216534158976,0.630523519279124,0.0641827315227708,0.0535581375682031,0.0824073100958447,0.0334958894419507
Q9FLL3,1,0.110509268617426,0.0420649970535963,0.0488896146879823,0.0294743866036387,0.393926470227475,0.120768712952218,0.0899844527716986,0.111899369090088,0.0524827279958763
Q9FKU9,1,0.0595851142867612,0.0368319073114133,0.0413200592180983,0.0272046954068168,0.338717510303805,0.059121392347038,0.0570370789717783,0.289314048908217,0.090868193246073
F4KD68,1,0.0793404926443146,0.0333604455862896,0.0393003004273362,0.0225519317980025,0.541219486113864,0.080747536212835,0.0697665458470259,0.0951811849153578,0.0385320764549748
F4K7F6,1,0.127367132631405,0.0388694015104919,0.0457060147543904,0.0268402535135319,0.382702483843239,0.152470370485619,0.0960338555864195,0.0901168364654112,0.0398936512094919
Q9LTX5,1,0.0972892504985421,0.032347470327899,0.0381109609500417,0.0222403863164785,0.502471420641254,0.115551783418537,0.0754814074994704,0.0819459292452662,0.0345613911025108
Q9LT91,1,0.0757832606540552,0.0482679150338139,0.0547043397760594,0.0346652327437479,0.300919008749501,0.0737325340223626,0.0748834093647438,0.256422164745482,0.0806221349102344
F4KJ52,1,0.0912803231759167,0.0466644593933809,0.0539950758400833,0.0322296839855169,0.321988052366679,0.0879289886343586,0.0868730042469071,0.212110596390147,0.0669298159670107
Q8RX26,1,0.0807695994784076,0.02980346537088,0.0350898332090927,0.0204328570726979,0.556267084159269,0.0906432967828472,0.0658427572710912,0.0867250394404364,0.0344260672152784
Q0V802,1,0.0903938044826438,0.0346773688438276,0.040720887833734,0.0236760130738614,0.468092646657519,0.0947144494501668,0.0766789875969239,0.126327754035982,0.044718088025342
Q9FJX5,1,0.082418618462656,0.0524194175890023,0.0594299231699835,0.037282799197061,0.294411098076525,0.0760056228420045,0.0824544612943721,0.219466827776142,0.0961112315922544
Q84JF0,1,0.0810664492972967,0.0393759298969395,0.0452084772248689,0.027818852234183,0.444604013483312,0.0794202718033823,0.0747635547093537,0.148384963526315,0.0593574878243497
Q6S4A6,1,0.0752994326708624,0.0336785575060356,0.0389921289296954,0.023820397694184,0.524668881561009,0.0821299699035375,0.0649199178928929,0.111860377013672,0.0446303368281114
A0A1I9LP10,1,0.0945350367156013,0.0410242981106142,0.0469494346377123,0.0295431604467461,0.411424100421083,0.100762407252583,0.0819302819763531,0.137888770049103,0.055942510390205
Q9SRW6,1,0.0748877094773899,0.0273243462721807,0.0321955116821527,0.0185965838332154,0.598978342600448,0.0808048531752701,0.0617393514969155,0.0745440660504486,0.030929235411979
B9DFA8,1,0.125263476502701,0.0422572594932802,0.0493102164608794,0.0296783629961489,0.374123256602115,0.148959718082809,0.096664186133985,0.0902932046214649,0.0434503191066171
Q9SRT2,1,0.0838445064152905,0.0369958923513456,0.0427812365499734,0.0260381527374027,0.494960183842235,0.0888530115073161,0.0725075747543613,0.106433475170002,0.047585966672074
Q9SFB7,1,0.0591129307220359,0.0332770085698381,0.0377981312704939,0.0239618967649327,0.449279424731591,0.05827758275142,0.0560411649298427,0.214822773227604,0.0674290870322423
Q949N0,1,0.0505035838182362,0.0302432122680333,0.034174816553184,0.0218469370523571,0.446285708942655,0.0483114158999252,0.0490420807356333,0.245485970626914,0.0741062741030621
Q9C768,1,0.0633976462834374,0.0400843303885147,0.0448490251617352,0.0296974769714265,0.39686132611926,0.0619021761551287,0.0610323390442737,0.208531798392707,0.0936438814835172
Q9CAX1,1,0.0274287948679438,0.0119841107063592,0.0138933423529789,0.00835836971003746,0.810933432962629,0.0283826172765255,0.0241075276817973,0.0563308927555101,0.0185809116862188
AT3G13277,1,0.0908000870881364,0.0326027012208432,0.0382415976928329,0.0222621124673181,0.515641889179613,0.0949718230626621,0.0755757733678264,0.0917555382464587,0.0381484776743091
F4JC97,1,0.0330406634385746,0.0162468382873695,0.0188250836604195,0.0112809131591002,0.745291397601933,0.0331089953259425,0.030264265046742,0.0851432410508759,0.0267986024290424
Q9LUC8,1,0.0417231779248235,0.0220575139321047,0.0249546405596557,0.0160154586887404,0.589234342533494,0.0412729440640947,0.0387438534550974,0.17368610993493,0.0523119589070593
Q9LUC5,1,0.0609142480662566,0.0313336826269734,0.0355137206022887,0.022749068838688,0.539660175153683,0.0612222976381597,0.0556414351715466,0.135426024438323,0.0575393474640808
Q9LK98,1,0.117493935868752,0.0407121729217203,0.0475093628005591,0.0284966863181162,0.40641373487858,0.135768843551728,0.0920402492885034,0.088514536300184,0.0430504780718573
Q9LDZ1,1,0.116502080250727,0.0384639565964974,0.0452496996274475,0.0265870177658416,0.419213341714882,0.140345292626564,0.0897095855372148,0.0854830883907111,0.0384459374901136
Q9LSB4,1,0.0656306873147884,0.0244163482125171,0.0285470971391721,0.0169438195461483,0.628310471868006,0.0732541254625049,0.0533377742807112,0.0782391935079587,0.031320482668193
O04314,1,0.063434675963333,0.0266427348989378,0.0313730724262679,0.0180665422129807,0.624057390461743,0.0658899799428114,0.0552352776254799,0.0830870354726375,0.0322132909958085
Q9LTQ5,1,0.0698361610601038,0.0271541132561969,0.0318798126329523,0.0186647492640978,0.594179540389647,0.0768890476563932,0.0579073735247987,0.0892767039284991,0.0342124982873109
Q8LGU1,1,0.0687269634241065,0.0298626398551398,0.0341346275158113,0.0215336172964009,0.548601707085368,0.0727326372524716,0.0591714131861351,0.117671945412471,0.047564448972096
Q9LUH2,1,0.0647019185225067,0.0397476886208239,0.044916799345828,0.0285023594183205,0.366912195460554,0.0602620236696884,0.064054600639035,0.242620951844673,0.0882814624785704
Q52K88,1,0.0568515114594444,0.031923109296304,0.0363916674470912,0.0227134306141831,0.511497350685248,0.0547301505113714,0.0543587467155616,0.170464067682249,0.0610699655885467
Q9LK23,1,0.123866598730585,0.0445092540946667,0.0521326934805671,0.031006099952227,0.368437011997302,0.145743282190788,0.0973243050438473,0.0919774101091382,0.0450033444008784
Q9LTZ3,1,0.0898061867396345,0.0367067679969052,0.0427218675105325,0.0254571721737945,0.481875807330222,0.092958131052429,0.0774087468389422,0.107319485350003,0.0457458350075367
Q9LVX6,1,0.076700810209153,0.0350066906512985,0.040667357748459,0.024198411556361,0.452946940100748,0.0769628829228414,0.0690880567789133,0.170018008719715,0.0544108413125107
A0A1I9LPH3,1,0.0866767131059531,0.0453208801130092,0.05219358972204,0.0316566562786565,0.38866580404427,0.0842055169610079,0.0824464019044546,0.166672894763761,0.0621615431068478
P32961,1,0.0854191773409422,0.0408257560230644,0.0463678889831023,0.0295036699006621,0.428285834283942,0.0861806679936897,0.0766793278679855,0.141931730165841,0.0648059474407706
Q9LZU4,1,0.0503856802371633,0.0310938899473401,0.0344261129372629,0.0236562314150021,0.352044088260023,0.0496082125083411,0.0482354797362794,0.310379227352581,0.100171077606007
A0A384KH79,1,0.0810726527428092,0.0332171385644332,0.0386937631830286,0.0230969714579524,0.524066125031203,0.0851480857547682,0.069016996382713,0.10196313857684,0.0437251283062524
Q8LCF4,1,0.0584311137294625,0.0353644571277008,0.0398460403311311,0.0258233483414128,0.33736905484879,0.0576123904471528,0.0563568311041377,0.309738021839776,0.0794587422304364
Q9SN23,1,0.0814395939889395,0.037030624900308,0.0423349125999065,0.0267876514456196,0.466200320956385,0.0862638114111721,0.0709763585412509,0.133155123313901,0.0558116028425176
Q9SNE1,1,0.0686574030032128,0.0385116516286031,0.0439736445151405,0.0274003055050226,0.470727353176112,0.0672306962899887,0.0648071164726157,0.153283806736921,0.065408022672383
Q9LFA3,1,0.0791818334816527,0.0289205947437689,0.0342760826341465,0.0194981306239472,0.574172892196512,0.087095920748775,0.0653035628135837,0.080283282922494,0.0312676998351201
A0A1I9LQ55,1,0.0843478122537262,0.035480256284325,0.0415603710021666,0.0241833708519931,0.459676731297607,0.085682346988979,0.0743954070247461,0.146520303498164,0.0481534007982924
Q9M1C7,1,0.0862028199208108,0.0486733265862093,0.0544936383667304,0.0362098220352109,0.278706334927254,0.0861849247077183,0.0799143122877628,0.227478485793485,0.102136335374818
O49840,1,0.107170095225139,0.0371697788573578,0.0434703275073214,0.0259156255336301,0.44943139540475,0.125955129033839,0.0835530337326096,0.0868421357556472,0.0404924789497051
Q6NLG5,1,0.105735489250028,0.0399889097595203,0.0472793835329445,0.0271548562173322,0.435906501124452,0.115521694749294,0.087972683132224,0.0989272078473988,0.0415132743868057
Q9SI09,1,0.122295998275855,0.0419646977804589,0.0486662095710379,0.0298029696787202,0.373308851382666,0.145929717395294,0.0951102981543689,0.0976237657469508,0.0452974920146482
O64474,1,0.12630292985564,0.0404373716285955,0.0472633391069796,0.0283603107165348,0.377179056759955,0.156560147638638,0.0949847864616425,0.0877450415372241,0.04116701629479
O22190,1,0.0832247671995751,0.035710772359556,0.041195488028766,0.025223312784061,0.498619649858437,0.0860823725593098,0.0717772753351237,0.10833163395948,0.0498347279156917
Q945P6,1,0.0819498660391014,0.0347639456901211,0.0400097094653191,0.0246605364330139,0.494268317504211,0.0849910153042542,0.0712234407408794,0.119221945039478,0.0489112237836217
Q9SJA7,1,0.112279469379171,0.037816223773054,0.0443408159137049,0.0263214902627496,0.428102388235996,0.135471518820966,0.0868705313556907,0.0893526195616017,0.039444942697066
O48706,1,0.0882521403079633,0.06116189732895,0.0674311893982069,0.0471475210813928,0.218387780295415,0.0869807831118072,0.0852716944334733,0.216200920392193,0.129166073650599
Q7G9P4,1,0.101109736893831,0.0341320132331659,0.0398383839678847,0.0237946131342233,0.480952030890596,0.115697754790862,0.0791960065730032,0.0864363935752762,0.0388430669411574
Q9ZUY3,1,0.118446624649234,0.0382998043136817,0.0452007267303337,0.0262273907214936,0.416125613679174,0.142139102545166,0.0911166471500103,0.0849803745794446,0.0374637156314625
P46573,1,0.0457987557384841,0.0211386409013533,0.0242945458548953,0.0150366375705717,0.644395537319989,0.0475048293104507,0.0405249221232174,0.123153703845776,0.0381524273352624
Q9ZW24,1,0.0423375214690111,0.026185749205988,0.029240992434468,0.0195029806300401,0.423951485807502,0.0417043460370881,0.0406131664872926,0.296562379546117,0.0799013783824933
Q9ZW29,1,0.0722530886240574,0.0353786240959811,0.0400592684792581,0.0258000606133969,0.436724186018764,0.0737333291904519,0.065290831529881,0.185039854461647,0.0657207569865623
Q9ZW30,1,0.0479674376563096,0.0291206894118328,0.0329065718756764,0.021105881710602,0.397620390629595,0.0469604370650138,0.046401958321779,0.308124371974899,0.0697922613542924
O64733,1,0.0571731267641844,0.0346127837275417,0.0389969869378862,0.0250972507293733,0.450044169068899,0.0548982231925369,0.0554854064853988,0.207299237221786,0.0763928158723939
AT2G33815,1,0.0585817705842849,0.0369041616967401,0.0405859762030549,0.0284256207500993,0.34756397888787,0.0578532726989918,0.0558891251672643,0.257273747429027,0.116922346582667
Q42093,1,0.0510366896368792,0.0208254280984314,0.0243136425664192,0.0143884114352462,0.692546518633677,0.053986094329764,0.0434196650241997,0.0713573775513642,0.0281261727240194
Q9SJM7,1,0.117669352250965,0.0412156883581157,0.0484261164305159,0.0284359557207171,0.405817570661236,0.133456143333404,0.0931316645646964,0.0891493735865683,0.0426981350937815
O80944,1,0.0486309419510455,0.0307734670668562,0.0347536367832195,0.0222640809931528,0.354396952675939,0.0470697488268817,0.0479448000473309,0.343615807759366,0.070550563896209
Q9ZV19,1,0.0665822715433775,0.0286363989742072,0.0336094262871455,0.0195956418526254,0.575065204406316,0.0704230377118,0.0581517319189526,0.110950129998138,0.0369861573074383
O64858,1,0.0553545366524654,0.0319592777447061,0.0358828168322823,0.0235281613527139,0.446450576242446,0.0543609274244929,0.0527343444158097,0.225649718724809,0.0740796406102746
Q3EBG3,1,0.0582516459532134,0.0356596505394177,0.0397099887198392,0.0268446434314278,0.340126463489321,0.0584619066495401,0.055458426396576,0.294567331788583,0.0909199430320823
F4IK45,1,0.0740642461441848,0.0485605138502494,0.0541310379781178,0.0360751801072511,0.303038533141967,0.0699389965959999,0.0732237889524709,0.230336970546624,0.110630732683135
Q7DM58,1,0.0533919255950836,0.0246157676547635,0.0285404744087049,0.0171889102925192,0.635107305721376,0.0555971106785154,0.0470835722677904,0.101111703937156,0.0373632294440916
Q9SZ92,1,0.0572191505009497,0.0267232934265818,0.0305574636989715,0.0191841234687444,0.582807170935717,0.059543736893504,0.0509566618835956,0.129006078896512,0.0440023202954243
O48646,1,0.0499116057737414,0.0243274759623823,0.0283549454919376,0.0167089337275277,0.641410125727324,0.0501838394054672,0.0456875618382791,0.107644540516234,0.0357709715571072
F4JIF4,1,0.0782842147223841,0.0263138925562946,0.0313492263500394,0.0175491352634333,0.600738943156985,0.0852184456168964,0.0635046384637512,0.0697057974708566,0.0273357063993597
F4JLP3,1,0.0998344246857611,0.0397978703921045,0.0466991743726005,0.0272036934558642,0.427440176215215,0.104237322917315,0.0859475515648888,0.121912113974927,0.0469276724213236
Q8RXZ6,1,0.0650507113514889,0.0318711499353146,0.0364064734653916,0.0230497595941781,0.518544611559934,0.0692425736585088,0.0577392845623296,0.145516169770038,0.0525792661028164
Q8GYX3,1,0.0937522241845249,0.031248496603231,0.0368375775562228,0.0214168667808173,0.514777042915168,0.108817235000208,0.0734572724071552,0.0852292339744887,0.034464050578184
A0A178UTA3,1,0.0666156576962849,0.0274541000366568,0.0317359450592779,0.0194305903795161,0.601359485168658,0.0722464712018481,0.0562990652753553,0.0881215657741856,0.0367371194082177
Q5ICL9,1,0.0655467482376019,0.0296640216628545,0.0340201618087151,0.0210473183254667,0.545788463420431,0.0657203971934177,0.0585995184315263,0.130579001880546,0.0490343690394413
F4JTY4,1,0.0560674468882678,0.0360623096052896,0.0404427792010338,0.0264997907756981,0.334204492207164,0.0541665124250792,0.0549961489070234,0.306038872582876,0.0915216474075687
O81869,1,0.0570544366000332,0.0237865485266804,0.0278840016919817,0.0163471311500431,0.655451859074578,0.0610090799961232,0.0489298426347465,0.079456926557907,0.0300801737679076
Q940N9,1,0.0652531384335801,0.0376220250682612,0.043329460466433,0.0261601246622697,0.361274637019086,0.0629253029364244,0.063871360994628,0.275653398154458,0.06391055226486
Q8RX02,1,0.0577894894497737,0.0235961341438969,0.0276521306867521,0.0160772951604754,0.640592658922807,0.0597570663234579,0.0503046990114733,0.0929943361435003,0.0312361901578635
O49658,1,0.0743172708041536,0.0318346505312852,0.0372019695934443,0.0219811154772657,0.539104838965342,0.0782445233072097,0.0643407545145538,0.110973844045815,0.0420010327609318
O49663,1,0.0895164687695572,0.0313710045467004,0.0366374084448873,0.021832828138252,0.521147276800666,0.101564164590784,0.0716040235240843,0.0894149419503059,0.0369118832347625
Q8H1Q6,1,0.0613295678012744,0.0332277575717301,0.0382343455209494,0.0232664290523981,0.416020010920823,0.0603068151267163,0.0583303748649484,0.249968602446434,0.0593160966947266
A2RVM0,1,0.0790841116998988,0.032449106374462,0.0384852538661277,0.0216707672659292,0.514747614356932,0.0815378945508794,0.069837803622346,0.123823152650478,0.0383642956129462
O22975,1,0.0555191656063498,0.0329451712153207,0.0372382130347086,0.0238515992905685,0.464650235109404,0.0537595577794741,0.0531184998774205,0.202014741561503,0.0769028165252509
P47735,1,0.0770966098483833,0.0366457423371337,0.0421216997778769,0.0260000356376358,0.453749244611103,0.0786598621605315,0.0694601737711955,0.158897629340561,0.0573690025155801
Q9M0F8,1,0.0618473446875371,0.028585469609321,0.0328934750823869,0.020208631022984,0.535145213943893,0.0637937238226932,0.0553377499059605,0.155357404478208,0.0468309874470169
Q9M0C5,1,0.0846149300524265,0.0372712103457139,0.0429930277206745,0.0264950353612032,0.49170219280883,0.0907614008686931,0.0728180950245311,0.105607679492097,0.047736428325831
Q9SV24,1,0.111195404952765,0.0387362685367842,0.0451536221990939,0.0272512925029774,0.427353317128556,0.132226347022155,0.0865352054052022,0.0895206315377666,0.0420279107146995
Q9C5T4,1,0.0495083395062722,0.0303402874602441,0.0336286623442209,0.023031220215064,0.369848716058807,0.0490505372926711,0.0471651513108792,0.301694670743536,0.0957324150683053
Q8W491,1,0.0535985748452676,0.0297741777935979,0.0338311428550676,0.0214697336343783,0.528365781721225,0.0535097401598315,0.0500157945998391,0.168640054135204,0.0607950002555898
Q94B08,1,0.0555821759627436,0.0319144355653843,0.0359763194659276,0.0234820414965681,0.46200225077182,0.0555911141875672,0.0518788335916335,0.207030354104746,0.0765424748536096
ATMG00020,1,0.128168900580162,0.0435102183405653,0.0505880664966782,0.0307668191062607,0.354201211739196,0.157225397352554,0.0982731964808135,0.0927449789442797,0.0445212109594907
P93276,1,0.073366275766201,0.0359371562215057,0.041107005751854,0.0259873276029791,0.483802220229713,0.0782926649485656,0.0644802095256431,0.139166348665787,0.0578607912877522
B3H5Q1,1,0.0391252047992922,0.0278702456414158,0.030322473221066,0.0218713590882116,0.214827556454842,0.0378394953363797,0.0386977351542502,0.445673935908077,0.143771994396465
AT1G04273,1,0.0520818183061505,0.0467119390559168,0.0499721212778768,0.0374776034030401,0.140963071316153,0.0489489267015197,0.0548193621673961,0.401537847683408,0.167487310088538
Q9SXA7,1,0.0371892771396663,0.0314713930353209,0.0341465554516272,0.0244312494188564,0.115898748745132,0.0345852887298195,0.0389696885050736,0.540950912948449,0.142356886026055
A0A1P8APN6,1,0.0670372244500068,0.0475625275955663,0.0529644609796878,0.0351219380088897,0.200142364299659,0.0626739749449069,0.0683634524608072,0.355071877665359,0.111062179595117
Q9FZ73,1,0.0598066209950993,0.0486992436687095,0.052688278169138,0.0382146044374376,0.197808857661049,0.0553672214775244,0.0616420355665837,0.289663933769873,0.196109204254585
Q9LQU5,1,0.0514370291129014,0.0394546756956734,0.0430290871522374,0.0302257717237649,0.21002606673266,0.0471475794685737,0.0530703577018285,0.352829002500809,0.172780429911552
Q9SHH6,1,0.0386988985137012,0.0284208320003734,0.0313979783804802,0.0213317048968976,0.245149101648797,0.0365285412238166,0.0392398974851928,0.450151686384765,0.109081359465977
Q9FYM2,1,0.0450270961715977,0.0314521488078567,0.0347351466802904,0.0237928956543452,0.247827783030094,0.0434344516699759,0.0448927460697852,0.426651071416379,0.102186660499675
Q9SHQ8,1,0.05472082498509,0.0385072215348429,0.0427370590019559,0.0288755474943198,0.22774519733199,0.0529596634364622,0.0546352323439406,0.396130304122515,0.103688949748884
A0A1P8ANI0,1,0.0534820508168983,0.0418019129823657,0.046278221357234,0.0309928809736419,0.172189973251895,0.0495788395749736,0.0562222754440342,0.446685040412639,0.102768805186318
Q9MAQ3,1,0.0582984708275809,0.0488182761349408,0.0519887435189205,0.03958630700606,0.155191074320131,0.0543414674525426,0.0604111384657612,0.325848787220771,0.205515735053291
Q6IDJ6,1,0.0511439669015766,0.0373474667140508,0.0408319856243736,0.0285159116120903,0.22194765858159,0.0476125260144727,0.0520682184092346,0.378744863627824,0.141787402514788
Q6ICW9,1,0.0552473640044661,0.0570467989051563,0.0590959447290839,0.0487119458209809,0.108654634858181,0.0505768845210801,0.0596683360308352,0.286274348589167,0.27472374254105
A0A178W2S0,1,0.0819174809433746,0.0670693339221677,0.0711514506062596,0.0564431145129524,0.163741451047059,0.0805329002033456,0.0807599615415447,0.209126826361334,0.189257480861962
Q9SX48,1,0.0555874406662347,0.050018445247805,0.053280028223857,0.0408545906323681,0.155160379554483,0.0529080208861468,0.0571414875197339,0.294002976465272,0.241046630804099
A0A178WBQ6,1,0.0506866833016899,0.0345717452428293,0.0382759433895108,0.0259435091217104,0.291823445248395,0.0478152216018357,0.0502505609496512,0.32951243070814,0.131120460436238
F4HWY6,1,0.063592113977878,0.0456900328993234,0.0503856025808597,0.0342519503290378,0.209083757734831,0.0594805103124142,0.0645675249827553,0.346482169382082,0.126466337800818
Q3ECM9,1,0.0537010629858223,0.039788273779951,0.0434417395155993,0.0309087822348068,0.187350303226118,0.0515781903073246,0.0538404244075195,0.393943957649277,0.145447265893581
Q9ASZ9,1,0.0503910598402487,0.04063409535096,0.0446503122490929,0.0304321327241584,0.220815030133862,0.0461650959864355,0.0529980859446111,0.383398873957085,0.130515313813547
F4HPY8,1,0.0374188419833614,0.0324382482132832,0.0343338316089922,0.0269040747421174,0.112160270357655,0.0356697807983168,0.0383676885503514,0.40310922091208,0.279598042833842
Q9FYG6,1,0.0765654928959155,0.061046238513436,0.0654080146186438,0.0491709593042629,0.162017121123465,0.071675926416001,0.0778028697383686,0.246189707126726,0.190123670263182
Q9FXE3,1,0.0397740130930658,0.0282820581342596,0.0313365468082394,0.021148606384117,0.275836380362656,0.0376965061508556,0.0401068394489755,0.427358249883159,0.0984607997346717
Q9CA46,1,0.0615047840163443,0.0454822358703699,0.0504153564520946,0.0341506610107529,0.229493206330417,0.0592005938588076,0.0623715502174201,0.352242742211813,0.10513887003198
AT1G69572,1,0.0500313796870891,0.0492959373607216,0.0524906986144985,0.0395125685663072,0.12020329309577,0.0459270447906909,0.0540206349878336,0.39267712687843,0.195841316018659
A0A178W6R6,1,0.0450624967207789,0.0352804749418356,0.0388655920766859,0.0264238024535142,0.148463503776042,0.0417971734497876,0.047125484907027,0.511483018841647,0.105498452832681
A0A178WB81,1,0.0517948538720664,0.0367054980143391,0.0398354846664872,0.0289025502548496,0.192282119234533,0.049716886302953,0.0513491807070212,0.386504394965127,0.162909031982624
Q8LAH7,1,0.0411780851959489,0.0302912403471575,0.0331343073960968,0.0234293545569097,0.238695069397071,0.039669728809397,0.041009017782633,0.408516277929543,0.144076918585244
Q8GYB8,1,0.0375595974836658,0.0258252999201008,0.0288113850867794,0.019108353289554,0.304961687010457,0.0359813554541654,0.0374480655803834,0.426316306278493,0.0839879498964014
Q9S7T7,1,0.0631130792504352,0.0486483852465465,0.0529300231280937,0.0383308158008261,0.208874528425696,0.061119803968388,0.0635485612259011,0.321247848451023,0.142186954503091
Q9LYP8,1,0.0800242012021887,0.0665617174597356,0.0693721915509041,0.0576335139409167,0.149707016754157,0.07694345019397,0.0804106911558533,0.211613791785764,0.207733425956511
P0C5K5,1,0.0668158996393791,0.0522813173657304,0.0554139636044104,0.0437251887552865,0.178143623100751,0.0656305537116835,0.0658797872756683,0.257211824211777,0.214897842335314
Q9SD98,1,0.0582841432349739,0.0532800213546033,0.0561153509180521,0.043519556447041,0.135206640974216,0.0524142499647708,0.062247793650452,0.269676306934757,0.269255936521134
Q9SD97,1,0.0440878380559241,0.0280360159403728,0.0312413225018675,0.0207909242866266,0.287814425312681,0.0421005011497876,0.0432750749710451,0.408743207611477,0.0939106901702184
Q9LEZ7,1,0.0738350616715847,0.0597790522659559,0.0629848541797518,0.0513970093450502,0.179081545444271,0.0732603728455558,0.0729892210108495,0.232855437226686,0.193817446010295
Q9C598,1,0.0448853885779763,0.0382847765992893,0.0411856401688322,0.0299473844410136,0.146171291492226,0.0406651281923521,0.0474556621401572,0.385454977812498,0.225949750575655
Q9FY65,1,0.0654292217834085,0.0537277256911496,0.0588261907527178,0.0411551996921716,0.192545951254924,0.0623971474658535,0.0671715589817084,0.320515568208066,0.138231436170001
Q1G3F8,1,0.0485942866033806,0.0350899133567378,0.0385455415572201,0.0269108933900949,0.250728054437289,0.0465708912371837,0.0485870029153252,0.3752350795663,0.129738336936469
Q8L616,1,0.0465001232924998,0.045233506693618,0.0471338608321482,0.038365824413246,0.104159199383629,0.0430549910103124,0.0494703168073811,0.327819995951682,0.298262181615483
Q9FMS7,1,0.0680417292493659,0.0578556251459932,0.0621415049966391,0.045940526084182,0.175810310551099,0.0630178107878875,0.070884926168688,0.277665371640934,0.178642195375211
Q9FMW5,1,0.0594123604887918,0.0370817410403887,0.0412727325437881,0.0276306361562712,0.279027276099147,0.0572017888843306,0.058179060421525,0.343569923007151,0.0966244813586066
Q9FF99,1,0.0621002211777761,0.0511732433285229,0.055918816580208,0.0388834067127531,0.161212526887196,0.0571492422991294,0.0657980718059815,0.380032727596935,0.127731743611497
Q9FHQ1,1,0.0564435678295324,0.0405432837639538,0.0450551707819934,0.0302545655174532,0.23142715655239,0.0544153994586433,0.0568612288146247,0.383737206417657,0.101262420863752
Q9FM36,1,0.0566847813506965,0.0522968692546247,0.0550046015129563,0.0437623599413541,0.126201291646723,0.0533044917058332,0.0592708271370834,0.319785408667629,0.233689368783099
AT5G06475,1,0.0558109674503172,0.0507536753808155,0.0537776251870654,0.0414829264663396,0.125365120764073,0.0520149484942007,0.0586054290794759,0.339909616484469,0.222279690693244
Q9FIQ4,1,0.062397437623902,0.0395417844301627,0.0447333785840717,0.0282817499829645,0.272942710657584,0.0587183332719493,0.0625433266805361,0.3466121887728,0.0842290899960292
Q9FI39,1,0.0479084498318724,0.0472794648424521,0.0502051663861875,0.0382046868108713,0.129549621080205,0.0442953784422994,0.0511345505383931,0.350403287323981,0.241019394743738
Q8L7D5,1,0.0445866000064967,0.0421611994580287,0.044462469663797,0.035046737388045,0.115375032817111,0.042080394526402,0.0467422089911147,0.377041728314405,0.2525036288346
Q570C8,1,0.0558385650628558,0.0401606325038847,0.0451806780386821,0.0289309322057514,0.202855755448389,0.0520890302566311,0.0573488476570111,0.421637528406617,0.0959580304201783
Q9LTA8,1,0.0469437535467226,0.039014896220449,0.0428521607021932,0.0294401365599882,0.1918497979459,0.0437987262629996,0.0491419477957475,0.43186876538391,0.12508981558209
Q9LSS8,1,0.0711335215900917,0.0606219992284595,0.0632862192317187,0.0523216907964937,0.147812377661559,0.0685365376896254,0.0718536519853828,0.237319777006369,0.2271142248103
Q9XFI1,1,0.0707604463085861,0.049797434543219,0.0546686822855358,0.0378288965074288,0.236391711126788,0.0652084258403661,0.0718288718911378,0.273168976354614,0.140346555142324
Q94F08,1,0.0469313608866345,0.0421038288119129,0.0456807182291841,0.0323675690611688,0.127386803837094,0.0430636705016294,0.0503762449282705,0.474648150116596,0.13744165362751
Q8H115,1,0.0440643966663749,0.0292897810803295,0.0325828701982914,0.0217428394297202,0.329957937234844,0.0417528437261696,0.0436464700368936,0.353646652386899,0.103316209240478
A0A178V5Z5,1,0.045589789454171,0.040320145602195,0.0428435941656513,0.033143383822695,0.125887697924543,0.0430196807376607,0.0472590112156383,0.376062847238925,0.245873849838521
Q6NNK6,1,0.06475477804662,0.0496714231195188,0.0556361331289744,0.036089783192198,0.21298475275939,0.0605409378865988,0.0675518529924659,0.352925220791979,0.0998451180822543
Q84TD6,1,0.0469734084515099,0.0340035177263564,0.0371643128988092,0.0262321694922119,0.265722695181029,0.0445462601801687,0.0470009798635154,0.346493916066598,0.151862740139802
Q9SR36,1,0.0389456629177375,0.0307475643010968,0.0336143314398607,0.0235185442344293,0.187815394493345,0.036474665767985,0.0400774117059308,0.470288411510491,0.138518013629123
A0A1I9LTB9,1,0.0521111213730209,0.0395505699186414,0.0423548833302635,0.0319755506143982,0.179318055786483,0.0498364565192902,0.0521237658500588,0.339760472280221,0.212969124327623
Q6NKR8,1,0.0637616007659779,0.0434208323018929,0.0491689403827767,0.0307832764416916,0.226642737504495,0.0589927347907159,0.0659347315541718,0.37809770930369,0.083197436954588
Q3EB64,1,0.0718653907316494,0.0774599692541945,0.0798312545737466,0.068029035608161,0.125071641310745,0.0671047350769645,0.0768396960363654,0.222484563678208,0.211313713729966
O04311,1,0.0514808069211856,0.044782165484591,0.0488726775097016,0.0339435754013811,0.138560362861702,0.0471850261362436,0.0551499458279004,0.451399730211863,0.128625709645432
A0A384KEP4,1,0.0428530419579553,0.0354473580548022,0.0381446827838557,0.0280023165600813,0.159875246764318,0.0398273026492447,0.0442227293912766,0.380829859958661,0.230797461879805
B3H4Q2,1,0.0625814684980332,0.0484713689451035,0.0536376788600295,0.0361766735981676,0.234930712443136,0.0582468333288724,0.0642927803256878,0.307210227523567,0.134452256477404
Q9LS86,1,0.0529432419468021,0.0439284094596227,0.0468356052951573,0.0360536962049518,0.153770898129192,0.0509862728549324,0.0535153623215392,0.336814465154059,0.225152048633743
