ID,Cluster,#1,#2,#3,#4,#5,#6,#7,#8,#9
Q1PFY7,1,0.0779572018592521,0.0783174900736609,0.0673897115429382,0.071830903463154,0.0942270884848655,0.299068709583174,0.0661674327796285,0.155450861883115,0.0895906003302122
Q9LR44,1,0.0660782755246142,0.0662216963236337,0.0605319221565375,0.0631350145311258,0.0625522831640084,0.359005599606803,0.0596806316375328,0.196562186262586,0.066232390793158
Q9LND1,1,0.0359407303100455,0.0358914777592693,0.0351526365831065,0.0360341728539448,0.0245534144390896,0.422632707443528,0.0347251675591401,0.344948092513938,0.0301216005379384
Q58G55,1,0.0790116201592643,0.0792580351777149,0.0705482725791101,0.0741840629933539,0.0802971371327233,0.280943625691788,0.0695298393433334,0.183231922761133,0.0829954841615784
F4HSD5,1,0.0736294174238977,0.0739611545140196,0.0626009193583501,0.0672464054052631,0.069201057707196,0.305732098471448,0.0613280193842003,0.208415325927388,0.0778856018082378
Q3EDG6,1,0.0364165844446415,0.0364311842830583,0.0343858998807678,0.0355918065298101,0.0295703374646371,0.558488314734204,0.0339076285046316,0.202424934123222,0.0327833100350284
AT1G04677,1,0.0825411324662894,0.082824319952149,0.0729916320417029,0.0770581340942855,0.0845021717642637,0.260550954846363,0.071891236746937,0.180053566528772,0.0875868515592374
A0A178W1Y6,1,0.0657980477465589,0.0658977250396018,0.0604855184045652,0.063111064216359,0.0583579178391961,0.344684781886916,0.0596621360503812,0.219612971359878,0.0623898374565437
Q9SXB8,1,0.0611643729619533,0.0612278755065935,0.0562411916019474,0.0590823632551586,0.0522888145205845,0.39400865224038,0.0552560147083361,0.204191306170529,0.0565394090345176
AT1G04927,1,0.0608632890519915,0.0610012321058292,0.0553937097199179,0.0579928696457439,0.0603678113804604,0.409123248334368,0.0545955014857659,0.178549742015726,0.062112596260197
Q8H0Z4,1,0.0746804193598745,0.0750528956908631,0.063834954698272,0.0682181346341733,0.0864694241711944,0.317045758639409,0.0626460269196927,0.166796389882655,0.0852559960038666
AT1G05147,1,0.0714890076924902,0.0717358449691616,0.0634937141845827,0.0669005902765887,0.0748359212796349,0.333322419177581,0.0624866893621767,0.17985411032734,0.0758817027304436
Q9M9E1,1,0.0484646995738234,0.0485378722700975,0.0445904359886323,0.0465850757083225,0.0410478672981425,0.471669965384737,0.0438872309529713,0.209056744745874,0.0461601080773988
Q9SHH7,1,0.0491944059101783,0.0493182804016463,0.0440707073436325,0.0464510155342992,0.0421314787581556,0.452816566323653,0.0433268325447109,0.224263585187794,0.0484271279959302
Q9M9V6,1,0.0745340278643617,0.074838390673998,0.063655931822572,0.0685807964837487,0.0783181421861831,0.325774273658307,0.0623273139515526,0.172210707543053,0.0797604158162239
P92995,1,0.0663551837923625,0.0666604025231346,0.0564587133941014,0.0606378630119512,0.0615433211715752,0.348823592206517,0.0552568976848544,0.214243383527474,0.0700206426880296
Q9LNS5,1,0.0598683089073868,0.0601155511476366,0.0517469676693843,0.055162428897931,0.0570620205010514,0.393928604482588,0.0507562416016706,0.20899253540372,0.0623673413886313
B9DGT3,1,0.0475336436112976,0.0476022678128798,0.0431776599132717,0.0455161033023306,0.0373862493462193,0.455213594679784,0.0423488431300494,0.23763506824273,0.0435865699614377
A0A178W6L4,1,0.0528223502562816,0.0528997346764145,0.0489454557351167,0.050963905315107,0.0427067145474263,0.420099760195734,0.0481677481986761,0.232750512031833,0.0506438190434112
Q9FZ99,1,0.0447921457397534,0.0447562590209786,0.0433736899552291,0.044533578896194,0.0316762871236795,0.388273062622756,0.0427841029940129,0.322277506690286,0.0375333669571107
Q9SGP6,1,0.0369925409073053,0.0369573080460996,0.0365480897671879,0.0370879738129526,0.0274764981903148,0.481787951989811,0.0362295398129606,0.274490645522785,0.0324294519505833
Q52K95,1,0.0544607158712854,0.0546646722161666,0.0477694477335469,0.0505991553937769,0.0497128428349208,0.42373475011747,0.0469073654859214,0.215420482357609,0.0567305679893024
Q9MAP5,1,0.0593966932739126,0.0593875844949769,0.0565323174842681,0.0585146503105441,0.0501681462375282,0.398100968642443,0.0558028303320032,0.208924483375201,0.0531723258491224
Q3ED15,1,0.0462767353890872,0.0463113237501385,0.0434176886979252,0.0450182875153268,0.0354110104839059,0.429513489496299,0.0428220786269269,0.268125860535575,0.0431035255048152
Q4PT07,1,0.0790463001019974,0.0793826603943559,0.0678797923831011,0.0728466958178279,0.0851172202412208,0.294987398411066,0.0665370776605005,0.16619310301725,0.0880097519726808
Q8L7S1,1,0.0521702659672877,0.0521313328796814,0.0488135313727437,0.0512991319776596,0.0359567643877142,0.366435167404443,0.0479051452423086,0.30233138387589,0.0429572768922708
Q9LPM8,1,0.0735979813627838,0.0738475723561677,0.0642994553271133,0.0684833036358733,0.0639880723621461,0.299024080957295,0.0631045058423321,0.217448373614752,0.0762066545415365
Q0IGL7,1,0.0607334842860566,0.0607670725528936,0.0586473303525516,0.0598175948900016,0.0486517210042454,0.35383497366877,0.0580492723785413,0.241357341903094,0.0581412089638459
A0A178WGJ8,1,0.0654144167584055,0.0656442841251726,0.057105807798243,0.0607188635208399,0.063533699771792,0.365365933415566,0.056057236524223,0.200002773207516,0.0661569848782418
P13853,1,0.0458526417251476,0.0457037814121512,0.0474382727499669,0.0475314400815513,0.0310997043376884,0.365702067244755,0.0470980546453513,0.333749698027122,0.0358243397762665
A0A178W7A5,1,0.0584188527511235,0.0585035566067189,0.0536392187312917,0.056262439463437,0.0503678993207244,0.413955859049657,0.0527554130755941,0.199412123964796,0.0566846370366574
Q9SH66,1,0.0821930930949758,0.0825210012751328,0.0720592329509103,0.0764224151988834,0.0931791464270451,0.269886648630846,0.0708539214205524,0.161358489651099,0.0915260513505555
Q9XIQ2,1,0.0690386327926616,0.0693258140503634,0.060098739970845,0.0639653923371689,0.077064855264105,0.36042974924618,0.0589916222200944,0.164749894279594,0.0763352998389875
Q9SHY6,1,0.0822939582374587,0.0826905449455196,0.0698195937565355,0.0750471554862061,0.0908782029972777,0.269368957343145,0.0684728147135214,0.169273744210448,0.0921550283098879
Q9FXC7,1,0.083261111190463,0.0836081412139495,0.0729217528993983,0.0772156995656077,0.0933158357475524,0.259738412056461,0.0717439275434686,0.165130658872865,0.0930644609102346
Q8RX77,1,0.0675372937459268,0.0676993355025404,0.0602872332866145,0.0639489305337079,0.064321615440122,0.365697898206405,0.0591794757127963,0.183930047049366,0.0673981705225211
Q4PSX0,1,0.0575773375263016,0.0576787118970028,0.0534594154016076,0.0554862097260062,0.0497474087588073,0.403975999119819,0.0526877088809814,0.212237358340184,0.0571498503492896
Q949X9,1,0.0603514452021408,0.0603715006137445,0.055819051476345,0.0587064693954458,0.0449607919030873,0.359176575877126,0.0547241060912715,0.253708363845248,0.0521816955955911
Q9C9H5,1,0.0538191956730427,0.0537966235270997,0.0513388767503656,0.0531957867446366,0.0374193499530768,0.344195991134482,0.0505358018383845,0.30936775341309,0.0463306209658221
A0A178WB81,1,0.0689818204566317,0.0692466738327593,0.0586381867813092,0.0632071421891414,0.0617598923261299,0.327487568774107,0.0573587262270778,0.226443661466092,0.0668763279467518
Q9C9K5,1,0.0439882030795664,0.0440123852095949,0.0407125247958466,0.0425612881694176,0.031651163962202,0.377191773990264,0.0400246300811511,0.342125895073559,0.0377321356383984
Q0WL44,1,0.0650889950915888,0.0649813861255233,0.0631178279882029,0.0652268965983609,0.0484504665741293,0.331148049709846,0.0622486397601564,0.246804292753187,0.0529334453990049
B3H6G1,1,0.0834711158558111,0.0838891916617522,0.0714125516018034,0.0761831768609555,0.0955699080423647,0.256976609885743,0.070168176002268,0.167013703939779,0.0953155661495232
Q9FFG2,1,0.0698385411472659,0.0698891755855857,0.0648632691664082,0.067750862657745,0.0569753990477913,0.316980136006516,0.0638177456318578,0.227321115044822,0.062563755712008
Q9FFF6,1,0.0571036852761482,0.0571585231068058,0.0530569670408469,0.0552086521310998,0.0433386457488668,0.347968184367851,0.0523072282775589,0.280991823369245,0.0528662906815777
Q9FNH6,1,0.0566726862540721,0.056654691382863,0.0549192797819975,0.05629008391324,0.0400456537576232,0.335047308482417,0.0541817744827459,0.295877989849339,0.0503105320957021
Q9C598,1,0.0470390389704847,0.0471695656280865,0.0416205804080071,0.0441979088782365,0.0434304758810595,0.511223244226213,0.0408179019294381,0.178021008968729,0.046480275109746
Q9FYA2,1,0.0582500220348406,0.0582413472430836,0.0535917249977945,0.0564797429942599,0.0417765978814222,0.327057504267861,0.0525667194694657,0.30517458446436,0.046861756646913
Q9LY82,1,0.045290243396109,0.0452535969585308,0.0439744630582505,0.0450973998343682,0.0342858590797434,0.444932034260219,0.0434333938964996,0.259139300499824,0.0385937090164544
Q9LER3,1,0.053218565361215,0.0533379192418867,0.0474746899703039,0.050235229551962,0.040561076703416,0.361708601432349,0.0465797761906591,0.2971426769748,0.0497414645734082
P18612,1,0.0589335982919477,0.0589895420887022,0.0535805873894722,0.0566454382491318,0.0474102407432126,0.392198660365848,0.0525983404820957,0.226188852447937,0.0534547399416526
Q8L616,1,0.0578369068079368,0.0579266280808708,0.0524673081262842,0.0553718384458432,0.0527347551326052,0.429387015153724,0.051546976344658,0.188051420286485,0.0546771516215922
Q9FKP1,1,0.0747853546672879,0.0750969416135093,0.0654194258252897,0.0694074489274401,0.0869506185076358,0.319977589886648,0.0642826927621634,0.160150532787768,0.0839293950222578
F4K9X6,1,0.0672678981885526,0.0674897495932732,0.0594980951555121,0.0629854078841954,0.0603288725019828,0.34335326298548,0.0584392309023723,0.210294717165866,0.0703427656227652
Q8GWF1,1,0.0799413140794249,0.0803213907188721,0.0682639185624683,0.0730517804079165,0.0845502966558662,0.277384567313412,0.066998928862376,0.180929716638354,0.0885580867613106
O49195,1,0.0715130510547212,0.0717992863904255,0.0614288731049124,0.0659855905666751,0.0731230812096536,0.342356886738099,0.0601810037848945,0.176566095766668,0.0770461313839507
Q8GWS3,1,0.0766825112403552,0.0767170111715934,0.0716075503518195,0.0746196247009052,0.0576988727382401,0.26511343747653,0.0705651656127074,0.236962161289205,0.0700336654186442
Q9FG46,1,0.0777472748052584,0.0779874827349743,0.0695488963178338,0.0733027595896396,0.0856730324307254,0.301033724629749,0.0684551314109415,0.162633752699524,0.0836179453813547
Q9FMB0,1,0.0788825161390531,0.0792783770149788,0.0677085119268253,0.0721790945596976,0.0910229328783216,0.286819081296268,0.0664942663866344,0.166642554261064,0.0909726655371573
P92999,1,0.0752191509550641,0.0754720497132784,0.0675917263581939,0.070824922482264,0.0825978141956025,0.310478165449565,0.0666165321701675,0.169223299539145,0.0819763391367199
Q9FLM1,1,0.0513701539124811,0.0514325300039459,0.0470047451656187,0.0492634631734558,0.0393840065501138,0.388156279597309,0.0462094109766161,0.281089861735005,0.0460895488854548
Q8L8T7,1,0.0526369362695744,0.0525446697537042,0.0525852483957017,0.0532527550084487,0.0390389904128441,0.36702550160322,0.0521337733532947,0.287530140386386,0.0432519848168268
F4K627,1,0.0441015152035024,0.0441209826602667,0.0417766031746496,0.0431674223246513,0.0351688078340038,0.480963057881128,0.0411917656188884,0.229487124305037,0.0400227209978728
AT5G06705,1,0.0821930930949758,0.0825210012751328,0.0720592329509103,0.0764224151988834,0.0931791464270451,0.269886648630846,0.0708539214205524,0.161358489651099,0.0915260513505555
O80338,1,0.0616688377642311,0.0618436534614221,0.0545786799663811,0.0579478911114764,0.0587158191928605,0.402085515087247,0.0535594991899866,0.187544721433546,0.0620553827928488
Q9FI39,1,0.071143395614482,0.0713210068537019,0.0630770711798697,0.0669460230426136,0.0558003683720231,0.290945846482237,0.0619019467719049,0.249582675277344,0.0692816664058235
Q9FI37,1,0.082491165231108,0.0829125560866985,0.0691065628989514,0.0747587068588034,0.0891733825647237,0.270323481272513,0.0676507770678441,0.171093430682424,0.0924899373369337
Q9LTA3,1,0.0559162934803555,0.0560704449238684,0.0500258099448702,0.0526984245017001,0.0492220963456701,0.412571257182109,0.049137324658519,0.219273066901396,0.0550852820615126
F4KG50,1,0.066954150024741,0.0672237354385465,0.0584947465618951,0.0622025339518224,0.0724938277879944,0.374709089476253,0.0574102191255063,0.166431453118473,0.0740802445147689
A0A1P8BCM6,1,0.0552574031685669,0.0553466243154627,0.0510456995174176,0.0531603814394755,0.0481889641992441,0.420297484678982,0.0503120553415146,0.212949468764966,0.0534419185743707
Q9FKT9,1,0.0592152309354184,0.0593200815889531,0.0520814589055603,0.0558535659128177,0.044875800793507,0.359445614636418,0.0509460230126087,0.264855992120487,0.0534062320942304
P19037,1,0.0483552921488967,0.0484464272240587,0.0439309263223283,0.046138816673898,0.0443529539149017,0.495082609121309,0.0432270057568858,0.183668805722181,0.046797163115541
Q9LSS8,1,0.0668408842086912,0.066893657127965,0.0617842599266484,0.064698124279043,0.0615061728713943,0.364937424170933,0.0608807053205298,0.19059043800985,0.0618683340849445
Q9FKF5,1,0.0419512434413444,0.0418673436681546,0.0417327442348505,0.0425589353124829,0.0288649355648506,0.415244140154764,0.0412416550543322,0.312224012923876,0.0343149896453456
B2GVM7,1,0.0745145281655016,0.0746173155055475,0.0669534303918362,0.0711561315392292,0.068504994816164,0.320931219316179,0.065701945423763,0.189074808422673,0.0685456264191063
A0A178UQN6,1,0.0668466387176308,0.0670158475367449,0.0602080791629493,0.0633175984433123,0.0655616053886764,0.362156660155857,0.0593017949769545,0.187152517206944,0.0684392584109311
Q9FGF8,1,0.0682751943695796,0.0685181675833277,0.0600779085518739,0.0637422404225411,0.0727312039440073,0.365123409348207,0.0589985359274395,0.169502581011607,0.0730307588414167
Q93WU9,1,0.07575348667266,0.0759639549647346,0.0671823504503018,0.0711358901010048,0.0695969185365968,0.295337209955277,0.0660634630883037,0.20288019158428,0.076086534646841
Q9FL02,1,0.0468381063485245,0.0467844650362488,0.0464865364609948,0.0471400235081853,0.0352714182815694,0.432720806816741,0.046088117651358,0.257531492406396,0.0411390334899824
AT3G01485,1,0.0777472748052584,0.0779874827349743,0.0695488963178338,0.0733027595896396,0.0856730324307254,0.301033724629749,0.0684551314109415,0.162633752699524,0.0836179453813547
Q9SR86,1,0.0384961708737717,0.0384317691545179,0.0377116619148368,0.0386799194733688,0.0270855279855184,0.444154639756123,0.0372550678046339,0.306707047079356,0.0314781959578738
Q1PER6,1,0.0635758362324318,0.063546203376345,0.0604684280596036,0.0627905253978548,0.0484158872911907,0.341387990977606,0.0595670501161367,0.245214985982768,0.0550330925660632
O82133,1,0.0462541681544986,0.0462020696709426,0.0448548515188657,0.0462256188982389,0.0326700254202842,0.410502790110147,0.0442082277329705,0.290223335517668,0.0388589129763844
Q3EB86,1,0.0590457685110755,0.0590672995817833,0.0566420163858249,0.0580998221707586,0.044000659133302,0.33533672354155,0.0559145668343899,0.277876523246657,0.0540166205946589
Q9LIB9,1,0.0837528365724487,0.0841888595670352,0.0702260313335387,0.0759595597486025,0.0980600144691301,0.265330706117284,0.0687586150566941,0.157369740458449,0.0963536366768174
AT3G03555,1,0.0769989247829965,0.0772844477247379,0.0686726491944581,0.0720737422735525,0.0843161340439341,0.295548031376742,0.0676751042616952,0.172740510744959,0.0846904555969245
A0A384KEP4,1,0.0660015636869898,0.0662705937890184,0.0570037533013228,0.0610270888009631,0.0679090187873797,0.381151548707914,0.055810761525006,0.174535121321763,0.0702905500796432
A0A1I9LP79,1,0.0790116201592643,0.0792580351777149,0.0705482725791101,0.0741840629933539,0.0802971371327233,0.280943625691788,0.0695298393433334,0.183231922761133,0.0829954841615784
A8MR54,1,0.0603567529699658,0.0603995951945269,0.0571865372241591,0.0589323049642683,0.0494342272558936,0.366312213849548,0.0565424565148454,0.233147909175754,0.0576880028510388
P28297,1,0.0670718279809296,0.0672553844756459,0.0592284372857152,0.0631386368507419,0.0571307468360508,0.351143974514952,0.0579755140134121,0.210691108858899,0.066364369183654
AT3G04705,1,0.0821930930949758,0.0825210012751328,0.0720592329509103,0.0764224151988834,0.0931791464270451,0.269886648630846,0.0708539214205524,0.161358489651099,0.0915260513505555
Q9LS06,1,0.0530978400392703,0.0531595590348577,0.0477973930791973,0.0506992399524455,0.0409888238861563,0.395792753603417,0.0468790618996536,0.264610320041453,0.0469750084635488
Q9LTM4,1,0.037708844277749,0.0377257234756208,0.0358502777089145,0.036965788745119,0.0317710151324565,0.565446847558372,0.0354079631780179,0.184038489652684,0.0350850502710667
Q9LIM9,1,0.058048148644682,0.0581827876648659,0.0513349602650031,0.0546507472337666,0.0501302715471376,0.405532933912273,0.0503613104696439,0.216041321118539,0.0557175191440892
Q9LTZ0,1,0.0713911339357388,0.071557908102891,0.0634878773161416,0.0674699423093232,0.0692063825683159,0.342953956299281,0.0623325743791477,0.180830270575591,0.0707699545135696
Q9LHA1,1,0.0393629856097018,0.0393971071662675,0.037046979535446,0.0382806750737385,0.0336864415311742,0.543586171840323,0.0365870548646042,0.195239884457221,0.0368126999215239
P54121,1,0.0552830814593135,0.0552449078984976,0.0520961607567985,0.0544548947839158,0.0394982059245217,0.368167448045209,0.0511536473716052,0.27867824446323,0.0454234092969084
Q3E7K4,1,0.0737109143489668,0.0739307494595422,0.065813285000057,0.0693040474298717,0.072813134562351,0.312158206566917,0.0648277539185154,0.19090625867276,0.0765356500410191
P92983,1,0.0492068548269225,0.0493100048079889,0.0441911594382629,0.0466861893161597,0.0390025411050929,0.436815404092949,0.0433240164738249,0.245102078974611,0.0463617509641888
P32962,1,0.0440510581614943,0.0440552185397862,0.0423191611223121,0.0433932480041666,0.0362038990453578,0.484910440569414,0.0418568856511845,0.223408046621244,0.03980204228504
P32961,1,0.0601892614755127,0.0601923264220372,0.0558269089466691,0.0587360940853297,0.0454986085773877,0.369793511252232,0.0547672129477629,0.243201404006039,0.0517946722870301
A0A1I9LS19,1,0.0598681199373683,0.0599299724735512,0.0564327101595317,0.0582312412459878,0.0539311674167206,0.393602618098713,0.0558114642750509,0.204153851383859,0.0580388550092178
Q8LPK0,1,0.0611428915595589,0.0610727409657409,0.0577490472467838,0.0603215442598805,0.0430531653926709,0.31339730567432,0.0568113702129577,0.29775742058181,0.0486945141062774
Q9STL0,1,0.0756974435256041,0.0759588094712265,0.0678049942425651,0.0711699624706775,0.0820101573144813,0.307933430126117,0.066780184264316,0.169908068764597,0.0827369498204147
Q9M2Z8,1,0.061931237103439,0.0621598852259868,0.0543819173912563,0.057607482267627,0.0616920240219463,0.39251181209989,0.0534234321576254,0.19164871994302,0.0646434897892092
Q9SMU8,1,0.0365710306619053,0.0365858577782683,0.0350508797449805,0.0359637571134266,0.0302427497887276,0.562212462533063,0.0346567537544672,0.19447241633196,0.0342440922932012
Q9LY00,1,0.054812448627401,0.0550112727409115,0.0481584836319017,0.0509896709238633,0.0510672184187602,0.427706281669522,0.0473093210061701,0.20808355309576,0.0568617498857104
Q0WSK8,1,0.0612823929169598,0.0614740394112033,0.0540048425069423,0.0573877868847506,0.0611770572607902,0.412700635738164,0.0529891877686383,0.176304843976173,0.0626792135363787
Q84JS5,1,0.0777472748052584,0.0779874827349743,0.0695488963178338,0.0733027595896396,0.0856730324307254,0.301033724629749,0.0684551314109415,0.162633752699524,0.0836179453813547
A0A384L6D5,1,0.0761295747543457,0.0761223189669084,0.0721577536945922,0.0747924014032255,0.062843559475458,0.282025641402264,0.0712351781065079,0.217683428135065,0.0670101440616339
Q1G393,1,0.0684504863775874,0.0686452568043925,0.061225732867477,0.0645155518490409,0.0602879375249218,0.328736556489825,0.0602352142137924,0.217074605233237,0.0708286586397258
Q9LYC3,1,0.0688524262309167,0.0691582657471496,0.0592556041056809,0.0633446067513472,0.0750843572786381,0.360320658863434,0.0581072538370366,0.169547700922625,0.0763291262631718
AT3G09985,1,0.0734426805114611,0.0736741116993341,0.0652250012540247,0.0689954057942703,0.0810927330707102,0.332047583149397,0.0641233813286325,0.164285166797277,0.0771139363948933
Q9ZNU5,1,0.0600937746513686,0.0602461926962611,0.0537103810833966,0.0567506094122017,0.0510031257821458,0.380010049103716,0.0527795560017342,0.224987812586253,0.0604184986829229
AT2G04435,1,0.0564547476753787,0.0565293839253049,0.0523382463635053,0.0545192749492044,0.0536757422045858,0.440294830240038,0.0516178017125234,0.180140775418027,0.0544291975114323
Q9SIA3,1,0.0826592667821564,0.0829253179434598,0.0727350652328586,0.0772234244628362,0.0780620665099361,0.260362113167035,0.0714869085282291,0.188839696478029,0.0857061408954607
Q9SL16,1,0.0597703673557715,0.0596936182446427,0.0570659924278726,0.0594003500217711,0.0423878752650376,0.341374072629677,0.0561538971056635,0.275347742384089,0.0488060845654758
P92558,1,0.0821930930949758,0.0825210012751328,0.0720592329509103,0.0764224151988834,0.0931791464270451,0.269886648630846,0.0708539214205524,0.161358489651099,0.0915260513505555
Q2V491,1,0.0563818100708084,0.056485661454328,0.0521737812244484,0.0542245401800447,0.05474736242616,0.4389676581355,0.0514953811815301,0.178614597646498,0.0569092076806831
Q9SKL6,1,0.0455246340341522,0.0455855707906079,0.0420046073041252,0.043829757811672,0.03343461872959,0.394876908789094,0.0413243375182324,0.311018183585443,0.0424013814370839
Q7Y232,1,0.0410732892654395,0.041114008061051,0.0381038067136622,0.039693474843412,0.0331818045198247,0.499728069221348,0.0375523793635088,0.231738191680469,0.0378149763312847
F4IQG2,1,0.0588289086769772,0.0589024788009745,0.0550233162840332,0.0569761504091306,0.0538391389713256,0.403781290191364,0.0543253480043708,0.202118539304604,0.0562048293572199
A0MEM6,1,0.0687708490000358,0.0688806520141599,0.0634946758637071,0.0661158164926862,0.0610728113071039,0.327066239764643,0.0626045711478619,0.216460093173333,0.065534291236469
O82200,1,0.056071126579711,0.056283026331344,0.0490370280014355,0.0520665028128337,0.0531212616292471,0.431385994600489,0.0481196298541477,0.194812069223132,0.0591033609676602
Q501D8,1,0.0552103247357948,0.0552376480365137,0.0505667617893046,0.0533674881149968,0.0427059338088459,0.401042578075165,0.0496360310672543,0.243796682979237,0.0484365513928875
O64820,1,0.0640693686210081,0.064310454066834,0.0561443085716317,0.0596073156949529,0.0674452051369971,0.39213364728901,0.0551205249264108,0.172642689907292,0.0685264857858634
Q94CB8,1,0.0706118953832117,0.0705220610848718,0.0697706064248238,0.0710206003389682,0.053137308602559,0.286623721406868,0.0690962781870773,0.248923486565551,0.0602940420060685
Q9ZUV4,1,0.057544045283082,0.0574681251891287,0.0563111000202007,0.0576851402838905,0.0400136196312336,0.319408030783433,0.0555483272580538,0.309026033518899,0.0469955780320786
Q9ZW27,1,0.0491279955203005,0.0491776169485974,0.0443544046452397,0.0470361893678196,0.037919647167388,0.433873326304582,0.0435073957155694,0.251348855129032,0.043654569201472
Q8VYM0,1,0.0541156485981268,0.0541135715648995,0.0513294644448419,0.0532880041361604,0.0377787432846731,0.354209700214375,0.0504827201938174,0.296710724295782,0.0479714232673242
O48851,1,0.0518296309698044,0.0518833360593739,0.0486915819250131,0.0503639928944637,0.045605496889353,0.450399999216529,0.0480520624389648,0.204296128501804,0.0488777711046936
P93007,1,0.040163004930131,0.0402262678558242,0.0368760094915323,0.0385463802319126,0.0315467419865967,0.498914376475553,0.0362656701512941,0.239378809252886,0.03808273962427
O22971,1,0.074951468481666,0.0753755871124952,0.0630057579080921,0.0676961446311142,0.0829648654655406,0.308632460076551,0.061753766746486,0.17892709677101,0.0866928528070457
Q9SJ52,1,0.0337416463199866,0.0337181432832975,0.0329887309310689,0.0336117755397439,0.0247781401724483,0.48420810689559,0.0326545378112878,0.295021483423731,0.0292774356228463
Q9SJQ4,1,0.061255230841816,0.0614481686288404,0.0546080042753897,0.0576331287936388,0.0624884803353082,0.411497623478586,0.0536688423541894,0.173116346618902,0.0642841746733293
O80950,1,0.0510414384673403,0.051096272408343,0.0461296863859284,0.048839023186932,0.0373724698814181,0.377349311015201,0.0452502483725721,0.297607541782415,0.0453140084998495
Q9SHC2,1,0.0697529992060193,0.0697340199153816,0.0661238779958086,0.0685397402055305,0.0550627576763928,0.304979937103758,0.0651896919040578,0.241645393729771,0.0589715822632804
Q93WU8,1,0.0661565392154364,0.0662573876624774,0.0604181801884627,0.0633537430280366,0.0511384299175286,0.31198634216778,0.0594618937265835,0.258483272645128,0.0627442114485669
O24603,1,0.0410927211504867,0.0411557671386909,0.0377066222996517,0.039380608488062,0.031553166402425,0.444676870778473,0.0370983975161723,0.289421051548096,0.0379147946779428
O22822,1,0.0396239031192258,0.0396749460736775,0.0367906613780377,0.038301528609051,0.0335028508574602,0.547650188036214,0.0362303579746616,0.190657681986738,0.0375678819649348
P0CH01,1,0.0512327010265509,0.0512833921951633,0.0476926773012321,0.0496074808663867,0.0378065680047387,0.376297021115849,0.0469511416772571,0.291831500195245,0.0472975176175774
O23077,1,0.0696436182587376,0.0697877388617777,0.0627779682711906,0.0662634107753478,0.0685936854164267,0.352078330367126,0.0617503003366665,0.180310303482396,0.0687946442303305
A0A1P8B3J6,1,0.0581399415407009,0.0581279934708053,0.0566996825153924,0.0578656016700326,0.0417311264268206,0.339984170554081,0.0560484650034654,0.277331910038705,0.0540711087799967
A0A1P8B8B4,1,0.0344977935348778,0.0345021992704832,0.0326409750987556,0.0338236712022828,0.0273120710110451,0.572720145644006,0.0321900724656662,0.201260832113138,0.0310522396597452
Q8RXK7,1,0.0317600210013148,0.0317428418923098,0.0300970071118721,0.0312885806046509,0.0224577737336971,0.508858830947464,0.0296126776159454,0.287421250930796,0.0267610161619502
Q9ZPH4,1,0.0699308811387068,0.0700652624624755,0.0612403228022366,0.0657308207221922,0.0581495181099566,0.32634120489847,0.0599609330898572,0.225174481318794,0.0634065754573107
A0A178V0J4,1,0.0474958687549698,0.0475679641643343,0.0434301987854264,0.0455706881824441,0.0386538245560485,0.468068371773767,0.0426572217448389,0.222150768384029,0.0444050936541418
Q38806,1,0.0642057093943577,0.0643354744808358,0.0573635131031587,0.0608126045674445,0.0574026779498653,0.369026437877201,0.0563298192757726,0.209868061741016,0.0606557016103492
Q9T0J9,1,0.0674336062267528,0.0675694104768776,0.0596604467132204,0.0636164256712093,0.0555015959427193,0.334560192732214,0.058477310415636,0.230348151184675,0.0628328606366948
Q9T0K0,1,0.0676763573232063,0.0678209861348144,0.0600486455084336,0.0639307221725162,0.0574208251275606,0.344127898692437,0.0588822531417334,0.215162777546822,0.064929534352477
O23267,1,0.0697260145061144,0.0699909627827701,0.0600275207002622,0.0643705126692498,0.068886866491238,0.346125511302642,0.0588481760080962,0.189205389279217,0.0728190462604109
O23401,1,0.0665038779116178,0.0667484952211435,0.0581168760793822,0.0619524781551913,0.0698386868897105,0.380334903510621,0.0569920220421203,0.168094257234117,0.0714184029560962
O81815,1,0.0529394810913412,0.0529861882447109,0.0488615135601944,0.051230453825466,0.0455315555688037,0.45431243128747,0.0480343451405897,0.197785690698311,0.0483183405831135
F4JTY7,1,0.0603953870487894,0.0604696617397893,0.0563703264435794,0.0585140753830818,0.0561770186475412,0.4038242170189,0.055664554683448,0.189413987485459,0.0591707715494123
Q84MA5,1,0.0514383150700368,0.0515000195249395,0.0473019801752753,0.0495601871539852,0.039580544653298,0.412761119877988,0.0464459951780463,0.254385184367353,0.0470266539990786
Q93WT0,1,0.0648286490159123,0.065088976555549,0.0564592241768728,0.0599556079595979,0.0574309714729478,0.344616170954921,0.055415949443412,0.227420309123121,0.0687841412976673
A0A178URY2,1,0.048117747172471,0.0480689891708034,0.0457016565628903,0.0475680728913288,0.0347774090820415,0.402525780308454,0.0450054857168723,0.288825019911876,0.0394098391832622
Q9SZ28,1,0.0509547068573444,0.0508653554182224,0.0510617100307848,0.0517431893947152,0.0371832500655807,0.400567612507201,0.050608531050203,0.263336502211359,0.0436791424645901
A0A384KHS1,1,0.0534205020344835,0.0535191969059029,0.0478373898941087,0.0506142407212849,0.0425662094451101,0.398153294831621,0.0469353781801224,0.258173915487287,0.0487798725000794
Q9FUJ2,1,0.0354919532110728,0.0354766250439465,0.0346168164812156,0.035345755389118,0.027034549910617,0.534912954748023,0.0342329301472238,0.230990893610747,0.0318975214580369
O65782,1,0.056279454947934,0.0563815913002856,0.0495286638038207,0.0531002687954436,0.0440802222866623,0.394249428892345,0.0484483094828695,0.24691363117013,0.0510184293205103
Q8VZE9,1,0.0444386424779754,0.0444090198933921,0.0425966824673774,0.043919221850533,0.0319077506845594,0.387589060054062,0.0420017793915254,0.326388938587143,0.036748904593433
Q9SZ05,1,0.0500786681866163,0.050039197660289,0.0484127145908703,0.0498417716265936,0.035933580908232,0.397869594306724,0.0477454064899371,0.276833417449745,0.0432456487809922
Q9ZT49,1,0.0584820213474255,0.0585887407131881,0.0537695818341445,0.0561371828399208,0.0533326282085761,0.415960306803314,0.0529390132063725,0.193286045023528,0.0575044800235308
AT4G36052,1,0.0588659950312376,0.0589546917765046,0.0547252612667392,0.0568251925124452,0.0549150620474258,0.414124937880291,0.0539985724350749,0.189949585356205,0.0576407016940771
O23180,1,0.0650970367907716,0.0653536825311624,0.0564521132944158,0.0601568961039569,0.0595634226235549,0.352946641194245,0.0553889982026909,0.216699843783476,0.0683413654757261
A0A1P8B710,1,0.0665221839039035,0.0667520994474972,0.0589254487340204,0.0623032426178933,0.0707807679695191,0.375317382952015,0.0579080518916253,0.170608400590373,0.070882421893153
F4JTP5,1,0.0548585444465778,0.0548992440133354,0.0501759546732758,0.0527747910671205,0.0405065515760062,0.353132263037357,0.0492311150519992,0.297754665543041,0.0466668705912869
O81346,1,0.0541516393144731,0.0542497065260665,0.048412619342479,0.0514240252407442,0.0462103299067848,0.439292402129086,0.04749083764376,0.20771957742501,0.0510488624715962
Q39013,1,0.0643954770532178,0.0640153968842829,0.0687031787755616,0.0688207721872223,0.0347686585026207,0.193389963619888,0.0679568447930761,0.394948664766751,0.0430010434173787
Q5PP28,1,0.0617673959578845,0.0617853958176852,0.0561580263752487,0.0594116958446677,0.0379635192370529,0.216622920655471,0.0549952310649768,0.401385375703385,0.0499104393436286
B3H5Q1,1,0.0426093231973715,0.0425520696024987,0.0411711914150084,0.0424158477111704,0.0287179177143489,0.326879076224192,0.040607946485005,0.401177153774069,0.0338694738763352
Q9ZVS4,1,0.0812014569366301,0.0805207278754003,0.101103080080909,0.0931816358422145,0.0375025704563333,0.124801066676061,0.102065695748628,0.325170382494078,0.0544533838897466
Q84TF4,1,0.0418756307614559,0.0417022695281996,0.0448908477712315,0.044155075037686,0.024964331226351,0.211071483795953,0.0447386816049076,0.515066296166422,0.0315353841077931
O23035,1,0.03798767904442,0.0378312668751142,0.0399656119122292,0.0398121885039797,0.0199571792885256,0.135026923993288,0.0396322888419228,0.621690953219094,0.028095908321426
A0A178WCQ9,1,0.0669306986379874,0.0663357424623594,0.0818294751192317,0.0765688190032908,0.0316303241666385,0.1312100360887,0.0823333067225627,0.42063083778244,0.0425307600167896
B3H674,1,0.0553446108793103,0.0551944544434899,0.0547247882873311,0.056265709497739,0.0301165664929892,0.185651647056853,0.0538735143361496,0.46650137521512,0.0423273337910178
Q94KE0,1,0.0709951858051678,0.0703758249316207,0.0862922713067799,0.0808537164364827,0.0314367743421352,0.11480477551702,0.0868400699367064,0.412821805008651,0.0455795767154369
F4I111,1,0.0908453200600843,0.0896246837597078,0.121948660435117,0.111700058300668,0.0346563193149425,0.100188474183358,0.12263516352317,0.279438073316079,0.0489632471068727
Q9SXB6,1,0.0746758954351224,0.073949660831336,0.0938835965910319,0.0867627772777999,0.0313030252160872,0.107096652077531,0.0945306549575775,0.391810813720337,0.0459869238931765
Q9FZ72,1,0.0352703284435632,0.0351261460859671,0.0367216460119528,0.0367858578175018,0.0190243219942865,0.136644516015084,0.0363952847615798,0.63836897354785,0.0256629253222142
Q3EDD3,1,0.0716645613250706,0.0712922079708598,0.0772675261110172,0.0763581485261507,0.0412928228677177,0.193220063665996,0.0768233416754859,0.341977784374935,0.0501035434827675
A0A178WB88,1,0.0735126376805237,0.0727402156297168,0.088360598656617,0.084666527200643,0.0290422542230203,0.0993345725027916,0.0881275679897253,0.422427239527889,0.0417883865890733
O49839,1,0.0509979667034783,0.0507345601149439,0.0560254487845914,0.0547751061914687,0.0268633344583442,0.165266250041452,0.0557486777233429,0.502495948096273,0.0370927078861054
A0A178WJH0,1,0.0473059549086397,0.0472901227808887,0.04510376834994,0.0466078138232866,0.0301211380189686,0.27283858904487,0.044412120034418,0.425940877107575,0.0403796159314131
Q39224,1,0.030131835900377,0.0300555998024932,0.0304807228255308,0.0307713867034377,0.0188831220283649,0.264419830999216,0.0301958077096029,0.54128534214921,0.0237763518817669
Q9LMD1,1,0.0729580530203553,0.0724386297062624,0.0851106555305754,0.0809283073032874,0.0397249759456012,0.165421540649319,0.0855208616473451,0.34864493556559,0.0492520406316642
Q9ZWJ3,1,0.045968646037691,0.0456549155891592,0.0513939454328253,0.0500900223933711,0.0226772343037678,0.12013829992716,0.0512086207084672,0.583011978446793,0.0298563371607652
A2RVM1,1,0.050497489253967,0.0502168879844909,0.0533315484149536,0.0535117062698876,0.026786243030583,0.167157459357034,0.0528231064085684,0.511535014932461,0.0341405443480544
F4I1G5,1,0.0943442265404631,0.0931064663583293,0.125515281015695,0.115444746854963,0.0403303905925996,0.11380243358922,0.12652636553997,0.238936870178373,0.0519932193303864
A0A178WCZ2,1,0.0796377693493242,0.078764932524955,0.105929929335641,0.095232761941223,0.0351244663736022,0.115464432647329,0.107641290741397,0.334058918880418,0.0481454982061107
Q9C8G9,1,0.0747462382632919,0.0739868884740002,0.0919741833583406,0.0864957551802193,0.029649418976063,0.0982365057135156,0.0920409114231668,0.409380346479966,0.0434897521314371
A0A178WJZ2,1,0.0701628385409186,0.0697205134762175,0.0742776780978439,0.0749313756129052,0.0363768043785848,0.174826295830916,0.0732936790096397,0.381538568691181,0.0448722463617935
Q9C6S4,1,0.0650514622078792,0.0644970188734156,0.0766766077834209,0.0734163106239631,0.0311865447304849,0.141604000898855,0.0766025957312759,0.430251320546239,0.0407141386044661
Q9FVR3,1,0.0661303825299065,0.0659678701892857,0.06270549066733,0.0661318490155887,0.0399620365036991,0.251694680051524,0.0614023216993287,0.337244127176201,0.048761242167136
Q9MAP7,1,0.0474470766097891,0.047129413189097,0.0541339465033828,0.0521297785829967,0.0223956366777086,0.111092976472844,0.0540651713216185,0.579357022129756,0.0322489785128078
Q9C7I8,1,0.0681661983434897,0.0681523086513633,0.0611308704117093,0.0656670502957055,0.0441699533530759,0.269303395302117,0.0596585509861457,0.309535743434676,0.0542159292217174
Q94LA4,1,0.0828699024073101,0.0823202574196417,0.0906423257798806,0.0898893232350665,0.0461866813641866,0.185254394269437,0.0900508270359031,0.277044963311696,0.0557413251768791
Q9LNG5,1,0.0962292210408241,0.094878096187928,0.137588981003463,0.121016575474058,0.0379547594575236,0.0927011538695423,0.140238185563249,0.227714009275471,0.0516790181279407
A0A1P8ARP7,1,0.0529090931115619,0.0526620200221556,0.0550997252390041,0.0553072295784531,0.0274799647921092,0.143842979163142,0.0545712585723392,0.521626121695149,0.0365016078260859
Q9LPM7,1,0.0654757776620732,0.0652318423378153,0.0686901781552789,0.0686335170186123,0.0381735376284642,0.228475789905945,0.0681251409626708,0.345394018136789,0.0518001981923515
Q8GWI7,1,0.0687430217147375,0.0685067561107364,0.0697853528812567,0.0710560826427433,0.0371933443573417,0.192179610210264,0.0688149348390778,0.371090686209456,0.0526302110343871
F4HTB2,1,0.0549655314617046,0.0548151409834448,0.0557855316537806,0.0563627648522548,0.0371651492247396,0.315006062545981,0.0553245890819699,0.326919700349767,0.0436555298463571
Q06327,1,0.0611577002881985,0.0610249215911912,0.0609358482616538,0.0620173628659083,0.0342937287482888,0.186364266915545,0.0602090570448211,0.424907818204386,0.0490892960800078
Q9ASZ9,1,0.0575890682644474,0.0576740829471045,0.0514618428327094,0.0546005379514533,0.0392761425266158,0.273831852797414,0.0504141789451288,0.365374508922777,0.0497777848123498
F4HPY8,1,0.0669262186209794,0.0667842219278891,0.0651977343575004,0.0671233537220327,0.0430775645794179,0.240477293822194,0.064373470460718,0.334410755210154,0.0516293872991144
Q9XIQ1,1,0.0841504801231711,0.0830683502851819,0.119114504330961,0.104527485538387,0.0343611008231711,0.104142370604533,0.121686542788697,0.300277716163968,0.0486714493419295
O04474,1,0.0675340067325411,0.0673294236521025,0.0718984300083228,0.0706007310511438,0.040493272782758,0.209130805647793,0.0717290404509888,0.344754495532083,0.0565297941422674
Q9FXE3,1,0.0469901550178543,0.0466652866717439,0.0545741581372654,0.0520810511488807,0.0251003885404012,0.166697527091246,0.0547125411190633,0.520728993045699,0.0324498992278456
Q94F37,1,0.0492419403663613,0.0488862315841763,0.0552414143945516,0.0540148115618765,0.0225398491835187,0.111376062973504,0.0548739750456057,0.572083660805696,0.0317420540847106
Q94A41,1,0.0931611550332365,0.0919562146718317,0.114878553298424,0.110845499477107,0.0334394553402047,0.0952918933118398,0.113951822484117,0.298142720577468,0.0483326858057708
O64592,1,0.0500528094972076,0.0500305537036516,0.0477076097266585,0.0492766860545897,0.0330063352897161,0.27078351475454,0.0470125088207281,0.410623155575449,0.0415068265774591
Q9CAL3,1,0.0624771561635576,0.0619235263157107,0.0758731302843074,0.0713693500753526,0.0290008652312871,0.128956522324832,0.0761254039095599,0.454774265767201,0.0394997799281917
Q9CAL2,1,0.0672278744726469,0.0666193032131042,0.0832183613665175,0.0773468336920109,0.0307903190448458,0.124133752974556,0.0837814327558054,0.424260307127469,0.0426218153530446
Q9C998,1,0.0854929413771572,0.0846935135798303,0.102189215987875,0.0977467221945305,0.0403570264275841,0.139537979516913,0.102024107743047,0.295715183691387,0.052243309481676
Q39232,1,0.0873910945760081,0.0862851290219614,0.112452336992999,0.105264647405673,0.0339123036735898,0.103840586315177,0.112590932741037,0.3107193989949,0.0475435702786547
A0A178WMS2,1,0.0553092967165958,0.0549390822802971,0.0612448056449033,0.0602964700723645,0.0272444438385684,0.15193895524215,0.060767122273035,0.49135558814338,0.0369042357887055
P92976,1,0.0360217803131344,0.0358326172483016,0.0394938019869437,0.0386393764112968,0.0191474287540322,0.140541790805616,0.0393235219695783,0.625096198348992,0.0259034841621046
A0A178WFN8,1,0.0514857000303283,0.0514114489925061,0.0509799792458194,0.0517915514719905,0.0316748784922388,0.224282529892844,0.0504031208558613,0.44577602161986,0.042194769398551
A0A178WJS6,1,0.0533315162749983,0.0533173872580937,0.051137236141732,0.0525727019268977,0.0352250620673734,0.270482511753042,0.0504182671761146,0.388303280679979,0.0452120367217693
Q8LAH7,1,0.0342870361289785,0.0342018236624436,0.0353242807128085,0.0352525195135692,0.0221987453126826,0.311712389047749,0.0351058619780382,0.463889071014443,0.0280282726292872
Q8GYB8,1,0.0611099472692535,0.0611533967312113,0.0557206335245616,0.0586818365694221,0.0387875377537389,0.229375188034635,0.0546601802549588,0.388808554178858,0.0517027256833607
Q39134,1,0.0701094861503172,0.069390775565208,0.0868640991512921,0.0816528812007674,0.0289171382233264,0.10820709916938,0.0870778301756876,0.425521344132069,0.042259346231952
Q9FVW9,1,0.0689201137135578,0.0687355018816868,0.0670675646722093,0.069726574015847,0.0385899241044159,0.204304258539576,0.0658352474552926,0.364863119824365,0.0519576957930496
Q9CAR0,1,0.0644028625000834,0.064274976146784,0.0610988796388216,0.0638514715468441,0.0351647271790198,0.168796498458019,0.0599071528217038,0.436155876220092,0.0463475554886328
