ID,Cluster,#1,#2,#3,#4,#5,#6,#7,#8,#9
Q8GXQ7,1,0.149990707307927,0.0181671158891826,0.0181055982851974,0.15568302921272,0.18525082786896,0.143198903719916,0.165744129928233,0.14587803214256,0.0179816556453035
P93821,1,0.149029955916286,0.0283663200586404,0.0282901814075649,0.150417986990706,0.167379390060628,0.145733408118458,0.157741823064797,0.144909108661614,0.0281318257213054
O04027,1,0.144309856227117,0.0466104476151234,0.0466145980922004,0.142781713898367,0.14817831240441,0.143403214769327,0.141768758699342,0.13973020906522,0.046602889228894
F4I177,1,0.149584660140933,0.0177249672614515,0.0177344896275091,0.152061302670092,0.184267773748966,0.143562387388187,0.175444201275828,0.141865858068384,0.0177543598186492
Q9C673,1,0.155939147400709,0.0209388005747479,0.0209269575223285,0.158022471667194,0.171841877506734,0.150908262678298,0.151027844986446,0.149496062115171,0.020898575548372
A0A1P8AU14,1,0.144217573616258,0.0348941582551726,0.0348303028475553,0.144327730470225,0.168498815541144,0.140681210638121,0.160460237111744,0.137398879731316,0.0346910917884641
AT1G06737,1,0.153675490525171,0.0224230671972626,0.0223627963606204,0.153336485671186,0.170402280794881,0.150074938771044,0.159558272584562,0.145932795192313,0.0222338729029614
Q058G8,1,0.140743965130429,0.0136194428518426,0.0135937663351095,0.142908396052711,0.211293932175665,0.133148710925258,0.201717602617257,0.129436617965468,0.0135375659462596
F4I3G1,1,0.144360878536221,0.0187869560491788,0.018719162003974,0.150359400819305,0.189969194291404,0.137399487370225,0.181498482020975,0.140327208850835,0.0185792300578821
Q9LPG4,1,0.152232680513464,0.0183877334240356,0.0183775302514773,0.153056761048799,0.171447505709324,0.149226920407207,0.171121501596748,0.147792941862378,0.0183564251865668
Q9SYF3,1,0.159557199045828,0.0102917970022312,0.0102708474296649,0.159754514478765,0.189536535436949,0.153039683994025,0.160090244792063,0.147234433282096,0.0102247445383786
A0A178WJJ5,1,0.148065806743396,0.0372486466468432,0.0372225597074598,0.146746379706413,0.158935237382994,0.145829738586787,0.147475845139572,0.141321471785521,0.0371543143010143
Q9M9F5,1,0.146275604053858,0.0353163776382181,0.0352267704550687,0.146455506317748,0.167432399085374,0.142613453550867,0.152334212496992,0.139315463345263,0.0350302130566111
Q9C971,1,0.15259208638632,0.0308292039723422,0.0308426489387839,0.152109648427998,0.160872564576362,0.15023857003492,0.144522571993669,0.147120809335683,0.030871896333921
Q9LZW0,1,0.141899162876604,0.0323284489732257,0.0323906009752042,0.144382585165816,0.17424857177419,0.136771131230501,0.169526872476625,0.135924386746274,0.0325282397815598
A0A178UDF8,1,0.142297648249326,0.0244100858059504,0.024373282538021,0.146214183083738,0.192952092126692,0.134877866437223,0.176600410610855,0.133982649613678,0.0242917815345157
Q9S7T9,1,0.157021804454873,0.020761623151156,0.0207470755606304,0.15793160873773,0.1676192861556,0.15322939255505,0.150870887255643,0.151103509526459,0.0207148126028589
Q3E9F6,1,0.14459691894833,0.0292035329868893,0.0291553194393909,0.145564568524555,0.175032972091296,0.140470472939389,0.1688671478261,0.13806938658705,0.0290396806569991
Q6NLH4,1,0.154774623333007,0.0187148836192666,0.0186898475981413,0.154954163404398,0.179348351864339,0.149395252368275,0.161009851039122,0.144482151097479,0.0186308756759713
Q8W1E3,1,0.141126429951672,0.0219816269378143,0.0219836230320781,0.144180962822408,0.191390196063309,0.134255031566897,0.190537933206658,0.132560201963507,0.0219839944556571
Q96305,1,0.143843655722984,0.0307749718863807,0.0307038903605629,0.147874759200953,0.171253257161703,0.138919593166965,0.165224757238868,0.140839266476757,0.0305658487848264
Q9M8S6,1,0.142963765381245,0.0179772335847418,0.0179316833092447,0.149766172150579,0.200329106942935,0.134430343650677,0.181892520030625,0.136872409369433,0.0178367655805212
Q9LSM9,1,0.145156692016915,0.0221246422917864,0.0220784076436339,0.150237512067917,0.180362449735675,0.139222302186017,0.177036121233938,0.141795861774181,0.0219860110499368
F4J1N5,1,0.151099715216274,0.0231941929274212,0.0231905033030756,0.152872029855365,0.175674668119449,0.145796383340477,0.161413347936942,0.143575372542518,0.0231837867584786
Q84JG6,1,0.145070396502827,0.0214909430460106,0.021415317928563,0.149925713130135,0.190758045385792,0.137645773654515,0.174243907136597,0.138195250243479,0.0212546529720818
Q9ZPR6,1,0.146014328829429,0.0255016563166722,0.0254446009378513,0.150642763699352,0.177173901380093,0.140562769793806,0.166383865613898,0.142950606808243,0.0253255066206548
AT2G06995,1,0.144068140349275,0.0289609954420545,0.0289574099821721,0.144387740727183,0.175448348258106,0.140075317489999,0.172400953207454,0.136755524409747,0.0289455701340097
Q9SI19,1,0.149201567460986,0.0267296766285277,0.0266528208715976,0.153013651329221,0.168678266151543,0.144666821115862,0.157899179732355,0.146657743904141,0.0265002728057676
B3H592,1,0.149201127695137,0.0289759224825726,0.0289055009519986,0.149958596145108,0.167603052592176,0.145891620344621,0.156752019694308,0.143959821571559,0.0287523385225204
O82229,1,0.144106286353563,0.0267753963969661,0.0266971439767293,0.14843775965929,0.183009731095193,0.13772535180773,0.168162000436548,0.1385503606174,0.0265359696565806
O80949,1,0.137624193715024,0.0482859241768603,0.0482853397536288,0.137532559485855,0.156335431233814,0.135225634144673,0.155744002646321,0.13269480261589,0.048272112227934
O64857,1,0.152681149023458,0.0196879520040179,0.0196767326177266,0.153192351208431,0.169566405624863,0.149979312845893,0.167261240826248,0.148301476806547,0.0196533790428147
AT4G05535,1,0.144217573616258,0.0348941582551726,0.0348303028475553,0.144327730470225,0.168498815541144,0.140681210638121,0.160460237111744,0.137398879731316,0.0346910917884641
Q3EA54,1,0.152757936146993,0.0270010311917716,0.0269733701483216,0.155429588652637,0.169671804214815,0.148115942889636,0.14502107469716,0.148115029778281,0.0269142222803843
Q9T0K2,1,0.14493201429305,0.0211116897705257,0.0210441834245884,0.1505566931063,0.189827555060296,0.137765963545688,0.173995937670618,0.139860213152704,0.0209057499762295
P93277,1,0.138044389508183,0.049958457828904,0.0499613998145634,0.137544232883948,0.153847784769638,0.13591303078135,0.151876340305843,0.132905610263826,0.0499487538437449
AT1G04223,1,0.130698164214447,0.0126878772320455,0.012679965255613,0.133702837720269,0.217961455894664,0.122613119827177,0.237287698672405,0.119708891792859,0.0126599893905203
A0A1P8AUV9,1,0.124209164420272,0.0170955489632188,0.0170616364044229,0.127394333763636,0.200494080379246,0.117723039860622,0.262464210200504,0.116567186222237,0.016990799785841
Q8VYL8,1,0.110437880185483,0.0341157932591171,0.0341355377564014,0.112182605290113,0.183618427343735,0.105207192300166,0.283165689031515,0.10297371382574,0.0341631610077299
AT1G05533,1,0.113348219039321,0.0273865338475532,0.0273980591500317,0.114865064569455,0.189316253433342,0.107864871846464,0.287362951498968,0.105046151995704,0.027411894619161
Q6NM06,1,0.129586931386806,0.0351182784777957,0.0351498407798547,0.131318718293968,0.185436235385616,0.124058402513206,0.202587816417072,0.121542801378424,0.0352009753672563
Q94LA7,1,0.119658832771695,0.034307912976507,0.034312338614051,0.121680738837656,0.177114690063304,0.115044894311089,0.249701696817865,0.113864424716342,0.0343144708914904
F4HV37,1,0.144677844151933,0.0389883873931982,0.0389874693069922,0.144081896498761,0.154274540834735,0.143269161329148,0.155936776366377,0.140807371430795,0.0389765526880594
A0A178WPD2,1,0.135284288249908,0.0160736125860156,0.0160661799492392,0.137249047967052,0.194668857215433,0.129619468239991,0.227558183497002,0.127430529507735,0.0160498327876244
Q9FZB8,1,0.126626073237927,0.0494621872192755,0.0494788364608526,0.127500268034169,0.166496405890349,0.122779843711967,0.18768470049729,0.120475492661069,0.0494961922871007
Q38824,1,0.113136593414733,0.0260654526187543,0.0260081230708198,0.115782675446891,0.197391534537022,0.106723426708209,0.284283417347713,0.104730518310185,0.0258782585456739
Q94HW4,1,0.119658832771695,0.034307912976507,0.034312338614051,0.121680738837656,0.177114690063304,0.115044894311089,0.249701696817865,0.113864424716342,0.0343144708914904
Q5E930,1,0.103913685084725,0.00785838995081145,0.00784602550842333,0.108348144733754,0.242036547232513,0.0951005137052541,0.33362065842826,0.0934568895687984,0.00781914578746116
AT1G08543,1,0.126656212216272,0.0317157313851237,0.0316858961183645,0.128306164467455,0.184295832415247,0.121490844365532,0.225070555675752,0.119175714506052,0.031603048850202
AT1G64618,1,0.110185439820387,0.0288139242030014,0.0288276472831789,0.111883450952512,0.184391895846065,0.104935397408283,0.299510069486871,0.102606938118083,0.028845236881618
A0A1P8APL7,1,0.117804214132025,0.0247519007377604,0.0247515996729837,0.119607026247184,0.195279945374941,0.112001909074876,0.271719410555836,0.10933980737881,0.0247441868255847
AT1G08803,1,0.125031279194195,0.0428478164438404,0.0428698880329715,0.125935970105659,0.169270581460468,0.121076240025397,0.211383183123689,0.118688880552387,0.042896161061392
Q9C8Y5,1,0.139075816694126,0.0201143727909862,0.0200707440511904,0.140656557034151,0.189569563318766,0.133420590077024,0.20655746227567,0.130557030879854,0.0199778628782329
Q9FZH9,1,0.145684391882438,0.0189185892959734,0.0188528672901903,0.148884768434193,0.181313322516027,0.140471661977805,0.186478752259129,0.140679276176579,0.0187163701676659
AT1G09423,1,0.119658832771695,0.034307912976507,0.034312338614051,0.121680738837656,0.177114690063304,0.115044894311089,0.249701696817865,0.113864424716342,0.0343144708914904
AT1G09427,1,0.140052538826509,0.0424960627651818,0.042503157741787,0.139717962965454,0.156959439178433,0.137951466777144,0.162538625986975,0.135275503360348,0.0425052423981667
B3H4W3,1,0.105928660094718,0.0201581641796004,0.0201319867937247,0.108718345527298,0.194556127911801,0.0999059740364137,0.331999087924887,0.098526752136375,0.0200749013951818
AT1G77138,1,0.126048982966025,0.0252387249329706,0.0251570279058344,0.129205473319936,0.199578274021017,0.11918845044571,0.233014536061246,0.11758605060751,0.0249824797397512
A0A1P8AN89,1,0.142018489479218,0.0275043718633706,0.0274650557450044,0.142244076530629,0.17697452281932,0.13774800652206,0.184747744297933,0.133927098569387,0.0273706341730776
A0A178UA82,1,0.144677844151933,0.0389883873931982,0.0389874693069922,0.144081896498761,0.154274540834735,0.143269161329148,0.155936776366377,0.140807371430795,0.0389765526880594
F4K6S3,1,0.119658832771695,0.034307912976507,0.034312338614051,0.121680738837656,0.177114690063304,0.115044894311089,0.249701696817865,0.113864424716342,0.0343144708914904
F4K2L4,1,0.119658832771695,0.034307912976507,0.034312338614051,0.121680738837656,0.177114690063304,0.115044894311089,0.249701696817865,0.113864424716342,0.0343144708914904
Q949R3,1,0.110666319698669,0.03950555619693,0.0395254975959698,0.112581208717787,0.180281027723555,0.105527587992588,0.26871338645379,0.103646261253493,0.0395531543672172
Q9FJ32,1,0.110344537709653,0.0307041542468255,0.0306467176493403,0.112810015115692,0.187747917467942,0.104656582596414,0.289480101917523,0.103090040728266,0.0305199325683433
AT5G08285,1,0.121353405641656,0.0359338647794762,0.0359166850004884,0.1226277472836,0.180765795227482,0.116370498177426,0.237548782489562,0.113617487958792,0.0358657334415187
AT5G08765,1,0.119658832771695,0.034307912976507,0.034312338614051,0.121680738837656,0.177114690063304,0.115044894311089,0.249701696817865,0.113864424716342,0.0343144708914904
A0A178UGA9,1,0.111440237750115,0.0254804308572351,0.0254542936730303,0.113894480402471,0.19322089495641,0.105569705902931,0.295716299743377,0.103828751172072,0.025394905542359
Q9LVR3,1,0.135340600976912,0.0173857479700608,0.0173328525582261,0.14030549282126,0.204501464775632,0.127745922912286,0.211887831940878,0.128280737250595,0.0172193487941499
AT3G01375,1,0.114101515280672,0.0194784663806328,0.0194540061308215,0.116528857050131,0.193008856683038,0.108183249433446,0.30348666774958,0.106358637114261,0.0193997441774174
AT3G01635,1,0.118725091605733,0.0452839598570359,0.0453062913037023,0.120200055714823,0.172814390875827,0.114249061418136,0.225783682844231,0.112302780823904,0.0453346855566083
A0A1I9LNS3,1,0.143513823578959,0.0199025196622328,0.0198755544466857,0.148679187489897,0.185097698752264,0.137362060210623,0.185895917424058,0.139853623044834,0.0198196153904467
A0A1I9LNH5,1,0.107647577540478,0.0232304846836175,0.0232345302448311,0.110593343783416,0.203036825968029,0.100803469829517,0.309357824689345,0.0988578921908178,0.023238051069948
Q9LHL6,1,0.105293556868315,0.012647945493223,0.0126368106825204,0.109289265050045,0.219241176940995,0.0975756246046189,0.33435026292886,0.096351944538568,0.0126134128928546
Q9LRR2,1,0.104144600227714,0.0279367586909882,0.0279310703854155,0.106232035204367,0.18464752917051,0.098725762886369,0.325640183770932,0.096832413591323,0.0279096460723824
Q9LUS9,1,0.136808296297942,0.0376507219588974,0.0376524142098629,0.136958303604867,0.170438589839708,0.133137949426146,0.179922008864003,0.129788723201374,0.0376429925971981
AT3G03595,1,0.119658832771695,0.034307912976507,0.034312338614051,0.121680738837656,0.177114690063304,0.115044894311089,0.249701696817865,0.113864424716342,0.0343144708914904
Q1G3M3,1,0.132468010322266,0.020901876455513,0.0208497512099294,0.136166427807572,0.198389530297904,0.125640336205339,0.219911577835753,0.124934336073135,0.0207381537925884
AT3G24332,1,0.135184484438562,0.0427851916005371,0.0427813587947829,0.135987432221679,0.163623524695121,0.132063656015199,0.174431470139716,0.130375176302695,0.0427677057917082
F4JBE2,1,0.10518796171497,0.0186964879854409,0.0186750224491139,0.107946008330318,0.202834253658784,0.0985007157469092,0.333123180225381,0.0964140278531134,0.0186223420359694
AT3G05145,1,0.126626073237927,0.0494621872192755,0.0494788364608526,0.127500268034169,0.166496405890349,0.122779843711967,0.18768470049729,0.120475492661069,0.0494961922871007
A0A384L5A7,1,0.119658832771695,0.034307912976507,0.034312338614051,0.121680738837656,0.177114690063304,0.115044894311089,0.249701696817865,0.113864424716342,0.0343144708914904
AT3G05635,1,0.118555079047237,0.0265908253768014,0.0265891949211613,0.121909667125723,0.192577737164242,0.112420402562362,0.262939189387097,0.111838638616379,0.0265792657989978
A0MDR2,1,0.11075404682628,0.0158206788281187,0.0158172891362549,0.112834941241534,0.197241987768345,0.104672211807361,0.324866121969967,0.102185736264472,0.0158069861576662
AT3G06605,1,0.144677844151933,0.0389883873931982,0.0389874693069922,0.144081896498761,0.154274540834735,0.143269161329148,0.155936776366377,0.140807371430795,0.0389765526880594
Q9LX82,1,0.11548950026319,0.0156017214928918,0.015567163975029,0.12065907781828,0.221552964638218,0.107043646622618,0.281758990183615,0.106832968551745,0.0154939664544133
AT3G07625,1,0.138685711710625,0.0441502283855392,0.0441678162544973,0.137991978084634,0.156740707850721,0.136514456338939,0.164446788248666,0.133118805668662,0.0441835074577153
Q9SMP6,1,0.132318797503581,0.0180991876301328,0.0180923631253974,0.137277686517928,0.201273378151462,0.124866387390927,0.224442479983302,0.125548550400681,0.0180811692965895
Q45GK4,1,0.144677844151933,0.0389883873931982,0.0389874693069922,0.144081896498761,0.154274540834735,0.143269161329148,0.155936776366377,0.140807371430795,0.0389765526880594
AT3G08245,1,0.135569419128466,0.031908162294323,0.031877648574544,0.136693061736767,0.181766469746072,0.130733057475937,0.191752187731392,0.127901436329723,0.0317985569827757
Q9M2S1,1,0.111271333293931,0.0279884009431295,0.0279837075803297,0.114243636284422,0.196328980751753,0.10476849581602,0.286245825068681,0.103198008644886,0.0279716116168474
Q9LES9,1,0.123686297261191,0.0327026731406333,0.0326778114460404,0.12565367686409,0.186716887833321,0.118329572811682,0.231280935592618,0.116341972953185,0.0326101720972395
AT3G09575,1,0.127075427281731,0.0179778793209163,0.0179356226186353,0.130797996615803,0.195577575143955,0.120847543754216,0.251147418817621,0.120795929040352,0.0178446074067722
AT2G04465,1,0.129284683491862,0.0249688709574136,0.0249674881024594,0.13040582151939,0.192702050346213,0.123759049616454,0.228660883964933,0.120292861986852,0.0249582900144228
AT2G06225,1,0.131576426988727,0.0389816589238348,0.0390003439594529,0.131767055001544,0.1693046519248,0.12790388834064,0.197846197929073,0.124599652071799,0.0390201248601294
Q8LF43,1,0.115004770471777,0.0187850300981652,0.0187605652297629,0.119382822396316,0.212917138526231,0.107454214450833,0.281990937405053,0.106999019825045,0.0187055015968161
O22184,1,0.113348219039321,0.0273865338475532,0.0273980591500317,0.114865064569455,0.189316253433342,0.107864871846464,0.287362951498968,0.105046151995704,0.027411894619161
Q9ZUI0,1,0.112587765092239,0.0185876149894108,0.018578295897449,0.114761826009671,0.200092616223514,0.106152193061699,0.307233605281282,0.103451618302327,0.0185544651424091
P93738,1,0.119658832771695,0.034307912976507,0.034312338614051,0.121680738837656,0.177114690063304,0.115044894311089,0.249701696817865,0.113864424716342,0.0343144708914904
AT2G09455,1,0.143245917050142,0.0298137886440114,0.0298122992584635,0.143139166280505,0.169650250874226,0.14009539788332,0.1776018974932,0.136838647749729,0.0298026347664032
A0A1P8B386,1,0.144677844151933,0.0389883873931982,0.0389874693069922,0.144081896498761,0.154274540834735,0.143269161329148,0.155936776366377,0.140807371430795,0.0389765526880594
A0A178V3G1,1,0.13876985969486,0.0238459851398816,0.0238182760041289,0.140253336528615,0.180346322396381,0.134230213798785,0.202712962232715,0.132273560855744,0.02374948334889
Q8L7H2,1,0.123032992195808,0.0215832764366137,0.0215844998678562,0.124446683363996,0.189312170455332,0.117710983110391,0.265854674069834,0.114893059412726,0.0215816610874427
P93835,1,0.137268318088693,0.0461781834343678,0.0461906753336982,0.137066880164512,0.156299376360425,0.135006881299821,0.163383169097222,0.132405087467653,0.0462014287536072
Q1PE49,1,0.115703326116881,0.0320418232365538,0.0320318994690572,0.118313403457237,0.192440969282726,0.109663925450385,0.259805610861537,0.107998910355394,0.0320001317702285
F4JU69,1,0.118492230400709,0.0244090086552979,0.0244124672181058,0.120479394049641,0.196772576619835,0.112482110460057,0.268615654813239,0.109923274090058,0.024413283693058
Q9SUA4,1,0.12813113218967,0.0390420907837559,0.0390454003807437,0.129449420622891,0.170676959094216,0.124205275960895,0.20785904831466,0.122548460032978,0.0390422126201898
O81755,1,0.122598783965443,0.0183502921789052,0.0183077015981782,0.125701904463607,0.197004701948827,0.116248503957693,0.268515862264966,0.115058808798051,0.0182134408243301
A0A178UYP1,1,0.132698854666307,0.0481582862147861,0.0481698059330989,0.133127558615811,0.160363509582953,0.12970820393069,0.172100106124039,0.127493267950618,0.0481804069816983
AT4G37225,1,0.122993002158951,0.019144098375944,0.0191551039939394,0.125519321301036,0.201322063826729,0.116197121105433,0.262779178550473,0.113716073923918,0.0191740367635781
Q9SVF4,1,0.125031279194195,0.0428478164438404,0.0428698880329714,0.125935970105659,0.169270581460468,0.121076240025397,0.21138318312369,0.118688880552387,0.0428961610613919
AT4G09785,1,0.135184484438562,0.0427851916005371,0.0427813587947829,0.135987432221679,0.163623524695121,0.132063656015199,0.174431470139716,0.130375176302695,0.0427677057917082
ENSRNA049493733,1,0.119658832771695,0.034307912976507,0.034312338614051,0.121680738837656,0.177114690063304,0.115044894311089,0.249701696817865,0.113864424716342,0.0343144708914904
Q8LEP7,1,0.132916780443101,0.0253600581298079,0.025304079054135,0.137423802450407,0.195705240510213,0.126033974199353,0.205504798692419,0.126568667933256,0.0251825985873073
Q84TF4,2,0.041329951082828,0.256983764821127,0.255132806647525,0.0413306066746615,0.0371839823942795,0.0416102925910958,0.033132098289538,0.0419033563438131,0.251393141155132
F4HSD5,2,0.0486028377756835,0.246416604852774,0.240910860942869,0.0485522701152619,0.0464317904036001,0.0486138189755935,0.0427188754268158,0.0485174583561492,0.229235483151253
A0A178W1Y6,2,0.0374643346004765,0.26627022800229,0.261317288487569,0.0375168075932039,0.0368434938151185,0.0373784462437207,0.0348371226571388,0.03737754803657,0.250994730563913
A0A178WJH0,2,0.0383309461302243,0.26773213459946,0.262810033232659,0.0382306944412999,0.0335147630717248,0.0387044722783526,0.029293112495435,0.0389003076073433,0.252483536143501
Q9M9V6,2,0.0476303242951607,0.240631326050526,0.239123064552675,0.0476730655522974,0.0483616164869292,0.0473280416148207,0.0464554035412216,0.0470823261613953,0.235714831744973
P92995,2,0.0426422443500196,0.253361652678068,0.251685186849642,0.0425958059617382,0.0406679371923069,0.0426331937196435,0.0371020876831128,0.0425275197599216,0.246784371805547
Q9LPM8,2,0.0483862616037164,0.249105180265442,0.242513579817693,0.0482565812661893,0.0448279768280919,0.0485707158842909,0.0405914564142116,0.0485067413699278,0.229241506550437
F4HPY8,2,0.0481848784570934,0.248939150908538,0.242554783189767,0.0482771780174266,0.0445811268746309,0.0483360029202726,0.0404106538504773,0.0486583305278647,0.23005789525393
A0A178WB81,2,0.0438418717339396,0.253529008644286,0.249159261582265,0.0439353767064553,0.0429413663246851,0.0436841343884057,0.0398103921755301,0.0436818569987776,0.239416731445656
F4K9X6,2,0.0418804052031038,0.255203841392732,0.253401658491733,0.0417720615535049,0.0393795666004041,0.0419833678975897,0.036073997788629,0.0418780252195611,0.248427075852742
Q9FLV4,2,0.0440966982897302,0.251031401925004,0.248716950134202,0.0442061594701223,0.041721372537166,0.0441103387175851,0.0381291700476239,0.0443221224649742,0.243665786413592
O49195,2,0.0439051483904933,0.249542112023624,0.24745537178679,0.0438936954518155,0.0437263704833714,0.0437213580063839,0.0414837853825019,0.0434990975722075,0.242773060902813
Q9FI39,2,0.0466252687193462,0.254906100722572,0.246916736707107,0.046511075431069,0.0422944860740945,0.046895362988333,0.037752329741141,0.046949693634217,0.231148945982121
Q9FFQ7,2,0.0385978140791952,0.26398280570196,0.260539251518424,0.0386274527249608,0.0349959709423725,0.038789172200361,0.0312404190347862,0.039041213928472,0.254185899869469
B2GVM7,2,0.0453684396258615,0.242767424105422,0.242555379986082,0.0455530184121791,0.0466679827838881,0.0449993578909426,0.045296209905389,0.0449434673014495,0.241848719988787
A0A178UQN6,2,0.0364072416392521,0.265458502145428,0.262488526410164,0.0364145297335768,0.0363222075932793,0.0362901543198074,0.0348931055305462,0.0361729796717959,0.255552752956151
Q93WU9,2,0.0482257416869569,0.246268251940809,0.240789161829917,0.0482202497275786,0.0467976259402557,0.0481929193831488,0.0439854189286795,0.0481346623079956,0.229385968254658
Q1PER6,2,0.0393833752083796,0.257042318446903,0.256699566311398,0.039441119724508,0.0377290549554175,0.0393511070273868,0.0348131669374145,0.0394174710653024,0.256122820323291
Q3E7K4,2,0.0462043648152971,0.247051844939908,0.243444885068806,0.0461985687978671,0.0457694250949837,0.0461014837212525,0.0437969284509055,0.0459721331678837,0.235460365943096
Q8LPK0,2,0.0391628421859457,0.263550851891908,0.258541836800786,0.0392969082579689,0.0375609697892461,0.0391017523433261,0.0345827839998367,0.0392791737066105,0.248922881024372
A0A384L6D5,2,0.0494965307202889,0.237663947493468,0.236305768478864,0.0496232073637771,0.0488967215254202,0.0493326023745501,0.0462722775898792,0.0493855909183029,0.23302335353545
Q1G393,2,0.0443283162840533,0.253518070496229,0.249365480853736,0.0442068209783141,0.0413763510103166,0.0444604650335752,0.0375233018471794,0.0443623775505601,0.240858815946036
Q9SL16,2,0.0380062885780752,0.261642601403986,0.259899192332094,0.0380902035728511,0.0361848219455604,0.0379827226355827,0.0332337422254096,0.0381076651519882,0.256852762154453
Q94CB8,2,0.047530208008737,0.24151018797179,0.240918881330077,0.0475936937774543,0.0453789192233598,0.0475551067029988,0.042117875395213,0.0476913305573377,0.239703797033032
A0A178VYI2,2,0.0491004229634365,0.241953670083369,0.239679391160232,0.0491964132547392,0.0449849948182589,0.0493364896703512,0.0407401202202764,0.0497611290586422,0.235247368770694
Q0WMV5,2,0.0374074608991252,0.272182716327082,0.264460229897222,0.0374276131562716,0.0338281852593535,0.0376033773710596,0.0300024583537847,0.0378407140549905,0.249247244681111
O80930,2,0.0429486922624817,0.259128385247747,0.254147789554869,0.0428318082412976,0.0373109272355264,0.0434149766468131,0.0325478779670436,0.0436771390037562,0.243992403840466
Q93WU8,2,0.0406774009408391,0.266547976230486,0.258177258729464,0.0405894265619048,0.0371348173624045,0.0409037420610275,0.0334447743741918,0.0409641633824432,0.241560440357239
Q9ZPH4,2,0.0411939432511399,0.261873671365327,0.254815044153139,0.0412990779854712,0.0402832427711007,0.0410525205217846,0.0375596426340148,0.0410883635905431,0.24083449372748
Q38806,2,0.035873222978159,0.26733927706664,0.263773823075433,0.0359591010304835,0.0356869803671285,0.0357032016124876,0.033641614580635,0.0356764689711832,0.25634631031785
Q9T0J9,2,0.041729239100557,0.259075108508379,0.253806514711492,0.0417726911786625,0.0399571895806111,0.0416871647057878,0.036752517765938,0.0417143872918362,0.243505187156736
Q9T0K0,2,0.0420467388378138,0.255858448241982,0.252536257639144,0.0420574794004286,0.040314971415987,0.0420094912874715,0.0372030081703223,0.0419817024312089,0.245991902575643
O23267,2,0.0401157231227389,0.262117351718774,0.256280511916172,0.0401313777645341,0.0397851476686942,0.0399681336328604,0.0376427731295309,0.0398326976145376,0.244126283432158
Q93WT0,2,0.0431008684352907,0.254554294410033,0.25183653540035,0.0429634815698074,0.0398331069823737,0.0432763889020123,0.0359015122535927,0.0431933907309412,0.245340421315599
O23180,2,0.0386715638805691,0.266404409426036,0.260710130307902,0.0386022229349923,0.0366024083622194,0.0387221421344745,0.033442615367895,0.0386356589288518,0.24820884865706
Q9C9H5,2,0.0361346886879634,0.264216293234538,0.264325219636645,0.03610899096681,0.0330765501733823,0.0362757016922281,0.0295236320209977,0.0363691595085323,0.263969764078903
Q9LSS8,2,0.0371520350952741,0.25893932715404,0.258985389003645,0.037263531739582,0.0379773665910425,0.0369119939426492,0.037083293006814,0.036859976136517,0.258827087330437
Q9LR44,2,0.0408166701554434,0.248532585539895,0.251787307859165,0.0408255529666177,0.0404621768337964,0.0407021791908075,0.0385451458883369,0.0405929225198064,0.257735459046132
Q9SXB8,2,0.0391021542659273,0.248083818195541,0.253883272832966,0.0391711324476607,0.038601221473067,0.0389378556006435,0.0362276434033572,0.0388897857422232,0.267103116038615
AT1G05147,2,0.0488796658314215,0.231826450429957,0.234839025454813,0.0489005462082967,0.0495444188076559,0.0486471781907919,0.0481505965095318,0.0484380272299429,0.24077409133759
A0A178W6L4,2,0.0368926781233988,0.252371848347283,0.259253277299596,0.0368371312445962,0.0345322976793259,0.0369664251875955,0.0313413610974991,0.0369369910306443,0.274867989990061
Q0IGL7,2,0.0416946660946724,0.24733292171985,0.251452710421697,0.0415898191633778,0.0386765086462308,0.0418883875028558,0.0354298169348669,0.0418896023517885,0.26004556716466
A0A178WGJ8,2,0.0424699462733962,0.247847638535619,0.249023717276747,0.0425316803274831,0.0424705155101071,0.0422671769584332,0.0402756400512764,0.0421645545303541,0.250949130536584
Q9XIQ2,2,0.0446599679348663,0.237008154897767,0.242003938665451,0.0446763633288564,0.0460600560145707,0.0443441174031481,0.0449728752470624,0.0440411521547055,0.252233374353573
Q8RX77,2,0.0408560617822044,0.249045673292451,0.251574844489231,0.040900127186391,0.0409470581082796,0.0406425558278439,0.0389133422670275,0.040494871472852,0.25662546557372
Q4PSX0,2,0.0389813202195309,0.247557038510191,0.254666444972628,0.0389192229543124,0.0370606478321545,0.0390214085119002,0.0341658206576232,0.0389443520855689,0.270683744256091
Q0WL44,2,0.0406601883488631,0.253123714560046,0.253198636481897,0.0408001664747713,0.0398209019125558,0.0405314073377385,0.0374471567756335,0.04064901372034,0.253768814388154
Q9FFG2,2,0.0452865144921168,0.242583438774911,0.244085462799593,0.0453809947668406,0.0441946088138836,0.0451830012383981,0.0414915090208889,0.0452404515076574,0.246554018585711
Q9SD98,2,0.0456992249447076,0.244654847272818,0.244710872010361,0.0458326642496992,0.0430020156716312,0.0457579201690387,0.0394635851693861,0.0460640711338021,0.244814799378556
O80338,2,0.0387462474788425,0.251280635061721,0.255210217812065,0.0387820961861693,0.038601462608475,0.0385598642730706,0.0364290544724561,0.0384281251407731,0.263962296966427
Q9LTA3,2,0.0378308425657846,0.251874759855625,0.25742840622658,0.037833570672374,0.0364781546090902,0.0377818177427729,0.0336627403672819,0.0377323182059281,0.269377389754563
F4KG50,2,0.043209905550999,0.23957834813513,0.245182624145038,0.0431923755796062,0.0438400778766935,0.0429663319907621,0.0422114694488387,0.0426764024107965,0.257142464862136
Q9FGF8,2,0.0457057243484006,0.234529289369608,0.239804548069292,0.0457378955210513,0.0467953167233373,0.045403331168666,0.0454459232991536,0.0451448709576109,0.251433100542881
Q3EB86,2,0.0445411150719737,0.241803404421672,0.24630026434868,0.0444592253881467,0.0408389231403206,0.0447434524099277,0.0366432054783705,0.0447984964277607,0.255871913313148
A0A384KEP4,2,0.0434592874919397,0.238005646413592,0.244555444151823,0.0434884462154357,0.0439205148258529,0.0431901447499579,0.0418504085269233,0.0429591523137706,0.258570955310704
P28297,2,0.0436994644539588,0.24535754822881,0.24791770210814,0.0436660594607317,0.0415043252931173,0.043695655545943,0.0379314839245657,0.0436201944780778,0.252607566506656
Q9LTZ0,2,0.0437332387402019,0.246080263439583,0.24615408268736,0.043812618007927,0.0443451928716184,0.0434691727598968,0.0428096002126067,0.0433322533758055,0.246263577905001
Q9M2Z8,2,0.0365630653634867,0.257825555063968,0.260483810688573,0.0365800280041103,0.036463831430129,0.0364219498187504,0.0346855013558342,0.0362999197861754,0.264676338488974
Q0WSK8,2,0.0385350122529482,0.247531953169941,0.2539862451403,0.0385845999290027,0.0390813643470025,0.0382919342533175,0.0375015661333222,0.0381271641981321,0.268360160576034
Q9LYC3,2,0.0458118475327959,0.237864142742571,0.240947774509323,0.0458111623601782,0.0465149000522142,0.0455491977147083,0.0448723602312444,0.0452697530961752,0.24735886176079
A0MEM6,2,0.0442140660859223,0.245322741117731,0.246240724969028,0.0442704382390664,0.0435050692268594,0.0440909753023437,0.0408740864276455,0.0440594716758772,0.247422426955526
O64820,2,0.0419059689820719,0.24109481549728,0.247318785181421,0.041928225403757,0.0426140868476727,0.0416513484528568,0.0410631612256838,0.0414247503412953,0.260998858067962
Q8VYM0,2,0.0368094298258661,0.261569991947308,0.26282057376596,0.0367425285124254,0.0332810480789635,0.0370107652947256,0.0295615118940229,0.0370895224875382,0.265114628193191
Q9SJQ4,2,0.0379445815748077,0.246673292959625,0.254615533088727,0.0379590985032125,0.0383697581105352,0.0377406403699341,0.0368985767644901,0.0375517721354804,0.272246746493188
Q9SHC2,2,0.0470758918564292,0.237872788359035,0.239901958842272,0.0472390209662221,0.0465142158276301,0.0468937743864853,0.0438896348665155,0.0469982670542727,0.243614447841137
O23077,2,0.0402277513587007,0.252506573417907,0.252828531068404,0.0403131567729244,0.0411969371682502,0.0399596952448467,0.0401105432854786,0.0398297820633019,0.253027029620187
A0A1P8B3J6,2,0.0416709574478329,0.251656767584078,0.253460804289319,0.0415027014154389,0.0371009692261212,0.0420284781236772,0.032978309875664,0.0420801707004989,0.25752084133737
O23401,2,0.0420897868967216,0.241900058377521,0.247403990818366,0.0421033892794608,0.0427629846945196,0.041825950206582,0.0410948503095858,0.0415720672823019,0.259246922134941
Q9ZT49,2,0.0375349349920055,0.247963070245439,0.255977749384855,0.0375470615916512,0.0369957963597588,0.0374242832188617,0.0349611501527424,0.0373282639513646,0.274267690103321
F4JRB0,2,0.0458024500909624,0.244091247881775,0.244893050425579,0.0458547070439098,0.042017018019254,0.0459913561447771,0.0379751645192348,0.0462840811263095,0.247090924748199
A0A1P8B710,2,0.0437945054833101,0.236417783453171,0.243067104745533,0.0438268162901109,0.0449085001094036,0.043500406705523,0.0435985592889531,0.0432512419038705,0.257635082020124
B3H5Q1,3,0.0291546370582794,0.284509559899889,0.279032617821785,0.0292154884423544,0.0273102084598243,0.0291946712631488,0.0247679500676976,0.0293450259824323,0.267469841004589
Q9LND1,3,0.0187251813795526,0.31326042509091,0.301108939136972,0.018715930092875,0.0171792525831768,0.0188079053255797,0.0154830615472076,0.0188733762955844,0.277845928548142
Q39224,3,0.0271496184759827,0.290163327727228,0.283662735214291,0.027142436687518,0.0245198748041234,0.0273180678781013,0.0219015485025092,0.0274775954435445,0.270664795266701
Q9SHH7,3,0.0222298174978002,0.302710543698347,0.29367742016262,0.0222090017333889,0.0210677551140934,0.0222580012553459,0.0193536674582664,0.0222430877996343,0.274250705280504
Q9LNS5,3,0.034218210655425,0.269682789411504,0.267647860871601,0.0342148989018358,0.0333120109456622,0.03415075540801,0.0309050743478038,0.0340670072146206,0.261801392243537
Q9SGP6,3,0.0175279140954644,0.304566585050518,0.301066282041258,0.0175158849020307,0.0163761533725595,0.0175856887950037,0.0150079249797752,0.0176206493356812,0.292732917427709
Q52K95,3,0.0309424637760366,0.274497664811413,0.274061926233997,0.0308944773166457,0.0294228127800895,0.0309666786689106,0.0269513345698405,0.0308966309940118,0.271366010849054
Q3ED15,3,0.0230633147673575,0.302516467629355,0.292286096179807,0.0230192039798354,0.0211884096843597,0.0231714852768142,0.019105875276515,0.0231968927510331,0.272452254454923
Q8L7S1,3,0.0318587660304006,0.27804009225452,0.273384259855699,0.0319011947939886,0.0297739683352057,0.031885788640391,0.0268442332826333,0.0319868488834434,0.264324847923718
F4HTB2,3,0.0339318264173771,0.27357710719321,0.26925026306177,0.0339731912728734,0.0318162942625506,0.034008875724524,0.0291729581691885,0.0341606512516761,0.260108832646831
Q9C9K5,3,0.0283501883444136,0.284139342171673,0.280418990186113,0.0283751986833765,0.0264165620114058,0.0284008576964984,0.0237780571196287,0.0284955165913363,0.271625287195554
Q8LAH7,3,0.0279100567706869,0.282817009853643,0.280830730265667,0.0278723432964204,0.0251386265037378,0.0281083850056173,0.0224849424317164,0.0282424707727475,0.276595435099764
Q8GYM1,3,0.0297690662576855,0.281321570408418,0.27810829226551,0.0297230779741128,0.0268126152649955,0.0299484074788104,0.0237072493169525,0.030045267387098,0.270564453646417
Q9FLB5,3,0.0320955673361179,0.283242869532679,0.274488403000811,0.0321019055213555,0.0294796699982934,0.0322374011780107,0.0265653409299614,0.0323920927567599,0.257396749746011
Q9FFF6,3,0.0329212785463267,0.283080410032589,0.273350388298181,0.0328626516692232,0.0301458123010317,0.0330926765739597,0.0271780486980709,0.0331542417248487,0.254214492155769
A0MFF5,3,0.030589890839305,0.28774655570689,0.278218164079778,0.0305593060549866,0.0275173137702778,0.0307778175792445,0.0243358993492414,0.0309115719213783,0.259343480698899
Q9LER3,3,0.0322265425868186,0.282501102393175,0.27457103322629,0.0321893050782569,0.0295108401411921,0.0323543815121703,0.0262670752452138,0.0324109344568692,0.257968785360014
P18612,3,0.0331629910419346,0.272990181157018,0.269690090962895,0.0331998369739223,0.0319093777975398,0.0331171299150884,0.0295406985190423,0.0331307962592043,0.263258897373355
Q6NKX1,3,0.0344879200087857,0.276411170844074,0.269800791939573,0.0344568394309062,0.0307589506887873,0.0347661339704168,0.0273776452082863,0.0349954123758271,0.256945135533344
Q9FLM1,3,0.0334662655057484,0.269855253862181,0.269065704162332,0.0334831655880874,0.0314670369062279,0.0335102148160588,0.0286692790033102,0.0335826467687626,0.266900433387292
Q9FKT9,3,0.0332427973788909,0.283541625690965,0.272602827239115,0.0332574455394069,0.0310467154052026,0.0332783820706819,0.027952637647895,0.0333338631366585,0.251743705891184
Q84TD6,3,0.0233291723698353,0.29753719950023,0.290667292690862,0.0233378333811245,0.0214109394159179,0.0234334922186706,0.0193424976565648,0.0235556896444722,0.277385883122323
Q9SR86,3,0.0203309309454965,0.302526939906786,0.295911848835438,0.020361358972312,0.0192173226872535,0.0203487852868529,0.0176368680065951,0.0204204844991048,0.283245460860161
O04311,3,0.0259192744409026,0.297046174094669,0.286819713734245,0.0259254876228493,0.0235324632855563,0.0260548120483748,0.0210458033108007,0.0262043166775009,0.267451954785101
A8MR54,3,0.0343291701039224,0.272442040985999,0.268339838420834,0.0342667152403437,0.0321839913666246,0.0344508176277411,0.0297402904545762,0.0344539650600587,0.259793170739901
Q9LS06,3,0.0274336432282907,0.294457210342229,0.28342236905521,0.0274783126659348,0.026132832539068,0.0274117170397021,0.0238514334404703,0.0274648963737701,0.262347585315325
Q9LIM9,3,0.0289845062156323,0.288855265839753,0.279651742353283,0.0290035743974859,0.0280275722708674,0.0289392321295808,0.0260208525472234,0.0289199872105963,0.261597267035578
A0A1I9LS19,3,0.0301858578010047,0.276287531618527,0.274761964095024,0.0301850389374892,0.0296018197626503,0.0301536906048533,0.0282210569222748,0.0301120946242387,0.270490945633937
Q9LY00,3,0.0298884852287178,0.276972336042958,0.275991748086002,0.0298601454776315,0.0287934271532532,0.0298743156356161,0.0266492366152922,0.0298011168222623,0.272169188938267
Q9ZNU5,3,0.0340156418331981,0.276671658840498,0.270008666123057,0.0339399351778444,0.0316983931557893,0.0341146242640851,0.028752984715501,0.034068633742502,0.256729462147525
Q9SKL6,3,0.0271317012378477,0.289716734971243,0.284038432772054,0.0270620118838506,0.024424647516815,0.027309234111718,0.0216589917970189,0.0273581809238119,0.271300064785641
Q7Y232,3,0.0159803535609369,0.317745033995411,0.306389254136946,0.0159832331922924,0.0152310827434952,0.015990753280532,0.0140764205407754,0.0160032397123629,0.282600628837249
Q501D8,3,0.0309060164853735,0.278092142600517,0.27430279808899,0.0309588866292177,0.0296640866101014,0.0308591012917164,0.0273037896325977,0.0309019188250777,0.267011259836409
Q9ZW27,3,0.0227363736979694,0.306841749034687,0.293240772359209,0.0227621188382286,0.0216220748980968,0.0227276234722166,0.0197846701469473,0.0227604454142608,0.267524172138384
Q9SJ52,3,0.0181787845250406,0.300622746575228,0.299107484562159,0.018175634461956,0.0169817625383148,0.0182326177631763,0.0155171697348436,0.0182802885533772,0.294903511285904
O80950,3,0.0280418928176616,0.296610596361447,0.283336930955316,0.028039458483106,0.025886828446826,0.0281183377691077,0.0231806755248234,0.0281868629321077,0.258598416709605
O24603,3,0.0243900801007394,0.289494272942233,0.287647506645471,0.0243708376347717,0.0225960827466117,0.0244646112234437,0.0203285655167264,0.0245024555963098,0.282205587593693
P0CH01,3,0.0317964232729111,0.276603828574721,0.273853368696388,0.0317278014014659,0.0288433408153513,0.0319911454368913,0.0258883660548487,0.0320592659697532,0.26723645977767
O81862,3,0.0261974036238409,0.296985793939745,0.28656201157429,0.0261610451747329,0.023498171762956,0.0263671939600447,0.020814307363968,0.0264716519514372,0.266942420648985
O49561,3,0.0348894334886207,0.274755574421927,0.268115291370633,0.0349513060687128,0.0326727132509461,0.0349519941138257,0.0297273700951355,0.0351266821397043,0.254809635050496
A0A178URY2,3,0.0266383102640396,0.28967176413382,0.283365996048819,0.0267056801268904,0.0255412620179399,0.02660421066954,0.0235252659994043,0.0266886778909659,0.271258832848581
A0A178V4S8,3,0.0267229529628421,0.287963943950287,0.283167232973762,0.0267628581198201,0.0248988789095876,0.0267825452512696,0.0226331404646314,0.0269155779307192,0.274152869437081
Q9SZ28,3,0.0270269007608343,0.282282524348073,0.281392995708953,0.0270194782894953,0.0253787390840967,0.0271041584592171,0.0234796316021641,0.0271657266362955,0.279149845110871
