ID,Cluster,#1,#2,#3,#4,#5,#6,#7,#8,#9
Q6R0H1,1,0.0379709716912034,0.0622105443780965,0.187896157307242,0.17112301848187,0.126624008631361,0.185092735790621,0.171389663794369,0.034919573300928,0.0227733266243095
O81908,1,0.0154690611647139,0.0287421809342751,0.250376298188949,0.225278336780725,0.100708921959607,0.206216979053409,0.155459810214832,0.0108337343240606,0.00691467737942919
A0A178WFK6,1,0.0275315381463799,0.0441746762740279,0.212020553348632,0.185032540743633,0.112015351315552,0.202717358958177,0.178362735632159,0.023086126451498,0.0150591191299403
Q9MAU6,1,0.0162182263755189,0.0368483695174041,0.233531229091912,0.204898521031973,0.108564502106468,0.208253120078381,0.170797472132882,0.0129247430575328,0.00796381660792727
Q9MA40,1,0.0106509450439848,0.0210523523239356,0.276330006491937,0.191202424207825,0.0714481582277766,0.238977764047545,0.175744227663255,0.00903161720342847,0.00556250479031305
F4HNU6,1,0.00726330647931138,0.0153689972682493,0.295227679196797,0.147842019170817,0.0514937487706568,0.284985320923795,0.185494514313169,0.00779263696568502,0.00453177691151818
Q9LQQ4,1,0.0156352072528861,0.0275712380037559,0.254527472259226,0.245860170980742,0.102117137923043,0.193378637988225,0.138815785988825,0.0136713536303559,0.00842299597294075
P59259,1,0.0132933618944279,0.0249803676237563,0.266787904532829,0.229998182516534,0.0889442566420059,0.208578087644338,0.151122009335246,0.00996139384042268,0.00633443597044047
Q9SJF1,1,0.015849376065998,0.0274701891713164,0.248753545638429,0.192072130506114,0.0856793024766884,0.226259287055677,0.180737795132752,0.0142821836749847,0.00889619027804052
Q38858,1,0.00773596601715457,0.0156583234939968,0.290218830894604,0.162880819851295,0.0546804133626769,0.267422015337683,0.191260030440147,0.00628262222369503,0.00386097837874709
Q94AC1,1,0.0159383933072753,0.0296820381756304,0.238787210002677,0.191125564583065,0.0924120496553561,0.223947753310958,0.18473168882372,0.0145634750129343,0.00881182712838408
Q7X7A9,1,0.013942754597757,0.0265579707936364,0.242567334323741,0.179882677028509,0.0822185496243771,0.23538022125188,0.199282939453442,0.0125838436512383,0.00758370927541843
A0A178WGP8,1,0.00953304754844612,0.0184938146496456,0.297001251564943,0.224602723858162,0.0725376772405624,0.220853702702872,0.145610449821064,0.00698024758782578,0.00438708502647916
B3H5A8,1,0.0298095760897245,0.0506023171109191,0.204580527053804,0.188383842097808,0.126066580984569,0.194507371403445,0.172352061975423,0.0203005180557087,0.0133972052286001
Q9LMA2,1,0.0166176077438114,0.0290722810890349,0.245078807031645,0.188204864170948,0.0882529203927952,0.22653690920662,0.182653962881808,0.0144911382486861,0.00909150923465119
F4HSU3,1,0.0201775062288162,0.0456989126588676,0.218266899134682,0.201528260601507,0.121091187641085,0.197986603046606,0.168789237224199,0.0163396970258404,0.0101216964383975
Q93ZH0,1,0.0165823193338193,0.0303088003319007,0.249624669463266,0.215880591258601,0.097758626691294,0.208441854275477,0.158250566592334,0.0142041407918787,0.00894843126142874
Q5XVK1,1,0.0208973603179373,0.0437225424741945,0.217514832293663,0.204547962437952,0.121889085789629,0.196878294849427,0.168572642717835,0.0160018065187676,0.00997547260059465
Q8GY67,1,0.0164722104303465,0.0291329996085825,0.242392539813031,0.228748856476365,0.105484976096511,0.201252937079576,0.156538362526096,0.0123322530236544,0.00764486494583812
Q8GW38,1,0.0253051988540411,0.0646155474412833,0.197593313989346,0.176380059509042,0.131529178431421,0.192701463841262,0.171173925319622,0.0254878778387804,0.0152134347752027
Q8VYS4,1,0.010999920449426,0.0211130259554805,0.267097474246341,0.168297748432087,0.0663308445295458,0.254297226480611,0.194015214976867,0.0111454094540207,0.0067031354756212
Q9FYH5,1,0.0165832015538384,0.0282381776244937,0.245924454308047,0.191091894556283,0.0879910606973625,0.224111445122639,0.177478165562851,0.0178748659502733,0.0107067346242127
A0A178WK34,1,0.0192344663832422,0.0349081053311701,0.23838737506172,0.21795204540834,0.110063176849709,0.201211523862456,0.155973564708834,0.0134665780823262,0.00880316431220254
F4HPN4,1,0.0303564105295333,0.0460626234566273,0.206742013277435,0.193231885434818,0.123523923130517,0.192244104323392,0.166538151610711,0.0251592396028159,0.0161416486341504
Q9SX80,1,0.0154651597446285,0.0285159199135374,0.255081633536096,0.24843138220677,0.10331534508025,0.192624872253065,0.138613610961192,0.0109025566870597,0.00704951961740165
Q9LP68,1,0.0151982119194597,0.0277928633244096,0.254441514091118,0.225347845261596,0.0971625375672004,0.206942887256702,0.154320499561303,0.0115061416588812,0.00728749935932922
Q9XIB3,1,0.0137000853640729,0.0229049058443794,0.252243722235609,0.183965825085169,0.0767175598864636,0.237367887227487,0.19267620096793,0.0127522985661462,0.00767151482274269
Q9FXA2,1,0.0157267319569105,0.0274466668907571,0.239973652791884,0.170347570485981,0.0786482744375033,0.238542184720223,0.204796868250026,0.0151371093339763,0.00938094113273907
AT1G51645,1,0.0257617359020322,0.0493313191848078,0.205750581955933,0.187181213967931,0.1231976950246,0.198631594743319,0.181044301977358,0.0177238159830483,0.0113777412609711
Q9C923,1,0.0128670626127017,0.0229398865691932,0.254149202081971,0.173644411017859,0.0714921512054868,0.244602741299847,0.201761908614686,0.0114536164337963,0.00708902016445917
Q9C5M7,1,0.012265810153546,0.0215566123073061,0.2680504611811,0.199824280935371,0.0761973265365792,0.23132750277742,0.17317851145599,0.0109416150051541,0.00665787964753346
AT1G60505,1,0.0121623842195773,0.0215684454632116,0.264484731467521,0.182236847151411,0.0712802792210147,0.242518704497522,0.188037183884675,0.0109747768276221,0.00673664726744456
Q93ZS4,1,0.0145094116067809,0.0251774201106836,0.245680723728371,0.174503828515896,0.079180116738827,0.240555334537021,0.197494607173087,0.0143345347219941,0.00856402286733997
O64789,1,0.0141153253647884,0.0258440449241197,0.254287943659316,0.192516051681041,0.0847792305967804,0.229401634206091,0.177990472297447,0.0131338900843518,0.0079314071860648
A0A178W573,1,0.0148032421577459,0.0284783535018892,0.24588763898266,0.186244763454734,0.0847165898717525,0.229236949405676,0.189419058562479,0.0131039019126002,0.00810950215046341
O80695,1,0.0261680687821133,0.0686168658906646,0.193644346088124,0.185724495315642,0.144422912378377,0.182313141349872,0.160067804020365,0.0244119742994663,0.0146303918753752
Q9CAN8,1,0.0111371675924048,0.0212850597365677,0.284508259949225,0.229629005728147,0.0794505074317467,0.213842108219027,0.146657333650351,0.00825397472253484,0.00523658296999442
Q9CAD1,1,0.016800096180003,0.0298045277277612,0.240734340027109,0.180586456157622,0.0858052901928808,0.229705033044585,0.191949706397756,0.0151104191092208,0.00950413116306193
Q940M0,1,0.0195886622905671,0.0327173518684011,0.239046838433701,0.231535601791597,0.110786643221536,0.19266832293779,0.145280206904591,0.0174547203432523,0.0109216522085649
A0A178WIK2,1,0.0166789533199576,0.0320065338310067,0.230462344521848,0.177602109050028,0.0888748662764878,0.227345788107878,0.205453982870286,0.0132469128982583,0.00832850912425005
Q9C8Y3,1,0.022348916441228,0.0594046689324147,0.206098807878301,0.189015032001137,0.131497324048733,0.192267187410793,0.165559086290961,0.0210878103427828,0.0127211666536494
AT1G67365,1,0.00952260324036554,0.0182678615198034,0.283345888799175,0.188900622382532,0.0653998154901138,0.243648714939353,0.177773688759457,0.00817841696996581,0.00496238789923465
O64793,1,0.02278029826068,0.0446889065630264,0.215246085365911,0.201741490648845,0.123369928978721,0.197310101091219,0.172096114406846,0.0137672312047794,0.00899984347997127
Q9C9F7,1,0.0132272401728888,0.0236245395057467,0.266821687001329,0.232254115058084,0.0875300978074797,0.207942395769769,0.151148306725904,0.0107789986972096,0.0066726192615889
Q93V72,1,0.0111097530368632,0.0224163128977666,0.264553690843233,0.168327615795767,0.0696396520630609,0.254464847740765,0.191123198496633,0.0115092636780599,0.00685566544785183
F4I8H8,1,0.0258968099274875,0.0422926268201835,0.212003443471407,0.205225390679013,0.126221612777268,0.191208721680391,0.162286044620215,0.0215841511179444,0.0132811989060904
Q9CAI7,1,0.0115391115513954,0.0253716865537666,0.259109383235757,0.182647469642457,0.0787475401205457,0.23939494944028,0.183744784153128,0.0122968030911364,0.00714827221153274
Q9CAJ0,1,0.0136902335906923,0.0240222454928827,0.258040534062981,0.201797503082046,0.0844523375407175,0.225773089955506,0.170390440977513,0.013750248863168,0.00808336643449247
Q9C6B9,1,0.0513461043404545,0.0839421744996663,0.170314957482525,0.159354270118513,0.132146318489816,0.169592161256302,0.162682078478055,0.041442412502283,0.0291795228323854
Q9LR04,1,0.0102330427019665,0.0218530321197977,0.288251388846488,0.260113568856888,0.088834902287077,0.194907894774325,0.121747991206068,0.00872845911108238,0.00532972009630724
Q9SGS1,1,0.0150355933881032,0.025462072692707,0.252111696130897,0.201336770696926,0.085170592371346,0.222713380677144,0.177717594427968,0.012624642318194,0.00782765729671491
F4I8K1,1,0.0212506038819925,0.0492602952063435,0.211982108728574,0.206369061319866,0.134853549429533,0.189412665074565,0.15799585427304,0.0180000877027017,0.0108757743833846
Q9ZV91,1,0.0312654685381372,0.051417065482324,0.203899993732216,0.184859770244738,0.119848013842169,0.194373095206775,0.176431913771614,0.0227200792981211,0.015184599883907
Q9CA84,1,0.0178172184828171,0.0373425083068821,0.228002702879791,0.207933223410088,0.114789029993603,0.204620318959677,0.169510071012331,0.0122492124360559,0.00773571451875467
A0MFD5,1,0.012284996182069,0.0240449366724991,0.257418923378399,0.178713698050028,0.0770516333035199,0.243481544244507,0.191020275056578,0.00985600394135325,0.00612798917104695
A0A178UJQ1,1,0.0081716830998671,0.0152591810221832,0.312113028057879,0.206546204359868,0.0604167493640281,0.23441021726145,0.152262510590594,0.00671758859789622,0.00410283764623343
Q0WNP2,1,0.00682261024341709,0.0138276742049044,0.299177077281443,0.148222309979798,0.0475988399926013,0.28213012007477,0.192266118454062,0.00620942116790194,0.00374582860110251
A0A178UJR6,1,0.0113499665466893,0.0223886937615838,0.282414588424721,0.23579831843422,0.0835100045533596,0.208868544360856,0.142278128987816,0.00817614071852816,0.00521561421222554
Q9LFM6,1,0.0117454799012394,0.0272324617612734,0.267261124917243,0.218039494275844,0.0943226984216495,0.214923560259218,0.149645451939861,0.0105181698077814,0.00631155871589044
Q9FFX5,1,0.0159980373821999,0.0395955502233669,0.229033503819375,0.194378415769017,0.110198764799608,0.211761472825347,0.173069485036811,0.0164482295454587,0.00951654059881623
Q9LYK6,1,0.0199566320882247,0.0336688717890107,0.223592473435435,0.178119975916175,0.0953825874351535,0.220159427002577,0.190794160948065,0.0243012906039072,0.0140245807814526
Q9LYJ1,1,0.0103036454637483,0.0226552674274457,0.280487287997738,0.256060085016181,0.0888330430860152,0.197190637064772,0.131340170824119,0.00812591523193751,0.0050039478880429
Q9FFF2,1,0.0114460722720257,0.0201503222740423,0.272295539913693,0.187915676213549,0.0702754697899461,0.240555790708356,0.179782166588585,0.0110053354105035,0.00657362682929953
A0A178UPP0,1,0.0196063674257705,0.0352089658168796,0.226450977694528,0.199685569439285,0.105745080023814,0.208003030764065,0.178000527282073,0.0169560664749394,0.0103434150786456
Q9FK50,1,0.0186485978237211,0.0448072534740175,0.225882343032991,0.201987193346185,0.122316844579621,0.200937655976123,0.15930550522773,0.0161828753806969,0.00993173115891318
F4K2L8,1,0.0146948128544177,0.02865963831837,0.25470308152388,0.223695362449751,0.0964594335814609,0.20666484418809,0.155594147020233,0.0120315850945481,0.00749709496925018
Q6NLS8,1,0.0148665809127863,0.028737020122358,0.245907009213498,0.208359129589592,0.0959294873335294,0.215154851016645,0.171900876897473,0.0118692806248493,0.00727576428926863
A0A178UI45,1,0.0290776784574699,0.0708625566233246,0.19035447463952,0.183669710306462,0.144370946697086,0.177505324271242,0.153091308800763,0.0320433350784693,0.0190246651256624
A0A1P8BG25,1,0.0125626523240642,0.0230423977352351,0.270597412434823,0.204245702314657,0.0784752921615441,0.226330490084424,0.166508297122411,0.0112877800117845,0.00694997581105754
Q9FN45,1,0.0132483708892345,0.0323041601990402,0.250289306972048,0.210481609097975,0.102697418449331,0.213793639891335,0.161852400431138,0.00941301746191387,0.00592007660798389
Q8GXB7,1,0.0243260307248936,0.0447689611019827,0.220264554425922,0.208050836994651,0.121472418068198,0.19225785334451,0.15747797641426,0.0189822159339509,0.0123991529916325
F4JWT7,1,0.016147503171239,0.0308298326021139,0.241234665931306,0.206063290842667,0.0973368424848071,0.213940222418749,0.175066727995685,0.0118654395937966,0.00751547495963674
F4K199,1,0.0173532379052769,0.029455778661836,0.237176881482165,0.197426425321954,0.0960048800640448,0.217904033110768,0.178237578406607,0.0165728878442238,0.00986829720312619
Q9LKR3,1,0.0137061642568444,0.0361629570835968,0.244843257204487,0.227853644187314,0.116354998592308,0.197455979681967,0.144465290739724,0.0119609155677861,0.00719679268597222
F4K8L8,1,0.0394224011065563,0.0836731864592816,0.179911158135293,0.175973181666311,0.146541277868682,0.171361185803683,0.157199214860103,0.0275300800982144,0.0183883140018755
Q8LGB4,1,0.0134442880165317,0.02982986276882,0.247428365942409,0.211947291766582,0.102476311433163,0.214030585239492,0.163934792629313,0.0105235590646648,0.00638494313902456
Q9FL16,1,0.0248948604727443,0.0421489673684174,0.217216999650243,0.210213733042484,0.122850463699434,0.188750748174117,0.153517556800148,0.0250726449610938,0.0153340258313187
Q9FJ33,1,0.0242601878263338,0.0573143618313752,0.199936642035925,0.178338467223346,0.128289432795705,0.195110997233262,0.172932262189074,0.0279619966769922,0.0158556521879861
Q9LTZ9,1,0.0174150645239768,0.044441089447462,0.225279376172488,0.204308379853572,0.123218997590687,0.20083373731935,0.160963616864654,0.0146192339198604,0.00892050430794994
Q0WSX8,1,0.0240666348277354,0.0480904190196285,0.209054701678238,0.192267541312037,0.124730054318486,0.198622340807918,0.177793459213078,0.0154091458362268,0.00996570298665373
Q9FI70,1,0.0145120766448401,0.0275932629986343,0.244821839495035,0.184798092603152,0.0879679728259303,0.231746295843502,0.186843594805879,0.0136291144148293,0.00808775036819864
A0A1R7T3B9,1,0.019531260994232,0.0329795920834718,0.235929286525465,0.232434536498255,0.114010614124435,0.192777487570917,0.147180953832772,0.0154085917179151,0.00974767665253732
Q9FHM5,1,0.0171163781707235,0.0304038318506209,0.234145802096336,0.181036229480606,0.0875322551511544,0.226801717589282,0.1997066136433,0.0142864599229729,0.00897071209500478
Q9FLX9,1,0.0142292031684915,0.0247171769259936,0.251410773765978,0.178002999338747,0.076135548600914,0.23895622345691,0.195436965167266,0.0130293231184724,0.00808178645722845
Q8GUH8,1,0.0122418240582595,0.0251623291102024,0.260837157888707,0.210492431858927,0.0869180700675781,0.220871026685804,0.168746076561231,0.00907351906706095,0.00565756470223049
A0A178U792,1,0.0137317128037996,0.0243420471178479,0.264972768318942,0.210541412604662,0.0841469635723237,0.21945344503298,0.161536678923844,0.0132578151157946,0.00801715650980637
P51818,1,0.0144025027664882,0.0279887651371495,0.251106454368856,0.186496762820867,0.083854891067379,0.231090284663591,0.185899514006646,0.0117412864179271,0.00741953875109578
Q9LVC1,1,0.0155269939367433,0.0290992335894706,0.241340190550196,0.184442859895553,0.0856810842593474,0.228374616310192,0.193585770386459,0.0135457724635695,0.00840347860846964
Q9FJT8,1,0.0109573839551567,0.0190033101715735,0.282032080252966,0.198240112604218,0.0690111322105668,0.235325037723454,0.169176709292895,0.0101341049052155,0.00612012888395471
Q9LTJ1,1,0.0185473608424444,0.0364743784347279,0.235135608749078,0.230121499826703,0.119976166452758,0.191335640309618,0.143895756556125,0.0150538336616109,0.00945975516693581
Q9FJF4,1,0.0094270465563151,0.0174585072606327,0.296491363511486,0.21351381007539,0.0676194203485434,0.228050010584014,0.154279938071513,0.00820111373477923,0.00495878985732792
P592591,1,0.0124666021522033,0.0219210307820955,0.256383545282705,0.167297391811456,0.0688354868398407,0.250761006043344,0.202290355195547,0.0125131400992204,0.00753144179358808
Q9FME2,1,0.00828006263050384,0.0184186747533608,0.292420468298735,0.178331273717758,0.0629815781483315,0.253271213222807,0.173667134582452,0.00793324020954233,0.00469635443650866
Q9FGC8,1,0.0276898623886564,0.048016097360178,0.206493338366215,0.202162848107859,0.133461047636319,0.186418548883508,0.15762373167297,0.0235403165133354,0.014594209070959
Q9SRQ1,1,0.0349822169487876,0.0533919912650436,0.193541896480893,0.177334422894921,0.123732305975025,0.187412328845186,0.169168170334739,0.0372037285929993,0.0232329386624054
Q9SRQ8,1,0.0114653868567905,0.0273866763074318,0.265241032012235,0.196438525792751,0.0868128927287083,0.229312614285792,0.163782294473946,0.0123936405279082,0.00716693701443694
B0FUH5,1,0.0118164100156864,0.0212747038927963,0.273796595956738,0.193233672859705,0.074087640845496,0.237456863231948,0.171545406866589,0.0103960951951165,0.0063926111359256
A0A384KMC8,1,0.011100378574915,0.0207439498618339,0.261129016989241,0.173021943616756,0.0679985028557496,0.248958411574978,0.201793978448917,0.00946651327507484,0.00578730480253402
Q56WS3,1,0.0195702097673112,0.0370158964442434,0.221198944547962,0.182035249892859,0.100419335779978,0.216652774530927,0.193028049711633,0.0187397331869405,0.0113398061381463
A0A384KB34,1,0.0448197006544623,0.0737030857078085,0.180122050066509,0.168642913557556,0.132325849368752,0.176063585796911,0.164489331079244,0.0353696460629139,0.0244638377058432
Q9SS31,1,0.0221015978463229,0.0494872368629634,0.212293081918144,0.191470264443401,0.121087907857222,0.199939993043454,0.178017324723183,0.0156176510550003,0.0099849422503099
Q9LPN6,1,0.0186529439029017,0.0388588801249236,0.225015301012768,0.185525601466273,0.101593957264823,0.215233648260697,0.189325984485113,0.0158994649445457,0.00989421853795434
Q9LHL8,1,0.0147490809623559,0.0383508352224422,0.239485462493052,0.204561862805573,0.112095040139814,0.208669434866149,0.157153469190689,0.0158177654426435,0.00911704887728021
A0A384LMS3,1,0.00862702034618584,0.0178826208993533,0.302540787977697,0.188202410556751,0.0637153749566079,0.245770587070152,0.162215698521624,0.00680369792153861,0.00424180175009001
F4IXG8,1,0.0114671150183891,0.020863668747991,0.264273112078707,0.168887471855206,0.0667130949439941,0.254008428200564,0.197001985351407,0.0103796612468688,0.00640546255687319
Q9LJR3,1,0.0207224880107862,0.0355764820278903,0.22512698770055,0.183822395944148,0.100775082879497,0.216261613424435,0.183467971413183,0.0213640572804251,0.0128829213190854
Q9LJY5,1,0.0240700687054378,0.059517112709212,0.20064929874962,0.196143268407581,0.143180954542752,0.183758315278999,0.156398580701124,0.0227567885292537,0.0135256123760206
A0A384LJQ2,1,0.018027616302602,0.0410489819188532,0.220252680403929,0.181155284909715,0.106517048899731,0.215857863217112,0.189370946053924,0.0174576232380095,0.0103119550561237
Q9LTC7,1,0.00631663196718967,0.0142738333132322,0.33931510412607,0.199829597289775,0.0562205233558312,0.236933342194131,0.138624284087238,0.00529232482775898,0.00319435883877408
P29197,1,0.0193103203182353,0.0348508867800044,0.235725199034354,0.220682552884244,0.10890784927362,0.198567831917437,0.158487438690844,0.0142673321766197,0.00920058892464095
Q9LHP4,1,0.0202726317301263,0.0347574594328291,0.232814383998521,0.215414908425994,0.107762479811219,0.200507131759444,0.163687759837529,0.0150788299895267,0.00970441501481095
Q9LJR9,1,0.0175251485478451,0.0343314703909664,0.235407034534308,0.230528109538635,0.115654080128301,0.1937945405901,0.151519957738302,0.0130770245444941,0.00816263398704852
Q8L8Q3,1,0.011607500862041,0.0258250995228954,0.25231103148607,0.179696129135893,0.0825187357557943,0.241719303638244,0.189393352467684,0.0106481153177292,0.00628073181364921
Q9M2A0,1,0.017844480904853,0.0320727102586066,0.236583675932994,0.221162640230883,0.107672628568609,0.201613580648568,0.16020988253376,0.0140780479456134,0.00876235297611251
O22241,1,0.0238262498235151,0.0604601706872344,0.204274714648198,0.187672977847373,0.134208305633137,0.190122987874899,0.161468544104119,0.0237429181594636,0.0142231312220613
Q8LA14,1,0.0152485284097806,0.0301189391909038,0.247574262895311,0.187307558245566,0.0882255775800378,0.22811939707025,0.182739614645839,0.0126686724206926,0.0079974495416188
Q9M3D9,1,0.0235991965922431,0.0487779485328621,0.210170377550576,0.190613871233937,0.119720949100494,0.199369082924391,0.180702546826399,0.0164521814706392,0.0105938457684599
A0A1I9LP67,1,0.0158538275388433,0.0316441143821281,0.241821521883199,0.227782256030546,0.110772790125443,0.198943575290464,0.151328368531137,0.0136614950074533,0.00819205121078682
Q9SD74,1,0.0214640264283758,0.034521290508731,0.230921912567335,0.201557325533717,0.104568663065673,0.206411387748324,0.167491701098827,0.0203986065611615,0.0126650864878564
Q8LFV3,1,0.0229544193881374,0.0381808294372702,0.216173959642359,0.178694194472194,0.102893031001027,0.214038325339172,0.191371277840877,0.0221452106688695,0.0135487522100941
Q9STS9,1,0.0216539642753527,0.0412582016930953,0.220131524249364,0.183422323089849,0.105504761671118,0.211391956277382,0.183069544150505,0.0207151321649042,0.0128525924284294
Q9STM1,1,0.00730477549370259,0.0163888145519711,0.303663940700752,0.167324149445364,0.0565006153347446,0.264458290600599,0.173088164971424,0.00709083190336593,0.004180416998077
P41127,1,0.013804820288035,0.0238165581547036,0.256049831519485,0.179717393104988,0.0749658580223277,0.239262846108459,0.189970766040352,0.0139469373365569,0.00846498942509292
Q9M3A8,1,0.025908104810826,0.0460816840286591,0.217147135015571,0.216531001933177,0.128403698651537,0.184667350489703,0.149742192292017,0.0189651984380541,0.0125536343404549
Q8LG70,1,0.0273823590883192,0.0482241414625234,0.204085306372169,0.186207232198421,0.124185773670154,0.193202790834199,0.167281288756508,0.0312354442651889,0.0181956633525166
A0A1I9LR96,1,0.0234419289704924,0.0480955299509272,0.21240676161657,0.192968007747666,0.119294970834511,0.199106632614146,0.178274752937428,0.0160141650895788,0.0103972502386808
P42036,1,0.0145670799668502,0.0250557262035438,0.261624762956116,0.220714704546749,0.0879700623685499,0.212371006734123,0.157617950252512,0.0123691079047905,0.00770959906676588
P592592,1,0.0162724982691962,0.038321101853085,0.228603649044129,0.174184079256597,0.0961923076097191,0.225700009040811,0.19245023383993,0.0178086975167049,0.0104674235698279
Q9M384,1,0.0230874009025584,0.0513845055317038,0.207429696990349,0.184595108389495,0.123556994411673,0.200913277571287,0.18036488738936,0.0176296816101064,0.0110384472034661
Q9M1S8,1,0.012137932469644,0.0217121627976876,0.263317600549066,0.183386567921463,0.073758596811443,0.242598054546706,0.185002515113739,0.0112928521877097,0.00679371760254141
Q9SCM3,1,0.0167930869877244,0.0315148444889065,0.241983704319215,0.190684268037456,0.0913651726382895,0.221858941120727,0.181160016065396,0.0151644868718932,0.00947547947039166
Q9M363,1,0.01947601134456,0.0472920180325986,0.216563581505451,0.198760082294726,0.124441338478569,0.198339376688199,0.168404779127161,0.016650621106867,0.0100721914218669
Q9LY75,1,0.0145955730290267,0.0266946906903287,0.249759116299354,0.199191478939349,0.0872078001446027,0.223821147205723,0.178337628164929,0.0126292720495653,0.00776329347712152
A0A1P8AYR9,1,0.0183075827148162,0.0340786170584112,0.22428001096296,0.182000148986645,0.096648547894413,0.221152678115261,0.2016169529291,0.0134353245992118,0.00848013673918122
Q5XVF0,1,0.025145063794471,0.0593921416076292,0.206106239390108,0.20357740295283,0.141852166990763,0.181689153943434,0.150728415270676,0.0192119406604812,0.0122974753896071
Q9ZQR5,1,0.018550827065697,0.0313122425184399,0.236326228688309,0.196593061868833,0.0972097587303971,0.215008414221372,0.173204098712096,0.0199307897814193,0.0118645784134363
AT2G14878,1,0.015834349991654,0.0321047677110011,0.233597865357411,0.178680604369919,0.0927832345192089,0.22993152534833,0.19822627385921,0.0115565216919094,0.00728485715135715
Q9SI61,1,0.0139732782341877,0.0275842863605933,0.251353471276283,0.187196266456112,0.0840596813374391,0.23125813805859,0.185622792516662,0.0116772070893775,0.00727487867075601
F4ISG1,1,0.0116396035957502,0.0211342032853685,0.265501313176407,0.179915636980998,0.0702228499061822,0.245250767172599,0.19040864722113,0.00983685193005718,0.00609012673150821
Q9ZUN5,1,0.0170364301303444,0.0416808270438133,0.229855501604841,0.207696576579464,0.118514939761171,0.201400926825353,0.159762948522388,0.014979075070341,0.00907277446228414
Q9SIL9,1,0.0312734204947797,0.0608522194272533,0.194061558271955,0.18180765175028,0.132121275904314,0.184703009721435,0.165211791289489,0.0309010181674904,0.0190680549730031
Q7X8U5,1,0.0336797145046846,0.0852035502900511,0.179168395443844,0.175401004894397,0.152105770554991,0.171966893348741,0.15636615974217,0.0284677868264787,0.0176407243946416
A0A178VXI3,1,0.0199437905453112,0.0439273748356203,0.212161091822563,0.177962169719671,0.112013084468278,0.210582831485312,0.187333096657998,0.023159881967658,0.0129166784975879
Q8LAW2,1,0.0225966458500766,0.0512965919498954,0.214008244225054,0.213749374749185,0.139815064728455,0.184046461899571,0.148912177111117,0.0155578899312329,0.0100175495554142
Q8VYJ7,1,0.0200617852850046,0.0530918859635693,0.213148962233331,0.194930360753848,0.128918318142633,0.195117594700138,0.162491731432512,0.020286639209859,0.0119527222791058
Q94AW9,1,0.0168047289586687,0.029270702757967,0.248706872363468,0.24364027936985,0.105823354297617,0.192453691557164,0.141678880691888,0.0132579819165976,0.0083635080867801
A0A178VMB4,1,0.0156898834785376,0.0292526495957766,0.245745208860797,0.185893567424793,0.0877975515328825,0.228946344154323,0.181164603624381,0.0158722130976685,0.00963797823084081
A0A178VWE5,1,0.0152868691171128,0.026983119717293,0.241465890214824,0.174229219683762,0.0792694590478406,0.236855915685606,0.204454317921613,0.0131908215749159,0.00826438703703292
Q9SIC8,1,0.0184801477373405,0.0318628250696295,0.24200129168129,0.235140218874721,0.10875090125276,0.192873066143337,0.145863613918305,0.0153566057746538,0.00967132954796386
A0A178VPW9,1,0.0150210559738265,0.0379202708609728,0.233591143028973,0.189561055990938,0.105933082058701,0.218082749113552,0.173742841069778,0.0166765193696593,0.0094712825335998
Q8VY64,1,0.0137939200355054,0.0251636131034028,0.260972646742342,0.250791157085237,0.0998061914183994,0.196055779617031,0.138359694525285,0.00918921130360244,0.00586778616919545
Q84XV2,1,0.0183058116793398,0.0353027350335866,0.228225595498402,0.195483547781712,0.102359270470519,0.212506016465181,0.18444423245981,0.0143859807176594,0.00898680989378971
Q9FNY0,1,0.0154677791213816,0.0285738810371511,0.247343734752597,0.207300526296488,0.0929488750182455,0.216167572342807,0.173782264148052,0.0112601255551436,0.00715524172813518
Q9SJK9,1,0.0253750186424645,0.0457990487036173,0.210545182760543,0.193981950157664,0.118914480512898,0.197665935105461,0.177731603620331,0.0182426443538077,0.0117441361432131
Q8L5T5,1,0.0293062953481492,0.0798514309443747,0.184779105915888,0.172759044696427,0.141154962876887,0.178376832514354,0.159569178641299,0.0342306515339116,0.0199724975287103
O22212,1,0.00636896461208654,0.0132021395346375,0.323593037765857,0.159117920481672,0.0485116363263534,0.274459754850669,0.164899165189581,0.00619919122228621,0.00364819001685726
O22213,1,0.0210966219708461,0.0530464092379635,0.207670046851925,0.184221585942324,0.123902837861962,0.199737391996469,0.176211466130672,0.0215673853737635,0.0125462546340739
A0A178VWZ1,1,0.00995762454046642,0.0195214173394395,0.280234569849168,0.194741136788634,0.0692436519090299,0.238041214254831,0.175258160421508,0.00805151117818659,0.00495071371873698
O22141,1,0.0131447492017397,0.026811743201319,0.252126575062887,0.175428670844269,0.0785250293887417,0.240988859646564,0.195123544952279,0.0109725794781619,0.00687824822403954
AT2G45315,1,0.0115781932169594,0.0266261259602381,0.262659216690123,0.193151351538182,0.0851131352817588,0.231600452765075,0.168509051878509,0.0132548956194373,0.00750757704971689
P42776,1,0.0157846948106538,0.0335228851134679,0.231808985366802,0.187038339346867,0.0970393575345182,0.22236370056166,0.191260874639428,0.0131468612892643,0.00803430133733851
B3H5Y3,1,0.0195599012401681,0.0346479185616658,0.238101743687809,0.218899128444515,0.107977829630795,0.200028871242622,0.156799284938228,0.0145359182383278,0.00944940401586843
Q8GWD2,1,0.015683508934964,0.0259095533282109,0.253275079161249,0.199169047431222,0.0858036057534202,0.223416146412315,0.173893255204765,0.0141223205286801,0.00872748324517354
Q8LG05,1,0.0207633926468307,0.0375715793026895,0.231095399998371,0.20414986409048,0.107677336535398,0.204754402861888,0.168051970010768,0.0157229913892259,0.0102130631643486
P43299,1,0.022276927321076,0.0392926170577904,0.227836568380895,0.212471547434983,0.113996166357067,0.196403258536928,0.158710862987099,0.0175901398209979,0.0114219121031635
A0MDT2,1,0.0306948520349756,0.0715573219971349,0.186099175505109,0.184950977934769,0.149568791895346,0.173089862048192,0.152210960922032,0.0327416514045581,0.0190864062578836
AT4G04221,1,0.0255332003858388,0.0410339741208677,0.215327488375103,0.182089888566619,0.105085930894517,0.209275511611208,0.189018675932381,0.0197005131656164,0.0129348169478497
Q9S9T3,1,0.0139044318150922,0.0253067483602269,0.255970606305095,0.216345826546079,0.0903377624013647,0.214850227213512,0.164440082190403,0.0117275477838266,0.0071167673844003
Q9SUF5,1,0.0425582748207381,0.0656872776597183,0.184260549587352,0.171043462608769,0.129432435578591,0.181253192064654,0.170978250413084,0.0326927101824042,0.0220938470846894
Q9ZSB8,1,0.0120383618186985,0.0222876928732669,0.276687460322969,0.233739289090745,0.08343148786872,0.20967260962063,0.147190743284244,0.0091733168465087,0.0057790382742179
A0A384L388,1,0.00993472796302938,0.0178365146861784,0.266301441343938,0.164144772214733,0.0614910843644906,0.261372150126979,0.202845690010133,0.0101623954748042,0.00591122381571389
Q8VZM5,1,0.0169536683562596,0.0317258916214268,0.237363439225739,0.213143828488735,0.107318597912238,0.207557413510647,0.165961659777183,0.0123055775500882,0.00766992355768367
O49472,1,0.0122983941821441,0.0207694759141658,0.259483384382433,0.168685532396508,0.0670179378782581,0.251665935841499,0.199463277879935,0.01290282825328,0.00771323327177645
Q9SUN5,1,0.0259074660566253,0.0482471593222144,0.208749547404387,0.176604092002081,0.111921569917324,0.203999770712927,0.179542651153509,0.0277731027505713,0.0172546406803615
F4JKB6,1,0.0183153301585793,0.034160058873706,0.238861339760314,0.198518961990028,0.0998197663053166,0.213202722907441,0.168925325207235,0.0173840601441297,0.0108124346532509
Q6NMS3,1,0.0233433833407093,0.0421169247608143,0.215378333695257,0.186143938232378,0.107968671992257,0.20714747442628,0.187481422838203,0.0185623017136892,0.0118575490004119
A0A178UUI9,1,0.0164747311978056,0.0368300032418241,0.233953481924095,0.214000003072615,0.112536250501516,0.202985314600894,0.164691935103118,0.0113380187348568,0.00719026162327518
Q9SUD8,1,0.0120334947338696,0.021969766284716,0.256851324283899,0.170229098801251,0.069337479130931,0.248463675863236,0.20327031597071,0.0110971048183971,0.00674774011299162
Q9M0I9,1,0.0403232296905562,0.0689150435602479,0.184013648740463,0.181667141653996,0.144759646373144,0.17201258489117,0.151763150850515,0.0342234691929041,0.0223220850470047
Q9SZD0,1,0.0197635360595676,0.0377712085527263,0.224344999927924,0.177690805290724,0.100129750602569,0.221016893811321,0.189422255081195,0.0184460140414421,0.0114145366325313
O81769,1,0.0134309026583658,0.0298776997060496,0.25693587249203,0.25089199859384,0.106787575185386,0.19056820117049,0.133737410738217,0.0109732455945526,0.00679709386107055
O49391,1,0.015149310336739,0.0320460350204713,0.237467178249692,0.192455404892747,0.0979645098078315,0.221364497886739,0.178729885156202,0.0157216373118846,0.00910154133769372
Q9M074,1,0.0196958284350084,0.0375611772378348,0.224594056152958,0.223150692208357,0.124816399142265,0.190377919521826,0.149752437150264,0.0189436636910688,0.0111078264604183
Q9M7Q3,1,0.0166150706382451,0.0298286524820204,0.235760899320963,0.193022194231698,0.095445382640058,0.22151426860683,0.185164842213402,0.0140842654188922,0.00856442444789278
Q6NMZ4,1,0.0107254625116634,0.0207978951624105,0.275336779110562,0.18600678864194,0.0702568490170316,0.242906814698857,0.177440224823397,0.010337434942091,0.00619175109204742
O22469,1,0.0144377305487783,0.0262797891988645,0.256430994546876,0.202850374879424,0.0852967863034626,0.222130697108743,0.173959924333301,0.0114015246453816,0.00721217843516879
Q7X9B9,1,0.0165057368765242,0.0339617862676982,0.231251748090227,0.184615463990924,0.0951992351827328,0.22224299334052,0.194885312951959,0.013146540384035,0.00819118291538014
Q9SZF7,1,0.0144958663703595,0.0254627778239788,0.256482648270651,0.22634252356256,0.0929617345034825,0.20790426517236,0.155770086636142,0.0128333407672807,0.0077467568931851
Q8L6Z3,1,0.0249223047314643,0.0439941539240064,0.206707440459364,0.17480057728893,0.108505615410807,0.20617815842054,0.188300121793636,0.0293906050579604,0.0172010229132915
Q9MAM4,1,0.0168879658276207,0.0315715010450408,0.237726881950394,0.282176909654963,0.124922824596582,0.169168032274167,0.120559172764888,0.0102471169331994,0.00673959495314508
AT1G04183,1,0.0177068314701955,0.0297621214482017,0.244560430395498,0.249231005922027,0.109397855317753,0.187790143508237,0.138455610372872,0.0141721044322889,0.00892389713292827
Q8H1S6,1,0.0251760287206959,0.04007186742176,0.209776340101736,0.26949779562281,0.15322132765148,0.157466820441357,0.118545912844415,0.0158323368825227,0.0104115703132228
Q84TH4,1,0.0131105402876694,0.0330998026015998,0.249379932836741,0.256154646901702,0.120016631768751,0.183480589498956,0.125807152394946,0.0118465137174319,0.00710418999220148
F4I2L0,1,0.0326808462567336,0.0564760148036742,0.196107459051814,0.218472619308018,0.153652015662436,0.167844291365952,0.14258410441642,0.0193098757651827,0.0128727733697696
Q9LNA5,1,0.0264469787268405,0.0558176420673721,0.203140364212144,0.210522424225758,0.145054510387728,0.178998299529762,0.153804474761416,0.0158270291339298,0.0103882769550494
A0A178WED0,1,0.0158856083333199,0.027736275484249,0.252352250908428,0.261601598374746,0.106380847187908,0.184827513306507,0.130990614086772,0.0123897816183372,0.00783551069973251
Q8VYZ5,1,0.0209831930679621,0.0401213574839001,0.227752525366456,0.243462288578395,0.130436507815601,0.178599415897508,0.135081543787368,0.0142148544906842,0.0093483135121255
Q8L5Y2,1,0.0263918788811871,0.0541299057646658,0.204581165694127,0.209198777633916,0.141185549934489,0.181351348254702,0.156606374328004,0.0160408022980955,0.0105141972108144
Q944A2,1,0.0330665124009472,0.0545534309866139,0.1981679924439,0.22920705339,0.159336333510624,0.160609879184815,0.126627312411674,0.0229686429254644,0.0154628427459619
Q84P25,1,0.0311497039139413,0.0619326921877146,0.191730005814014,0.20499607585528,0.157544720603171,0.171020029635308,0.147810536408999,0.0206020216629414,0.0132142139186305
Q9XHZ3,1,0.0242773800595416,0.0435633966693351,0.207246701053628,0.254811530990432,0.156618223653209,0.159988899132223,0.12228624406976,0.0192605399323875,0.0119470844394835
Q9FRI5,1,0.0221875157619981,0.0403085131564897,0.217699957309577,0.261291397260619,0.147021791651593,0.165573580729688,0.12431870674185,0.012988358623922,0.00861017876426433
Q9SY29,1,0.0197812132938302,0.0458232717274848,0.219336066396002,0.220296252764472,0.135029345196281,0.186426658063065,0.149561097823494,0.0146167733048683,0.00912932143050227
Q570X5,1,0.0271058162615423,0.0455651486289473,0.205247721406373,0.242449337238409,0.153082775986041,0.165660569821908,0.132274677152827,0.0173581866881251,0.0112557668158271
Q6NLT6,1,0.0147808464924421,0.0267635142945316,0.254507679531215,0.263617883353076,0.104115609494288,0.185465788156568,0.131754143829793,0.011699296623143,0.00729523822494291
C0LGF5,1,0.0154316768515527,0.0302389832938736,0.23535001983897,0.303280884597439,0.127944858961705,0.160791771035119,0.111991975707456,0.00903030126356674,0.00593952845031821
Q9LPE8,1,0.0286590967466136,0.0727036009658565,0.190831830505236,0.198333246691065,0.16267947635566,0.170369815734263,0.144632829548729,0.0193751365936625,0.0124149668589144
P0C7R2,1,0.0261499065949997,0.0510495526658836,0.204250040878105,0.231278084187995,0.152632994631391,0.169120277718403,0.138240951445678,0.0165263073059128,0.0107518845716314
Q9C7Y9,1,0.0111763785688275,0.0268909581239552,0.263435177835218,0.274035984980536,0.106807194842088,0.182334687366169,0.122114266391984,0.00813033871942133,0.00507501317180091
A0A178WBJ8,1,0.0209996591497681,0.0491144251117685,0.208014439477191,0.238077391152932,0.160134606874953,0.16838946664931,0.130430871642155,0.0153160643922165,0.00952307554970509
Q9AST1,1,0.0173217287320669,0.0305662896187738,0.23859945049501,0.264086401289268,0.118484193076369,0.179328817455149,0.13109081461155,0.0125580262161646,0.00796427850564957
Q9LPS8,1,0.0179928999451463,0.0446137994832459,0.216271095019396,0.252139429548405,0.153403627726526,0.168054019489299,0.126450709351757,0.0129818943080618,0.00809252512816289
AT1G08283,1,0.0368639154731385,0.0695753347050303,0.183507128853733,0.189220458690536,0.154602315842848,0.169814237528798,0.151633709868338,0.0274081397616515,0.0173747592759264
Q6AWX2,1,0.0271242756611652,0.0441801936650017,0.20216880269577,0.254180399866584,0.163336749580249,0.156194732926013,0.118939282142928,0.0208045677712084,0.0130709956910801
Q9SXE9,1,0.0265000701702871,0.0620009730172762,0.196100259093248,0.208335291458384,0.156545747865834,0.171832575481244,0.144070287510325,0.0213951189019615,0.0132196765014399
Q9XIS1,1,0.0172207719844857,0.0439322983286003,0.214586675777971,0.272670817205375,0.161900537992607,0.157319806715943,0.114353336773249,0.0109721020586708,0.00704365316309772
Q9FXD8,1,0.0252224151725901,0.069106242586573,0.196336744272916,0.197649423352657,0.150850755354391,0.176737824071896,0.151179303680783,0.0203098187502823,0.0126074727579114
AT1G68872,1,0.0282516672237216,0.0522868716063252,0.20232823455011,0.206544976997961,0.139116923214162,0.181463943691692,0.158477323923769,0.0191940008194389,0.0123360579728195
AT1G69587,1,0.0142408977760216,0.029104816174178,0.243239538696063,0.295591250886087,0.120600202091353,0.166537561109359,0.115063978067212,0.00951908163609945,0.00610267356362762
Q9M9G1,1,0.0201912555088992,0.0369830040435015,0.227399621738427,0.264717383589422,0.133409721664735,0.168988387386478,0.123863334267867,0.014859167041195,0.00958812475947648
Q39091,1,0.0171600473203077,0.0432001387106779,0.230153922497638,0.233402758838499,0.132746059328895,0.184425146335018,0.137855675673983,0.0129101380256579,0.00814611326932498
Q9C6B8,1,0.0164285430314718,0.0286261832461233,0.243887535391866,0.264483753540347,0.112410237786683,0.182475542427777,0.133584691380324,0.0110327918624931,0.00707072133291483
Q9C9U8,1,0.0347295250248503,0.0787308304850603,0.186373165928926,0.190486314010907,0.15178193407799,0.168022479728248,0.145889186450858,0.0264728446045133,0.0175137196886475
Q67YU0,1,0.0296729724383967,0.0565013304115355,0.198746100257946,0.217978890073707,0.158207623932363,0.167933506218395,0.13562202043137,0.0214835167728989,0.0138540394633888
Q9C9K7,1,0.0237006955399317,0.0385096633313861,0.220234196339359,0.23755866237326,0.130771965120498,0.179782884731107,0.141607817547758,0.0169453525824486,0.0108887624342524
AT1G76878,1,0.0224742161789282,0.0503196733655067,0.20708955026146,0.237949340004692,0.158337285205104,0.167233002534275,0.131605195355795,0.0153001549714776,0.00969158212276113
Q9C6K3,1,0.0138266032929137,0.0310024843674574,0.247569185087271,0.248288652824815,0.113922252649507,0.189902019564314,0.135483473782134,0.0125395690862362,0.0074657593453509
