ID,Cluster,#1,#2,#3,#4,#5,#6,#7,#8,#9
O23702,1,0.470063032687898,0.16341995903067,0.0483322416107593,0.0635521790708506,0.0250539576562236,0.205086840863898,0.00586705745227813,0.00998528697282995,0.00863944465459279
Q9LQ72,1,0.270767004594965,0.20885527208839,0.0866213007753871,0.109685031238749,0.0467720635939223,0.231862431746934,0.0110395413366304,0.0184640179095017,0.0159333367155203
O65090,1,0.358138957359053,0.182921352217052,0.0716203630689503,0.0895671854053171,0.0410033773925615,0.212525585615345,0.010182242297171,0.01813951682649,0.0159014198180605
O22315,1,0.253260328339329,0.222822286970078,0.087054884245535,0.113491110464768,0.0437368812082537,0.241866490807172,0.00739642110492723,0.0163383614826034,0.0140332353773341
A2RVL4,1,0.39326266987719,0.177983748551474,0.0638256269262224,0.0811618674735345,0.0352522797890781,0.211387789495363,0.00916478291237557,0.0149395985983978,0.0130216363763651
Q9MAU3,1,0.376495276344231,0.183107157413846,0.0659073660533592,0.0840048680559943,0.0360779399398169,0.216756087231295,0.00948508771106119,0.0150510262664015,0.0131151909839956
B9DGV7,1,0.346081881692487,0.197109398748364,0.0685092240867061,0.0885746825446017,0.036278564299283,0.228755500999086,0.00722654708360859,0.0147215776059379,0.0127426229399249
Q9LR47,1,0.322759118821332,0.217603898132094,0.0637901685101583,0.0862831577289181,0.030753187705153,0.252420814374637,0.0050831637760647,0.0114632453273926,0.00984324562424988
Q96288,1,0.234457249911035,0.180656649382583,0.106661304850487,0.123032242549512,0.0716502313447919,0.193756657774303,0.0216108499265127,0.0361527633573826,0.0320220509033932
P0C7P8,1,0.262834441181838,0.214541607745689,0.0873067797045768,0.111327522935503,0.0467304838522751,0.233143563241322,0.00873094577400048,0.0189441380705899,0.0164405174942064
A0A178W2C5,1,0.315192559568233,0.197650253435558,0.0787558491416582,0.0997708734496738,0.0424788670360029,0.225626279408796,0.00953610376695775,0.0166838764239588,0.0143053377691608
P0DI19,1,0.39461759431533,0.179800933326944,0.062180321806086,0.0796462018523849,0.0338394659531471,0.215033065219663,0.00851501222610914,0.0140994844140907,0.0122679208862452
Q9LN09,1,0.256751276952646,0.189131790905568,0.100395503099716,0.119377123661818,0.0622241851282008,0.20400987049277,0.0138992286384349,0.0289195581801761,0.0252914629406703
Q8VZP4,1,0.280615192263883,0.186853381052035,0.091631502075186,0.109985197733546,0.0565726507532285,0.206770110437042,0.0176845089304637,0.0264987894868291,0.0233886672677855
Q9FRS7,1,0.244550131366922,0.225337440880646,0.0886491968796851,0.115267229789674,0.0450637643945996,0.241123084089035,0.00787998971725387,0.0172456028670481,0.0148835600151375
Q8RX35,1,0.223737108523338,0.198962555078244,0.109614031421782,0.131352955116983,0.0645881016445376,0.210488043475426,0.0131162686472495,0.0260514967185526,0.0220894393738875
Q500V5,1,0.254043789646554,0.222352657278762,0.0879015996179792,0.11443679336559,0.0439409376678577,0.241010944564959,0.00686350732006631,0.0159450274055436,0.0135047431326879
P92948,1,0.319441415941309,0.204990291938256,0.0732317748742099,0.0951438634319879,0.0378397212998312,0.23466438517493,0.00735507565247171,0.0147003112808792,0.0126331604061252
F4I2N7,1,0.170963218089156,0.148710619855307,0.113503005310843,0.122687933450751,0.0883329944526259,0.15442214470368,0.10503228788959,0.0507209738306476,0.0456268224174007
A0A178WB92,1,0.286227965140913,0.19363042291378,0.0899538070318317,0.11006957235722,0.052578204665218,0.214887828853084,0.0104796322830211,0.0226480806642727,0.0195244860906588
Q9SY75,1,0.25655950831666,0.182049337270057,0.100505464080377,0.117700673398604,0.0648673059357012,0.198106681704409,0.0214915688825129,0.0311600537000753,0.0275594067116039
Q9XIJ0,1,0.400132502270049,0.172554774990739,0.0645002311561108,0.0810862868598457,0.0366217975276341,0.204570964966696,0.010184312668975,0.0161607417139741,0.0141883878459754
Q9C5Z2,1,0.343160760848513,0.196179842121254,0.0690127033912706,0.0888805669050222,0.0369339088964591,0.228506778653697,0.00893191684297563,0.0151628256171861,0.0132306967236221
Q93WN3,1,0.42999060139984,0.166687203108713,0.0593192466498708,0.0752075593498773,0.0331144378523746,0.201022896789198,0.00798686311785406,0.0142591565878593,0.0124120351444131
Q9SAA9,1,0.358240613272878,0.216146302987233,0.0480540551668458,0.0675326582495341,0.0218298063078286,0.270336197519065,0.00371761005317746,0.00764898150426757,0.00649377493917117
Q9LNB6,1,0.329002774459976,0.201542802128878,0.0718888925677686,0.0929814366070066,0.0378089330773099,0.230939558677325,0.00751900240756089,0.0151867184567987,0.0131298816173758
P60838,1,0.280825291060017,0.215312498428113,0.0804525912158529,0.104494260761388,0.0414163834150196,0.240543823050717,0.00734581723233196,0.0159216881553487,0.0136876466812118
Q9SB00,1,0.459239728629214,0.170491304091326,0.0475432941851355,0.063267834829816,0.0241985998289551,0.212345683854589,0.00487328025105401,0.00966360707338301,0.00837666725652802
Q9LPV8,1,0.345676801542507,0.184897671054093,0.0737743092390502,0.0919506080912686,0.0425332751280617,0.213716037421941,0.0118666172310249,0.0189369071285675,0.0166477731634869
Q9LMX5,1,0.214377958927691,0.199151969837505,0.112326480393597,0.133935080437894,0.0676262031672943,0.207150931671121,0.0114538379046657,0.0290566130550318,0.0249209246052011
Q43386,1,0.252472271931913,0.225226354856831,0.0847527134134441,0.110932750791549,0.0426524262820682,0.245382795136492,0.00862770324857258,0.0160619830413504,0.0138910012977792
Q9XI45,1,0.312730673876317,0.198557684390678,0.0779647270521312,0.0988826500448167,0.0424396813378567,0.225997148603663,0.0109334202014889,0.0173487867064262,0.0151452277866225
Q9S9P1,1,0.225582243921495,0.206221414216784,0.103797212502674,0.127069662419449,0.0594912385984749,0.217975676284423,0.0133365053292134,0.0248591815148335,0.0216668652126536
Q9S9N1,1,0.347304954470105,0.182732815084897,0.0745095902308958,0.092502387645511,0.0431612029876752,0.211308059844826,0.0125461985348602,0.019149749923752,0.0167850412774783
Q9SEE9,1,0.261682540961876,0.221278083421046,0.0832606477177309,0.108527539823269,0.0421511882516712,0.245780147287678,0.00853189578537142,0.0155251159993025,0.0132628407520548
F4I906,1,0.352767200883385,0.190333640374182,0.069782844932669,0.0889211970948592,0.0381781470032375,0.222656576111489,0.00798058519438242,0.0157701513589075,0.0136096570468874
F4ICA1,1,0.377545812232139,0.172759705537591,0.0704758630748569,0.0869950379563155,0.0415752779639123,0.202310160316205,0.0125542484335768,0.0190223144105627,0.0167615800748415
Q8GYP6,1,0.26634358916308,0.189452971506741,0.0954887651149076,0.114231621446177,0.0590556500073706,0.208344672999874,0.0168222279049404,0.026856204986957,0.0234042968699529
Q9C5J5,1,0.266883991849864,0.207281695515391,0.0892382017547799,0.112466517833645,0.0483491670811173,0.227576332831145,0.0118072218167726,0.0194263074060188,0.0169705639112657
A0A178WQC8,1,0.414992995801338,0.174241238096379,0.0594167591783688,0.0762727125146942,0.032175363716973,0.209850676765703,0.00795387960781162,0.0134140716667904,0.0116823026519411
Q84JE5,1,0.267478778526647,0.229074374724466,0.0777122308861145,0.104014282561798,0.0375003455788238,0.251858039877069,0.00665597032427953,0.0138077183478126,0.0118982591729897
Q9LNU3,1,0.245849097212115,0.181861159372164,0.103933364782328,0.121022848260676,0.0677801322919592,0.196345923705428,0.0212802560221415,0.0328897490693405,0.0290374692838466
O49596,1,0.231972103283208,0.211772638476411,0.102044282762539,0.127417901657123,0.054702716857591,0.225431744996108,0.00913326431198149,0.0203607274557924,0.0171646201992459
Q2HIW8,1,0.273258885754819,0.21016813207561,0.0863530225668096,0.109747412262384,0.0464642406321812,0.230040340839655,0.00867477690600891,0.0188945428492911,0.0163986461132413
Q9FNY7,1,0.337782616975237,0.194049816792545,0.0718308144188942,0.0915199519787026,0.0392001619535405,0.225025797382577,0.0100743603763811,0.0162936302085229,0.0142228499136003
A0A178W1J6,1,0.390324998370664,0.175852919869111,0.0659521550972724,0.0828853688682501,0.0375346432724986,0.207634482548363,0.00893207528521838,0.0165047547231045,0.0143786019655176
A0A178W6M5,1,0.361228291835904,0.191752091912242,0.0667178436741187,0.0861710058662306,0.0353630032689015,0.22468522891244,0.0074538324219245,0.0142862008400588,0.0123425012681801
F4I4Q3,1,0.210516764075268,0.196849039513687,0.114447837590309,0.136041668115651,0.0686784765281895,0.20508800425986,0.0137036495495126,0.0292681386934571,0.0254064216740661
Q9LRA9,1,0.215712404202543,0.191554638401939,0.115324190403173,0.135502507625317,0.0708004032072505,0.199423158349406,0.013579302185051,0.0310862396172899,0.0270171560080298
O81127,1,0.361999945993467,0.182581613490608,0.0703273532540596,0.088337672413369,0.0397796473059819,0.213493720300036,0.0109420487773268,0.0173262936323597,0.0152117048327917
F4IE66,1,0.436235396354134,0.167403417341114,0.0566851770071925,0.0726352465876353,0.0309412874517745,0.203291893703239,0.00837210867265926,0.013041835885084,0.0113936369971675
F4HPA7,1,0.26711985414407,0.203061433947486,0.092353053997384,0.114766937976265,0.0517342845651012,0.220371138263931,0.00973588273776823,0.0218464705180654,0.0190109438499292
Q8L7F9,1,0.253699151569888,0.206277523404181,0.0946547434703958,0.117458279090893,0.0532666215481088,0.22213006009597,0.0105711272078595,0.0224211011984933,0.0195213924142097
Q9SFZ2,1,0.24016948976855,0.192275028921623,0.105771402149887,0.125760894054461,0.0643549637609574,0.205913672791797,0.0136983184338126,0.0279482116492325,0.0241080184696795
A0A1P8ARI3,1,0.321314799430362,0.182310265845157,0.0824391795545612,0.100244361334641,0.0497478098798421,0.207137168413077,0.0139072587678386,0.022855075016132,0.0200440817583888
AT1G29785,1,0.36304376253155,0.181999656184385,0.070754097431875,0.0886059540581678,0.0403436014507199,0.211839219460437,0.0102516816390464,0.0177061773020553,0.0154558499417632
A9LNK9,1,0.2759031103965,0.199537301956437,0.0907448933519906,0.112199285479029,0.0516555327281603,0.217935112071291,0.0104903887354109,0.0221950065717435,0.0193393687094375
Q9C6W0,1,0.350626356022707,0.190803595986498,0.0704921856729877,0.0901742637135527,0.0376591619885226,0.223559399474648,0.00900310601894916,0.0148719853271124,0.0128099457950225
Q8VZT8,1,0.366130503139229,0.184692851577634,0.0683007430060041,0.0866322542522896,0.0377776418037686,0.21636984404633,0.0101448783351991,0.0159857746994159,0.0139655091401298
Q39204,1,0.232015641175022,0.19648934819978,0.108227576594267,0.129405570311304,0.0643013345923231,0.208252090536718,0.0118405890323903,0.0267020654261082,0.0227657841320872
Q9LP85,1,0.328301812211457,0.178289074524934,0.0814149511565223,0.0983380863184976,0.0502246811042417,0.203574174941547,0.0152544746837027,0.0237374645597237,0.0208652804993734
Q9XIG2,1,0.386665982471567,0.174416516307092,0.0677550705982202,0.0845062629448542,0.0391520118933187,0.205020715999594,0.00968456703878644,0.0175078798726002,0.015290992873968
Q9MA74,1,0.295057482494381,0.221055867771842,0.0714428853054387,0.0950309601975855,0.0353556156063306,0.251926786055556,0.00602041066617402,0.013038704216932,0.0110712876857605
Q9LPF0,1,0.371729160694318,0.187900334287043,0.0652343810595111,0.0839088772990348,0.0351060427517759,0.22113808484602,0.00773985936190529,0.0145671248647609,0.012676134835631
Q9M7Q4,1,0.326551955061782,0.196730059639863,0.0758041646293414,0.0964262061278098,0.0411099607541709,0.224313515040327,0.00769687190046685,0.0168433039254789,0.0145239629207594
Q9SX79,1,0.27133872595768,0.230013507006528,0.0750525928500108,0.100775777237583,0.0362568230734266,0.255206616064337,0.00639628078098984,0.0134097449471195,0.0115499320823251
Q9SX83,1,0.263406149573789,0.178533918485586,0.0979257186161668,0.114103593432498,0.0650601982122392,0.19570247347747,0.022479623721925,0.0332235260375409,0.0295647984427851
Q9SX97,1,0.28839291797625,0.180289527983218,0.0924957218671155,0.109526115994632,0.0587766648640703,0.200175757572114,0.0176034564141202,0.0280932948470632,0.0246465424814174
Q6NPH1,1,0.356149598538523,0.187135763655206,0.0709183197292759,0.0896272844791219,0.0394530620057442,0.217294258545578,0.00824091929410557,0.0167147782072125,0.0144660155452336
O04379,1,0.406909245091813,0.174036319396603,0.0622772376331339,0.0792060597498027,0.0343081351852461,0.208447546785982,0.00801146246082672,0.0143699561953356,0.0124340375012572
Q4V3D1,1,0.309574070020283,0.177478668889045,0.0867492692024129,0.103352760120621,0.0549410876259856,0.200138209971591,0.0177859145325593,0.0265744968480069,0.0234055227894954
Q8GXH8,1,0.313249669722335,0.219319581310744,0.0641125471436042,0.0867759412172578,0.0306528926166077,0.259363526376417,0.00629811555180473,0.0109239355470568,0.00930379051417255
F4I3B3,1,0.327814486889581,0.195670056406114,0.0741762927828293,0.0941310559745035,0.040879943336314,0.224813268276276,0.010252845543515,0.0172214940230686,0.0150405567677987
Q9LPR8,1,0.238220246215869,0.187375796785789,0.107116908752504,0.125496550338354,0.067621626725029,0.201400905572317,0.0172540935593143,0.0298356085492104,0.0256782635016135
Q9C6P8,1,0.374865588865975,0.172058674698982,0.0711911323890611,0.0874230766078492,0.0426567828196288,0.201062777308115,0.0132933853955314,0.0199053104193946,0.0175432714954627
Q9ZU27,1,0.34198929047807,0.181368239281638,0.0771157992272614,0.0949435332118783,0.0452649715969032,0.20841181079676,0.0128113998457616,0.0202880063457693,0.0178069492159578
A0A178W473,1,0.317643709650951,0.181181472709224,0.0842543489900521,0.101741698130269,0.0516304213770618,0.204411589587975,0.0137568229441669,0.0241906091812718,0.0211893274290284
Q9MAI8,1,0.248297434010482,0.191283339243455,0.103078945872471,0.122844799935326,0.0626773297174802,0.205934573737192,0.0143054843995986,0.0275688957569169,0.0240091973270789
Q9MAH1,1,0.307765663030126,0.210409399966564,0.0745956842376487,0.0972799818609914,0.038408760645179,0.237448283186361,0.00607271241728998,0.0150758177503655,0.0129436969054746
Q56W09,1,0.346607793018749,0.223022108690434,0.045676869210285,0.0651377500748724,0.0202645702533253,0.282977100859682,0.00334350843839043,0.0070104476617046,0.00595985179255758
Q9LPG3,1,0.357858696384605,0.189142144394584,0.0695332797870015,0.0887123515515109,0.037735466696905,0.220017054563353,0.00795616563441916,0.0155718946181098,0.0134729463695108
Q9LPI3,1,0.368122945180681,0.202200089707115,0.0562581962586151,0.0758405485909259,0.0275223378499759,0.245406709623252,0.00560968408713611,0.0102570455833294,0.00878244311896871
Q9SYH0,1,0.253375554249673,0.194387385409438,0.0993741286580987,0.119547909708778,0.0595292217211621,0.211687361811393,0.0148403006024159,0.0253961981706806,0.0218619396683611
Q9SGT0,1,0.338000197214668,0.181367007162136,0.0783791283559399,0.0959932596983236,0.046807760650716,0.207316074105795,0.0118999447664382,0.0214678915738932,0.0187687364720904
Q8GYP8,1,0.257286085677579,0.202847671945814,0.0949729942427442,0.117388872774931,0.0531846724808443,0.221864472884242,0.0129797464693152,0.0211958472475943,0.0182796362769351
Q9FVT2,1,0.244948798099131,0.208206459907249,0.0958863862441238,0.119216384599407,0.053603847591628,0.224122855303074,0.0126264647737345,0.022110317114241,0.0192784863674121
Q1ECJ7,1,0.256716310879864,0.190580835115674,0.1009819644531,0.120466722834338,0.0614239855470247,0.206410773430844,0.0134457339264506,0.0268442432116327,0.0231294306010733
Q9SY88,1,0.386826650534158,0.182335427976198,0.0638288908867305,0.0819482425804056,0.0342523362002156,0.217625516842097,0.00753704643629715,0.0137912750844084,0.0118546134594899
Q94JL3,1,0.290862222232984,0.190298023204352,0.0896211358544779,0.10934530045763,0.0523505517533831,0.211901781341947,0.0135741018792624,0.0224741102705445,0.0195727730054186
Q9SYA9,1,0.399887185580385,0.175338182955811,0.0631719247176455,0.080067924688414,0.0351987148541888,0.20967093116075,0.00873432462055666,0.0149521660486294,0.0129786453736198
C0LGH8,1,0.248510354254177,0.206369894222807,0.0983451215087586,0.121861156430405,0.0542671479104001,0.22230831203619,0.00943224974486672,0.0210715349959627,0.0178342288964329
Q945L3,1,0.330710570328032,0.192450018458079,0.0761078601688788,0.0957145027313822,0.042736453333274,0.219183215972114,0.0086292480454565,0.0184403761650233,0.01602775479776
Q9SH69,1,0.288687686968518,0.202679186735476,0.0852677137317849,0.107191015134142,0.0466180412015806,0.226562932074147,0.00911812379306156,0.0183139945176711,0.015561305843619
Q9XIR8,1,0.355449888617748,0.175209592134817,0.0751483137377712,0.0917690951029204,0.0454405358035498,0.202372095510008,0.0142968902292047,0.0214065581397614,0.0189070307242196
Q3ECH5,1,0.257682617187741,0.215921274729417,0.0887877443872588,0.113632234178347,0.0464886284428806,0.236044421072463,0.00853727605229018,0.0177235841270974,0.0151822198225053
Q9CAF9,1,0.280623784114552,0.186700183164927,0.0920149320425179,0.110338169174693,0.0568950633569316,0.206600080562331,0.0169506823935787,0.0265209100363933,0.0233561951540769
Q9FXD4,1,0.424480852503216,0.170757605702917,0.0585544148463423,0.0749583205432303,0.0318604699542086,0.206850881470282,0.00803490529135814,0.0131427492574685,0.0113598004309773
Q9S7Y1,1,0.22064839181092,0.197608634448407,0.111431319497847,0.133093593495962,0.0664138002776464,0.207460698085354,0.0112258347742181,0.0280223329445576,0.0240953946650877
Q56WC2,1,0.451615388935136,0.17020809388708,0.0499051799729622,0.0657243430061469,0.0259172044882041,0.211407960624793,0.0056797898065327,0.0104686989678833,0.00907334031126181
Q9C793,1,0.264171583935007,0.210111940636805,0.0902640095449678,0.114061839445325,0.0482652397326315,0.229990663810991,0.00883220154671173,0.0185279807942183,0.0157745405533415
F4I3Y1,1,0.3441534285398,0.186134508071994,0.0747857517906542,0.0934356131360488,0.0425568095032419,0.213639241455149,0.010273564061655,0.0186676830900547,0.0163534003514023
Q9S7X2,1,0.23256839029881,0.212168063727658,0.101701937198514,0.126946866191077,0.0552070080281927,0.223232407828323,0.00796656621403439,0.0217078696031598,0.0185008909102318
B4F7N6,1,0.172301323399643,0.150689698199344,0.114087686695369,0.123838104410686,0.0872607796059587,0.156441338323025,0.103054543225683,0.048598344214082,0.0437281819262088
Q9SSK4,1,0.352999223711313,0.179764684403686,0.0747328166510076,0.0922017827445655,0.0440669270933872,0.207902300135226,0.0107019105568727,0.0200639524773051,0.0175664022266379
Q8GZA6,1,0.253343318190112,0.216861450110514,0.0900197856143548,0.114955531586518,0.0475753336115308,0.234631001403542,0.00825243837012938,0.0184971825368138,0.0158639585764845
Q9M9G7,1,0.400380211190753,0.182470529620694,0.0594259747474759,0.0773083526473898,0.0313188685828711,0.21844934604486,0.00670128408107081,0.0128117243591877,0.0111337087256974
O82654,1,0.304773726739195,0.195231898385204,0.081548429828693,0.101532903141729,0.0466196671397937,0.22013844678795,0.0122123918850648,0.0202327360590476,0.0177098000333236
Q9C7T6,1,0.258216399703534,0.217017682796227,0.088971725635282,0.114752038457002,0.0453312156890261,0.235766390785501,0.00853465761138699,0.0169020577803977,0.0145078315416428
Q94AX9,1,0.288714016942402,0.206458796324857,0.0831517605068859,0.106207091142725,0.0438540088594551,0.229739968572183,0.00955668461364663,0.0172891314194417,0.0150285416184032
Q9SSP5,1,0.303137199482612,0.215449489166084,0.0721271415230352,0.0949933138613422,0.0366735458927693,0.244790669602602,0.00634973102590193,0.0142415009837665,0.0122374084618875
AT1G72852,1,0.213339957532118,0.201450377368443,0.1136919888373,0.137024098802172,0.0646595123890545,0.21069838003232,0.0128333955462805,0.0249853756077221,0.0213169138845902
F4HQ47,1,0.302111668849463,0.217318980841602,0.0713371403324083,0.0952210883914619,0.0346575725435694,0.248536304170933,0.00728482045187968,0.0126461498193034,0.0108862745993794
Q9FDZ8,1,0.24503149538333,0.206026555026632,0.0994574940966374,0.123171053090187,0.0549747945423878,0.220486778489748,0.0101346942614019,0.0219162857487123,0.0188008493609638
Q8W117,1,0.374257542398601,0.189350133871881,0.0629084214069745,0.0816063149190532,0.0332922218981381,0.225726168841809,0.00761526876592931,0.0135111201278341,0.0117328077697794
Q9C9C5,1,0.2616848063164,0.205921892733301,0.0909635334588539,0.113378648417958,0.0511216178746201,0.225038908575247,0.011668453037254,0.0214767588880616,0.0187453806983038
Q9C9C6,1,0.247532578591507,0.222695528669873,0.0881020668094502,0.114034845630825,0.0453339601598957,0.240758107972411,0.00905880042661199,0.0174131549045569,0.0150709568348686
Q9CA51,1,0.245846583060628,0.196262528646043,0.102600919660923,0.123454121103576,0.0613084449527571,0.209525739058233,0.0108133610230197,0.0269233477969835,0.0232649546978365
Q8L7K7,1,0.319925030627375,0.179025282913283,0.0841605458079569,0.101319859352325,0.0518123232655236,0.202767479929238,0.0155749262875359,0.0241976590762267,0.0212168927405358
Q94JS4,1,0.23993325584918,0.206148425697987,0.100837215084734,0.124303511835561,0.0560854985526233,0.22201033174822,0.0111093939710696,0.0214502448098722,0.0181221224507529
Q9SFX3,1,0.344803316874196,0.220180071910823,0.0507352829683532,0.0711739631032033,0.0230391466596213,0.271019614809842,0.00405396367804323,0.00809621625571645,0.00689842374020148
Q9S842,1,0.267093293643581,0.195317614340857,0.0937280662448115,0.114036836478783,0.0555500712951083,0.214416952499978,0.0140342409370731,0.0244346404199162,0.0213882841398916
Q6NPF9,1,0.195412182478479,0.182635872055612,0.124924227239859,0.141843543330962,0.0825320689276273,0.187934101800765,0.0156212503787059,0.0372508586264288,0.0318458951615604
Q3ECB8,1,0.355589359910714,0.191214072518576,0.0685661821094123,0.0878971383324698,0.0369925170286076,0.222498046658573,0.00835964341477092,0.0154193879891109,0.0134636520377651
A0A178WLC0,1,0.30698663169135,0.196658560004165,0.0820343150602069,0.102658348634627,0.0461164830022289,0.220352827079898,0.00844032202515681,0.0196984870266671,0.0170540254757002
Q9CAP2,1,0.277874215692804,0.214125408182841,0.0824320341282109,0.10661897703587,0.0425005366454726,0.236867831407184,0.00870225074340418,0.0165147868461668,0.0143639593180465
P11832,1,0.22061470854246,0.181407915163577,0.111817311281073,0.128222907196145,0.0754363560752108,0.19210949792871,0.0198035451048648,0.0375266606945746,0.0330610980133849
Q94JT6,1,0.209246004067468,0.19778271937081,0.116173701158138,0.138069256037844,0.0694596511404086,0.204729105603238,0.0103697379741551,0.0292189702084462,0.0249508544394913
Q9C9S2,1,0.331933449491002,0.18701050607562,0.0778778805483458,0.0966029954655549,0.0447349871673661,0.21530363572716,0.0113498179910138,0.0189052416753399,0.0162814858585975
A0A1P8AVJ4,1,0.420798421710091,0.171978684549078,0.0585542925237987,0.0750019175535549,0.0320081843046296,0.208080958493881,0.0083668352914399,0.0134736950524754,0.0117370105210515
F4HQA1,1,0.343573616268062,0.199231807389503,0.0676137902708702,0.0882866374656999,0.0346201007210591,0.234524882900033,0.00776756625474928,0.0131312432289454,0.0112503555010783
Q9SSC7,1,0.295933317338996,0.194159978835218,0.0865677527364251,0.106769966765401,0.0500553598099822,0.215442712521518,0.00986084297280171,0.022034259723007,0.0191758092966511
Q9M8M3,1,0.341898960457872,0.181924404076429,0.0764387838546969,0.09418353342334,0.0451087819992185,0.209553288875938,0.0124170185084942,0.0204710384166055,0.0180041903874055
Q8GXZ3,1,0.335848619260194,0.187584544892354,0.0758167290041591,0.0946130521707143,0.0432715715533886,0.216344260857704,0.0114181321608716,0.0187256205958957,0.0163774695047179
Q9LFC0,1,0.275233264411492,0.197952062120783,0.0915460163646407,0.112745874757332,0.0521491474934258,0.218822856742272,0.0115244333946532,0.0214963803299241,0.0185299643854762
Q9LZV7,1,0.28108106497161,0.195547700435843,0.0893939475128099,0.109535000997066,0.0524235247029559,0.217681746128969,0.0121738045219391,0.0226049404121738,0.0195582703166338
A0A178UKS6,1,0.299171928634111,0.190951362539527,0.08656527802899,0.10622919346989,0.0503637915442621,0.214410169102101,0.0121073013951384,0.0215485286032261,0.0186524466827551
Q9LZ06,1,0.162764734763931,0.149935612327938,0.116933699349883,0.126589650452171,0.0888793267141508,0.154109476490927,0.109639931864477,0.0480093242211966,0.0431382438153267
Q9LYW5,1,0.292859097388955,0.201739883698834,0.0845564240053329,0.106539569110345,0.0459893932512966,0.225213958004819,0.00891324410190268,0.0183932015412442,0.0157952288972708
Q94F48,1,0.346307907910522,0.195112193384376,0.0697623038077998,0.0900907096375656,0.0366149493813741,0.226772084680425,0.00839445443134783,0.0144463267894021,0.0124990699771873
Q9LZR3,1,0.286932929122688,0.202722772724791,0.0843847336416513,0.105865869932584,0.0472304114799851,0.225810932031629,0.00989412211254013,0.0198962281583033,0.0172620007958298
Q8RWN5,1,0.432047027989348,0.165525238014489,0.0589964383697514,0.0746626139509857,0.0331353405202846,0.200071408141055,0.0086318771834277,0.0143819736829683,0.0125480821476896
F4JW79,1,0.371488907852082,0.186597388602637,0.0655217006440466,0.0840604921722043,0.0354306770566481,0.2210613058163,0.0084266289613832,0.0146603725232798,0.0127525263714189
Q38906,1,0.345173293267555,0.182428210493507,0.075944398363103,0.0938220784195632,0.04444122579042,0.209986163045391,0.0111629598185365,0.0198071711516522,0.017234499650272
Q9FFG6,1,0.312978587571965,0.189411657383035,0.0830586608398018,0.102198585733446,0.0483420204835205,0.214674820159549,0.0107884683012526,0.0207194960475393,0.0178277034798911
Q9FFL0,1,0.228155738237191,0.213566815727855,0.101438744831705,0.12661962088184,0.0556613261449748,0.223291491031636,0.00895904580772998,0.0227018807215246,0.0196053366155431
Q9FFJ8,1,0.344107762630965,0.199236090439717,0.0677757785002779,0.0882244587387511,0.03528274053425,0.231908362140726,0.00726818523211711,0.0140372562745703,0.0121593655086252
A0A178UGD2,1,0.358135461405553,0.180990721346584,0.072835216372804,0.0905387520689779,0.0420598555200518,0.210760195107579,0.0105043247173401,0.0183044613201029,0.015871012141007
Q9FG37,1,0.421369274765163,0.171885062517028,0.0589511413866597,0.0755065788458663,0.0321692008773468,0.206629802554571,0.0079146488552294,0.0136432003949488,0.0119310898031866
Q9FG25,1,0.294046658368436,0.211528282675661,0.0781636669832461,0.101738324291029,0.0396978040226141,0.238260129828871,0.00866979392464648,0.0149677579669714,0.0129275819385259
Q38798,1,0.268758067828607,0.194203114098902,0.0942842482785844,0.114223345963141,0.0565936148250632,0.211441636428365,0.0122818851228746,0.0257277562095907,0.022486331244871
P50287,1,0.260900123850246,0.235099333952364,0.0760915675159699,0.103052316732615,0.0358727545946175,0.260215710004335,0.00546475097774343,0.0126222755007604,0.0106811668713481
Q8GYQ7,1,0.328845779341487,0.197385326761156,0.0735685530756274,0.0940798273234283,0.0395347211561633,0.227160464935542,0.00932770972816796,0.0160844148047782,0.0140132028736506
Q9LXB9,1,0.327288187071788,0.187748100952449,0.0789290037041841,0.0978651063449778,0.045496000481885,0.214099279255616,0.0114757557233636,0.0198205778702339,0.0172779885955028
Q0WR59,1,0.336992266056084,0.180199876357197,0.078507149892274,0.0959084266230575,0.0470762038843022,0.207344228498923,0.0141478142410012,0.0212756972693582,0.0185483371778031
A0A178UQA3,1,0.350689332093435,0.192055329398344,0.0700783471384904,0.089717929050294,0.0377690915581738,0.222226186660146,0.00825158173960621,0.0156257507493836,0.0135864516121272
Q949P2,1,0.384408813699531,0.181121879677118,0.0649673089744278,0.0827696857195863,0.0356812074826682,0.2141641375165,0.00881568222846025,0.0150137684906349,0.013057516211073
Q9LEU7,1,0.293493603402834,0.191385924897168,0.0887818052588143,0.108523757918991,0.0519559283871327,0.212889307400539,0.0110198427262412,0.0225011851461951,0.0194486448620834
P59169,1,0.233156951021458,0.207686212661222,0.102078051339455,0.125894861528368,0.0567397958077675,0.22285999546092,0.0116120487697235,0.0216525472999185,0.018319536111167
Q9LFM3,1,0.382156178221208,0.174306547609445,0.0683898534093011,0.0850396309681701,0.0398650685805763,0.204681132485973,0.0114869132352611,0.0181225011313409,0.0159521743587251
A0A178UKI3,1,0.380299612204542,0.176009563820125,0.0688049643313497,0.0858844275203702,0.0395116958238004,0.206331925319957,0.0104019859256214,0.0174677571952994,0.0152880678589354
Q9FMQ1,1,0.367820203876777,0.189074838924075,0.0662952457031396,0.0854595611367781,0.035256334591466,0.222499970730379,0.00708546592268942,0.0142249451050839,0.0122834340096122
Q8GWI1,1,0.300459570357192,0.20454004996539,0.0799513031682324,0.10177474976901,0.0431984124104008,0.229032870924992,0.00826573716937532,0.0175965301927042,0.0151807760427021
Q9LXV5,1,0.366898205650403,0.178780545560861,0.0709004594667095,0.0884324552230738,0.040664340795482,0.209056359447424,0.0116334980938741,0.0179078805220086,0.015726255240164
A0A1P8BCQ2,1,0.297395691952429,0.187248338318576,0.0883633265404333,0.107150028564603,0.0530890403753037,0.208250888109961,0.0129915148581894,0.0242566616045623,0.0212545096759426
Q9FFX8,1,0.329803784900451,0.17685275560545,0.0811134383929624,0.097772218405308,0.0504237004864949,0.201361678850591,0.0165205422180964,0.0244660021669493,0.0216858789736973
Q9FMU2,1,0.370345923993025,0.174291521938681,0.0714654678219227,0.0880837590026376,0.0423604452301056,0.203968694454117,0.0130717057503848,0.0193755685631844,0.017036913245942
Q8GYK7,1,0.170484092535193,0.150325762955298,0.114784157886362,0.124335728285627,0.0882535428733263,0.15585068123732,0.10240461655407,0.0492907877608404,0.0442706299119629
A0A178UC64,1,0.388862772152923,0.177144152723604,0.0657572168933346,0.0829012254262775,0.037212390048372,0.208917356612795,0.00838225093490727,0.0164445624682614,0.014378072739526
Q9FKN6,1,0.253280353301412,0.204497563756025,0.0966479173882143,0.119770209304624,0.053904227579282,0.219715996713084,0.0104643418331377,0.0223243688511376,0.0193950212730837
Q9FK51,1,0.360488849135677,0.178752021429505,0.0733069702665113,0.0907075374992305,0.0428730499378803,0.207058605392956,0.0104368597285447,0.0193869427632572,0.0169891638464376
Q3E9F5,1,0.273907190965664,0.206027359668115,0.087978929873397,0.110326000196707,0.0490809709668395,0.226198538706038,0.00805204695319904,0.0206363530569023,0.0177926096131387
F4JZM3,1,0.393741679925983,0.176385679605058,0.0643540342668387,0.0815104863500053,0.0357322390617748,0.210697284149604,0.00950659343552548,0.0150209249470092,0.0130510782582012
A0A178UIX0,1,0.318158471434635,0.186113674014115,0.0820585204219133,0.100425555768591,0.0488874137229553,0.210609206654035,0.0121697891230874,0.0221877842483368,0.019389584612332
Q94A82,1,0.491359005967144,0.162569193136772,0.0419995657743387,0.0565480177582325,0.0209548771145166,0.207297899118002,0.00396424015509034,0.00821295547598401,0.00709424549992037
Q84VV3,1,0.312166369571905,0.182756220134844,0.0851778948667837,0.103067273217971,0.0517032972008916,0.206061115636117,0.0144204061933063,0.0237674644964508,0.0208799586817302
Q5XEM9,1,0.257651311096081,0.219855392664476,0.0881169869978256,0.114664766990379,0.0438455211430946,0.238527728878587,0.00772779771247102,0.0159585675301149,0.0136519269869708
Q8RXP6,1,0.365258458368293,0.174581809246332,0.0731178153343048,0.0898451468521932,0.0434107154117932,0.203409700120784,0.0132374598028865,0.0197721553641032,0.0173667394993092
Q8RY12,1,0.326219562706854,0.209602847605769,0.0675167755199553,0.0890684847621279,0.0344006159809755,0.242604946399674,0.00571187635372491,0.0133905856792596,0.0114843049916605
P42825,1,0.329092480033659,0.20964597389309,0.0656991355139485,0.0873353260406058,0.0325552344054184,0.247534843345491,0.00623119347592234,0.0118631324777132,0.0100426808141513
Q8GXN9,1,0.347593520215907,0.189414364563797,0.0721549955094644,0.0915423997049405,0.0394884734859514,0.219541386380604,0.0096564371164229,0.0163704405956335,0.0142379824272794
P57742,1,0.270434040553353,0.199517637308125,0.0920252694572205,0.113267402082189,0.0531107674282411,0.21721163240348,0.0109200800889561,0.0232324840379256,0.0202806866405093
Q9FHL2,1,0.287609781119101,0.21982100343276,0.0752844234414118,0.0990731401128042,0.0382699907104145,0.245481568520781,0.00647614448050583,0.0150086441306163,0.012975304051606
Q9FF95,1,0.282257021950588,0.198675700593967,0.0880745285386315,0.109064485676982,0.0503987890457975,0.218977385997659,0.0114613334009429,0.0219113300758553,0.0191794247195765
AT5G24735,1,0.306246322334918,0.189676405153846,0.0847572603553845,0.104351161525616,0.0488204396979246,0.213647229596601,0.0133592887211653,0.0208884086734119,0.0182534839411326
Q94AK1,1,0.246703920609738,0.200223535117226,0.0996248010223094,0.121036473738683,0.058881501765899,0.21407665437855,0.0110421517759435,0.0259304571706287,0.0224805044210222
Q3E7D9,1,0.371050325994524,0.195635833254842,0.0610286573550022,0.0807929331945896,0.0306620273627834,0.232690847554894,0.00625576659678142,0.0117519804421457,0.0101316282444373
F4JWS8,1,0.174984341298672,0.150652649767061,0.113412060790767,0.12293245223346,0.0878753448819065,0.156789623192827,0.0974004274414642,0.0505054056981198,0.0454476946957229
O82462,1,0.320356995117417,0.219226299914309,0.0623076793681257,0.0845012818011658,0.0298852400876681,0.258266732706539,0.00547353613640534,0.010800331348639,0.00918190351973113
A0A178UI04,1,0.265765796243682,0.228272911696318,0.0778932558159988,0.103479924900489,0.0384739189619531,0.252433670447176,0.00689416204357401,0.0143892871101303,0.0123970727806789
A0A1P8BCY5,1,0.17508195382403,0.153175482702346,0.114134356070477,0.124561810545667,0.0858727155163393,0.159072036975598,0.0991597914754786,0.0468564654293811,0.0420853874606829
Q9FJB5,1,0.421376608061757,0.178716804431286,0.05509513912888,0.0722392243337367,0.0287082511111641,0.216819708047899,0.00537388886061254,0.0116244611000162,0.0100459149246491
Q9FJB4,1,0.199313125014492,0.186891709044474,0.123415673221078,0.14181302618705,0.078295754757085,0.193855029803914,0.0167875154469201,0.0323081837049264,0.0273199828200605
O04663,1,0.392398400341513,0.188142956635736,0.0580869633858949,0.076338454373139,0.0300400084539909,0.226228261944639,0.00640756050604507,0.0119883799736709,0.0103690143853712
Q8W4C8,1,0.27033126001867,0.207016695667811,0.0884621917210276,0.111324516055996,0.0484681170589479,0.2275829521482,0.0101580773291843,0.0196405032142231,0.0170156867859404
Q6NQ72,1,0.343632542716413,0.199472731984541,0.0679701231217356,0.0885907731902886,0.0351205352894438,0.23286215051719,0.00688680764825183,0.0136870620639118,0.0117772734682246
A0A178UM22,1,0.22243566842428,0.204941065815329,0.105584626271727,0.128530034514324,0.0610982940970323,0.216198870700536,0.0136426194748871,0.0254634916380603,0.0221053290638249
Q42606,1,0.349391570671012,0.179691289013019,0.0751289459670288,0.0924376733321957,0.0446757856348983,0.207949389559811,0.0122196007207525,0.0205014287879874,0.018004316313295
Q9FKS0,1,0.38568132931149,0.176745419414882,0.0668427050169913,0.0840707691753884,0.0377297738385044,0.208488718193452,0.00988463619768242,0.0163187291379089,0.0142379197136994
Q9FLL1,1,0.348451918409225,0.190327918498484,0.0705082864693326,0.0895420903111233,0.0389530077673111,0.221438537270344,0.00973038915607814,0.0165559240322905,0.014491928085811
F4JYG0,1,0.394558762774902,0.192719338256196,0.0540265121839151,0.0725970457308675,0.0265968614053404,0.236605388999412,0.00455943634489864,0.00991290477885894,0.00842374952561015
AT5G41612,1,0.286095590628497,0.188316875642526,0.0905075426688295,0.10943908065763,0.0545503453846611,0.208911471207524,0.0158581629687358,0.0246368066933352,0.0216841241482612
Q9FMY5,1,0.373432157665537,0.181173386361015,0.0675016644551109,0.0851886535027892,0.0379578941148421,0.213184318555731,0.0106086310904242,0.0164917342461255,0.0144615600084258
Q9LSW5,1,0.370120361234195,0.186572725237536,0.0656873600791909,0.0840998588324999,0.0357754858098819,0.220681709857016,0.00899692195903351,0.0149805911128997,0.0130849858777473
Q9FFH2,1,0.326303249337365,0.199676826251736,0.073314258478797,0.0941487786508373,0.038786953959119,0.231593244812816,0.00843868427220294,0.0149666863005204,0.0127713179366069
Q9LU00,1,0.213823060591334,0.192974144917608,0.11484264961009,0.135584259689616,0.0693322806396446,0.202116250982655,0.016939130237424,0.029093368645811,0.025294854685818
F4KD45,1,0.222908244936836,0.20686959043769,0.10701342748934,0.131108089515243,0.06049189135835,0.216697817815033,0.00935635035001186,0.0245614319468747,0.020993156150622
Q8H0X4,1,0.343194796667518,0.177398005110321,0.0781616177053778,0.0952394908509906,0.047105956185266,0.203769687644921,0.0141888389078321,0.0217813270205258,0.0191602799072471
Q9LVU1,1,0.249785386907031,0.190860373279977,0.102941529768206,0.122421771051707,0.062755872490096,0.206551581480392,0.0147094260787221,0.0269124135655194,0.0230616453783494
Q39183,1,0.309946986562023,0.185456850872279,0.0837766676634923,0.102000947389573,0.0505062138890504,0.209694629579059,0.0147457126541866,0.0233146100747226,0.0205573813156136
Q6AWV7,1,0.456148815822792,0.17024025118969,0.0485953053114119,0.0643709524316309,0.0248844312673168,0.21204820012447,0.00530065383998839,0.00987718219095519,0.00853420782174511
Q9ZWT2,1,0.332805580982213,0.174097330794384,0.0812071483831109,0.0973918878887982,0.0510355931238151,0.198742133378413,0.0177696776757292,0.0249086812754539,0.0220419664980818
A0A178UH40,1,0.305046619036267,0.20720442267272,0.0760442517806628,0.0978774099248688,0.0406067609502493,0.234210613964856,0.0077660567582178,0.0167088743144017,0.0145349905977575
Q9FGZ0,1,0.238928069240636,0.216772882127329,0.0956471953415937,0.121100146336489,0.051027137146879,0.229977429252145,0.0089620173833039,0.0201763286014458,0.0174087945701788
Q8VYS8,1,0.367480874543894,0.19295410462953,0.0637964412484651,0.0832342949881921,0.0332238084596471,0.227208957329179,0.00716163827135456,0.0133485046980945,0.0115913758316434
Q9LTD7,1,0.328408271356894,0.19251515178804,0.0767665622833575,0.0966372121701047,0.0425625862474376,0.220386679881518,0.00971670368736506,0.0176999418065593,0.0153068907787236
Q9FLI2,1,0.367506701936699,0.184096734814012,0.0689412335471343,0.0873682393855342,0.0379996130939268,0.21529454631363,0.00894253784091261,0.0159607758415308,0.0138896172266204
Q9LV09,1,0.261675751117889,0.207253179245422,0.0914544637062584,0.114355011692994,0.0509011136688374,0.224228198630525,0.00997276101324948,0.0214612749575203,0.0186982459673037
Q8GXC0,1,0.362714614008778,0.187503606634073,0.0686806445205513,0.087568011075625,0.0374817585212119,0.218104889735742,0.0083874387701916,0.0157880970270727,0.013770939706754
Q9FLP6,1,0.404491980760022,0.174431770944497,0.0622350360285672,0.0791154746555812,0.0344553631778257,0.208128498252376,0.00945186657097211,0.0147575843260986,0.012932425284061
Q8S397,1,0.25218326566818,0.201622747776819,0.0983572612033037,0.120558219114206,0.0559190346898437,0.218178574890624,0.0114997762118263,0.0224768272450466,0.0192042932001509
Q9FM71,1,0.325102278470613,0.189114485709119,0.0785844390431902,0.0978020868614209,0.0448323723039056,0.21649490522841,0.0118764636671861,0.0193001029552451,0.0168928657609102
Q9FG74,1,0.272228244832971,0.183224578136322,0.0951563987223486,0.112578516131935,0.0607774014676672,0.201898367615889,0.0187772545734223,0.0293898002046802,0.0259694383147651
Q8VYG7,1,0.42404857088005,0.1773130905998,0.0548752100072378,0.0718502262562092,0.0287052931849011,0.216085533947485,0.00544739159708786,0.0116325388617701,0.0100421446654584
Q9FKT4,1,0.325059835588979,0.177593743206284,0.0828554929738936,0.0997476158471814,0.0511928243145367,0.202055022871723,0.016189609626267,0.0241103484169454,0.0211955071541895
Q84WU9,1,0.431091866969275,0.174989047459451,0.0542600304203902,0.0711135190222382,0.0281783943075777,0.213144986873991,0.00605719520406924,0.0113291520495235,0.00983580769348404
F4KDH9,1,0.285545303553899,0.188136495388501,0.0913739412489979,0.110337805878907,0.0552008405338316,0.208126322881827,0.0139552602492933,0.0252039971765509,0.0221200330881913
