ID,Cluster,#1,#2,#3,#4,#5,#6,#7,#8,#9
AT1G01720,1,0.0348275926583062,0.0430767820218298,0.0651028887579421,0.0688705961277015,0.394988786060417,0.068704480094517,0.193418983635017,0.0680145688899955,0.0629953217542737
AT1G02220,1,0.0380444416448786,0.0499772520992933,0.0616278314836259,0.0593326559228393,0.401364206351214,0.0561779855793273,0.216667079507742,0.0550837666955561,0.0617247807155232
AT1G02850,1,0.0287610784426641,0.0339168536169031,0.0426761410542766,0.0423937137548509,0.401118544769843,0.0411794570584635,0.326947518454066,0.0406513714655101,0.0423553213834231
AT1G03220,1,0.0375830240978768,0.0545007252982132,0.0824807379938222,0.0935080343928,0.325216588111747,0.101110467058931,0.124809302425872,0.102025625941138,0.0787654946796008
AT1G03850,1,0.0250060540264873,0.031570555957929,0.0421787688953488,0.0442038310167706,0.51505671033896,0.0448964254884479,0.211105209385723,0.0447559764724686,0.0412264684178644
AT1G05340,1,0.0200002059042312,0.0281225968996761,0.0382431514464562,0.0398443999108335,0.621723458622179,0.0399721782587295,0.1350447375502,0.0396609761424261,0.0373882952652684
AT1G05575,1,0.0316887547627819,0.0425861763595836,0.068071122081917,0.0767970910822651,0.420695277908757,0.0818276254129244,0.131219203874403,0.0823116201760176,0.0648031283413507
AT1G07175,1,0.0301864705087504,0.0423730668571278,0.0555683851633675,0.0562554502852761,0.466506378365417,0.0547359405137771,0.185692262086647,0.0539395567590645,0.0547424894605719
AT1G08920,1,0.0315044735827287,0.0456258494597031,0.0721655543090606,0.0810965418270633,0.412894768988255,0.0863013513344122,0.114816146437205,0.0868220983853196,0.0687732156762521
AT1G09575,1,0.0347275172973286,0.0490424751168533,0.0932910458813762,0.112163145832572,0.279486634255391,0.121915613000525,0.100195516457274,0.122601502198062,0.0865765499606171
AT1G11310,1,0.031371813807565,0.0460393671207721,0.076046922531939,0.0870713942163275,0.391892038048334,0.0938902008741046,0.10710305295725,0.0945095580637118,0.072075652379996
AT1G13520,1,0.0190630246389073,0.0256933730742038,0.0355111531660421,0.0368089063072174,0.638380586093048,0.0367289806227974,0.136671449396682,0.0364237980733621,0.0347187286277402
AT1G13550,1,0.0413572686477253,0.0501832510145065,0.0723449813826033,0.0764392183220597,0.342003412854725,0.0772760575986936,0.193242719971967,0.0768663121462831,0.0702867780614372
AT1G14130,1,0.0291071679391859,0.0418550419223214,0.0749954562575513,0.0848858138199643,0.422535198966985,0.0883666225333962,0.0993480259973632,0.0881609427658048,0.0707457297974284
AT1G14370,1,0.0269182328694859,0.0371298127089395,0.0514573203036696,0.0548543739443478,0.502540709822549,0.0560284933914267,0.16527932606715,0.0557746883259452,0.0500170425664869
AT1G15415,1,0.0301836897371263,0.040413004006731,0.0472700355200778,0.0465814038350672,0.425892420240535,0.0451149160204503,0.272889512294073,0.0444659507061102,0.047189067639829
Q39224,1,0.0189165248247073,0.0238033472919218,0.0302532609118081,0.0307795586167613,0.541201910662761,0.030487336245952,0.264503537115122,0.0302210722616143,0.0298334520693524
Q9LMD1,1,0.0397859938503356,0.0493207893577905,0.0739482827797329,0.0811146106216305,0.348678298057063,0.0851173821991689,0.165437729138412,0.0855093007686167,0.0710876132272496
AT1G22360,1,0.0227173615416803,0.0298988782863649,0.0465409881790126,0.0501674338980684,0.58309385501111,0.0513961357261039,0.120145746704821,0.0512261115150679,0.0448134891377718
AT1G24430,1,0.026833723420365,0.0341933153057318,0.0510146568678321,0.0535441971987493,0.511565857850953,0.0533353278912083,0.167190914209819,0.0528631091110698,0.0494588981442716
AT1G29390,1,0.0403961641824444,0.0520839096620812,0.0968884596715449,0.11588418830786,0.23896661979179,0.125462374480283,0.113811549069129,0.126457116109658,0.0900496187252094
AT1G29640,1,0.0351899797621014,0.0482063753552746,0.081348535546295,0.0956444846735375,0.33410957791359,0.105923837925895,0.11546978930155,0.10754601111588,0.0765614084058752
AT1G30400,1,0.0297163937714161,0.0435529254097933,0.0761740221841772,0.0867688438823074,0.409484354664767,0.091984572581996,0.0982446871582573,0.0920598772922023,0.0720143230550837
AT1G30820,1,0.0364391855421871,0.0449607734696529,0.0709913296721175,0.0749738899675474,0.381593027168873,0.0742808593101669,0.174857877572199,0.0733691520690164,0.0685339052282405
Q9C6S4,1,0.0312419578655901,0.04077812513598,0.0661155941889953,0.0735852320869842,0.43031568801349,0.0766705961764231,0.14161686696251,0.0766155134313419,0.0630604261386855
Q9FVR3,1,0.040031917684715,0.0488437398151967,0.0664001289051866,0.0660566722892756,0.337240112192762,0.0627096613323035,0.251746630667122,0.0614926668980765,0.0654784702153622
AT1G32940,1,0.0224428750078464,0.0322795401218195,0.0480134106083003,0.0522331117339146,0.579446337562767,0.0541366726283559,0.111095576901814,0.0540760408617806,0.0462764345734018
AT1G35250,1,0.0442516572992591,0.0543000898667976,0.0681179846212512,0.0655427632164152,0.309517518323734,0.0611396530684364,0.269351991603639,0.0597598897051558,0.0680184522953118
Q94LA4,1,0.0462498218693423,0.0558260111665381,0.0839683777813728,0.0899764217087508,0.277067842937953,0.0906274997306123,0.185280998346879,0.0900915948643762,0.0809114315941761
AT1G48120,1,0.0380250457587906,0.0517629547873541,0.0989459873491552,0.121652945748667,0.227740309288369,0.137563798921921,0.0927037334103518,0.14008383385235,0.0915213908830417
AT1G48700,1,0.0275337526163982,0.0365534838544559,0.0533339801411086,0.055339974090691,0.521669553330124,0.0551115866486935,0.143869667889953,0.0546170222042629,0.0519709792243126
Q9LPM7,1,0.038248590310309,0.0518371989870312,0.065910104879696,0.0686781804351394,0.345395642972498,0.0686888336946442,0.228503232913137,0.0681676615455078,0.0645705542620365
AT1G52070,1,0.0372789853557584,0.0526808419231753,0.0691338072360882,0.0710675398669232,0.371110117512136,0.0697923421891092,0.192212246581074,0.068888712085082,0.0678354072506534
F4HTB2,1,0.0372149882720248,0.0437051984479502,0.0552295331528809,0.0563688649253288,0.326894896202981,0.0557888147650409,0.315044863443396,0.0553598699594851,0.0543929708309129
Q06327,1,0.0343737028017121,0.0491255002540654,0.0613338464974545,0.0620217320279957,0.424911798916985,0.0609519735043227,0.186399167686692,0.0602700153363876,0.0606122629743849
AT1G60730,1,0.0393532118261028,0.0498361813401808,0.0573259893152959,0.0545150578869356,0.36532731115762,0.0514792028653982,0.273875957965828,0.0504924736461417,0.057794613996497
F4HPY8,1,0.0431414490391465,0.0516971858334874,0.0671524138931173,0.0670895788769589,0.334400414101696,0.0652085913467897,0.24051903063364,0.0644360573431196,0.0663552789320449
Q9XIQ1,1,0.0344276349838009,0.0487284484281995,0.086314690205745,0.105069778554287,0.300318659075123,0.119088495515697,0.104145050819168,0.12152805083291,0.0803791915850704
AT1G65570,1,0.0405771197997668,0.05654893147803,0.0678629143943884,0.0706807405369906,0.344759409488549,0.0719107666703459,0.209149538107037,0.0717538949458497,0.0667566845790424
Q9FXE3,1,0.025141502412916,0.032486729555521,0.0476038834318937,0.0521934653643716,0.520771010968542,0.0545699151128787,0.166708633730883,0.054707009421464,0.0458178500015305
AT1G67850,1,0.0225862531651794,0.0317826230339609,0.0498856037103122,0.0540990557174082,0.57219237188558,0.0552403861972852,0.111379464373085,0.0549023045927625,0.0479319373244269
Q94A41,1,0.03351805621977,0.0484261510700778,0.0955557450906298,0.111149051801488,0.298226101163654,0.114869490109842,0.0953112998160947,0.114034096329529,0.0889100083989148
O64592,1,0.0330675399706855,0.0415552306231943,0.0500251863593572,0.0492479010698792,0.410578658741228,0.0477212031196392,0.270832047584272,0.0470677722497484,0.0499044602819962
Q9CAL3,1,0.0290554151500839,0.0395512132642565,0.0635305854803369,0.071572060518865,0.454852425095558,0.0758679315479019,0.128961633279575,0.0761174142764994,0.0604913213869236
AT1G70530,1,0.0308495238999713,0.0426729132257797,0.0683870844790785,0.0775963223862459,0.424331261208801,0.0832156501692751,0.124139429469516,0.0837564011981511,0.0650514139631816
AT1G71100,1,0.0404295776913701,0.0523325920801017,0.0870607158742731,0.0979854679739043,0.295761528857905,0.102178153176575,0.139553978176947,0.102048441773212,0.0826495443957121
AT1G71880,1,0.0339836114895749,0.0476250933599732,0.0895978889485773,0.105629435739282,0.310782016950034,0.112430084990129,0.103852883326435,0.112594092914205,0.0835048922817893
AT1G72416,1,0.0272987720494557,0.0369548610875355,0.05599254406681,0.0603776527221254,0.491420536297677,0.0612426046404773,0.151955079918638,0.0608043175628035,0.0539536316544782
P92976,1,0.0191836602937326,0.0259298348653708,0.0363540423306869,0.0386912164339111,0.625139940101739,0.0394941199513386,0.140551953323681,0.0393379264468162,0.0353173062527236
AT1G74010,1,0.0317402329443096,0.0422349325100341,0.0515561542420049,0.0517938392246176,0.445753015148596,0.050994270889046,0.224319652571395,0.0504524459951701,0.051155456474827
AT1G75000,1,0.0352934415104325,0.0452588499139659,0.0532739967250284,0.0525498498830987,0.388276675478357,0.051152627483488,0.270513675028794,0.0504766528161914,0.0532042311606448
AT1G76680,1,0.0222365381443045,0.0280526231036091,0.0344213858286013,0.035272365599688,0.463829529147714,0.0353301343674524,0.311775412559755,0.0351264604212252,0.0339555508276514
AT1G76690,1,0.0388709632239604,0.0517570882666741,0.0609216951015825,0.0586093279339171,0.388777537611127,0.0557402373958788,0.229417269376968,0.05474153625169,0.0611643448382017
AT1G77380,1,0.0289811014701046,0.0423115771558709,0.0714936718947943,0.0819057041770937,0.425608870143176,0.0868589042475284,0.108215706527958,0.0870755996683206,0.067548864715154
Q9FVW9,1,0.0386756019880027,0.0520281012717159,0.0692037033657477,0.0696880743578567,0.36487731898258,0.0670781002299526,0.204344597661347,0.0659264617096902,0.0681780404331065
AT1G77450,1,0.0352400738712083,0.0464268544482212,0.0645464497000272,0.063803964477094,0.436189245319728,0.0611220530650034,0.168834047517041,0.0600019039714625,0.0638354076302135
AT1G78340,1,0.0287861891839776,0.0364351874611142,0.0408617881018301,0.0396356107040624,0.377351179587802,0.0381443182723307,0.360165609278344,0.0375683499744813,0.0410517674360582
AT1G78380,1,0.0318206621430976,0.0442125295468431,0.0789635578687686,0.0932790167454731,0.365757804763719,0.101859509240484,0.107266298785096,0.102949592526285,0.0738910283802328
AT1G79520,1,0.0284496375838492,0.0386521866402574,0.0678684480287919,0.0795746738583854,0.432655975745904,0.0860389706523575,0.116370954837586,0.0867607271236981,0.0636284255291707
Q9LZX1,1,0.0331160981718274,0.0467102878233654,0.0885320839983653,0.108019137652015,0.301060742973071,0.120644555950056,0.0975654341071572,0.12236175303314,0.0819899062910022
Q9LZ06,1,0.033580745069573,0.0465647367065229,0.101194604663925,0.131576678811657,0.208951122683021,0.152577219801138,0.0778765426505829,0.156079201761522,0.0915991478520586
Q9FLB5,1,0.0334275743277369,0.0405871147837405,0.0494940181694071,0.0496415253169924,0.374142563671497,0.0487661219578514,0.30656884340208,0.0483101516076995,0.0490620867629946
AT5G06860,1,0.026700348626348,0.0358140837405498,0.0484653649606034,0.0486355451327376,0.536241806861835,0.0473573488364693,0.162278614738229,0.0466929783828142,0.0478139087204135
AT5G07440,1,0.0319027343069045,0.0431723716631849,0.0566035909802203,0.0567634421972892,0.460933571683938,0.0553734586042667,0.184694664675842,0.0546173646419433,0.0559388012464117
Q9SD98,1,0.0361626677751237,0.042362903787248,0.0603738307824978,0.0638724625580929,0.364035200283388,0.0644081615852977,0.246090446727109,0.0640997967134544,0.0585945297877889
Q9SD97,1,0.0268988130814309,0.0352854889523143,0.0587912874517958,0.0662955964404939,0.492011567866139,0.069992176472665,0.124668966846125,0.0702995865508403,0.055756516338196
AT5G12340,1,0.0293611980696496,0.0371842405274361,0.0437715373964494,0.0429396463647193,0.409324313786347,0.0414602300216479,0.311363875262174,0.0408795685769812,0.0437153899945955
AT5G12890,1,0.03312552972579,0.0478403749395328,0.0828242119619822,0.0988201543378569,0.332998921729669,0.110128771458272,0.104890646398256,0.111792228262469,0.0775791611861722
AT5G13330,1,0.0215540835799602,0.0282170746683207,0.0421481837833104,0.0446436001633068,0.601037131566875,0.0451342133527839,0.131577870211215,0.0448358602490635,0.0408519824251647
AT5G15970,1,0.0315262888244935,0.0464722113720343,0.0802234361394131,0.0908059000760849,0.377512637018392,0.0940558594360287,0.109945277933232,0.0936486103983656,0.0758097788019549
AT5G16170,1,0.039667973678676,0.0588428362531688,0.0973855517415405,0.118031667043728,0.223358103358854,0.134395182059139,0.0997148812297559,0.137484675492008,0.0911191291431299
Q9LF04,1,0.0362375215256512,0.0517792072637531,0.0926810856229209,0.10990806591064,0.279493765486658,0.119840550119975,0.102587520906476,0.12075008369804,0.0867221994658873
AT5G17460,1,0.0320138457004682,0.0469748789177178,0.0780836272145076,0.0906120731899417,0.373552038709983,0.0990837204083219,0.105717070045268,0.100237690275821,0.0737250555379709
AT5G17650,1,0.0324945548695475,0.0460641114789576,0.0887372230922569,0.109553139598024,0.298203505000008,0.124419858920282,0.0917180832923401,0.126920198421076,0.0818893253275076
Q949W7,1,0.040028943681649,0.0512978248871924,0.088480320030475,0.101061070084267,0.289988596403012,0.106424095356544,0.132630350118219,0.106571408837275,0.0835173906013665
AT5G22500,1,0.0313697658256552,0.0391705340177192,0.0504210364566048,0.0498209627966339,0.419638230703737,0.0477454975181479,0.264878999944452,0.0469728554633823,0.0499821172736686
AT5G24080,1,0.0434356375051048,0.0501377734223815,0.0612250178454152,0.0597457012645255,0.31863013003485,0.0574580007496651,0.291630865467647,0.0566195944855199,0.0611172792248909
Q9FLV0,1,0.034138165067695,0.0493059660677228,0.0918179234766826,0.114703816614374,0.264167631893232,0.133308187330054,0.0909144243764823,0.136812869450727,0.0848310157230308
AT5G26340,1,0.036911834968452,0.0476804697977687,0.0595434305428318,0.0612844409621357,0.380129582173836,0.0615630835650953,0.233023389942986,0.0611658039813566,0.0586979640655377
AT5G36160,1,0.0315276327486783,0.0454419066163654,0.0859534333207813,0.105440870895575,0.319275761972167,0.11942771628014,0.091718936342455,0.121625979813317,0.0795877620105205
AT5G38710,1,0.0232772822735143,0.0298791004722521,0.0389110835299542,0.0403516319972106,0.517378856880773,0.0405345578717206,0.231208006755895,0.0403229469973413,0.0381365332213392
AT5G41100,1,0.0401565730787389,0.0508208963930312,0.0711358632868551,0.0736880673791789,0.339559423092002,0.0726831114983703,0.210705701080173,0.0717494970104668,0.069500867181183
AT5G41170,1,0.0354044896297252,0.051075919171055,0.0967812396385633,0.115197415818254,0.266597962784331,0.124699818664272,0.0948057714138799,0.125431646200451,0.0900057366794674
Q9FFS5,1,0.0337853375598065,0.0508204237466136,0.0728866174293294,0.076455803189562,0.405016218987417,0.0757895804251021,0.139514855316506,0.0748864111706299,0.0708447521750331
Q9FKU9,1,0.031384445506924,0.0410392254454346,0.0540923860003851,0.0559790603679845,0.411938722213368,0.0554118202486659,0.242318159561576,0.0548490836304121,0.0529870970252497
AT5G45110,1,0.0332095620092089,0.0471208168869585,0.0824236795728517,0.0984540181365761,0.334102301365758,0.109278807830227,0.107495773459474,0.110785346636475,0.0771296941024712
Q8L9E4,1,0.0226004621246899,0.0302970283370893,0.0431321845431613,0.0461200920940883,0.56233751528575,0.0469843083502097,0.159946633067346,0.0468086638293388,0.0417731123683267
Q93XW5,1,0.0328295352650879,0.0416111496254305,0.0558821030026168,0.0579352286383125,0.40141338107065,0.0575944372510065,0.240994250546369,0.057013078717074,0.0547268358834527
Q9LV72,1,0.0360205184933356,0.0472269338449186,0.0722143444660575,0.0749760244319502,0.402948476173212,0.0738555994466236,0.149667589798584,0.072895502285489,0.0701950110598298
Q9FHN4,1,0.0229611175113255,0.0334297832652765,0.0506397229909371,0.0535499317842029,0.577655341187561,0.0538171549265225,0.105575234557203,0.0533143964103146,0.0490573173666572
AT5G56270,1,0.0375708455736972,0.0529270313211021,0.099496667750264,0.124162796994419,0.215722327513796,0.141505255411963,0.0924895664790444,0.144355248961399,0.0917702599943158
Q9FM86,1,0.0405912066165553,0.0549229360315224,0.0927265016229691,0.102812832954985,0.282906732049556,0.104141484960339,0.1305787556572,0.103163959188299,0.0881555909185753
Q9LTH7,1,0.0314109840065636,0.0435978299162156,0.0738935719798478,0.083518176696991,0.404532746273368,0.0878264775192524,0.117357206945245,0.0877956454716589,0.0700673611908569
Q9FNR3,1,0.035521093400396,0.0516423117414792,0.0870433692479488,0.102277956976032,0.308584559693718,0.112562949090957,0.106488057327203,0.11392642079263,0.0819532817296371
AT5G61210,1,0.0326216129226737,0.0481331047563113,0.0833617132137384,0.0971861832416262,0.346178906035189,0.105438348812873,0.102491219437835,0.106121794124346,0.0784671174554066
AT5G61440,1,0.0287194339454647,0.0355440439341036,0.0549635652201196,0.0580101872233042,0.490356487770437,0.0580557858916134,0.163636631055172,0.0575653415732664,0.0531485233865192
AT5G61640,1,0.0284293857545223,0.0424068760038408,0.0595300653068604,0.0621596903819618,0.501175189100282,0.0625515220556399,0.123589885436089,0.0620227145181685,0.058134671442635
Q94F08,1,0.0300093529429577,0.0402990875780279,0.0564853577305348,0.0568902882229146,0.478059371805861,0.0547475572433007,0.17420762330876,0.0538036285095431,0.0554977326580996
Q8L8T2,1,0.0348950184002652,0.0512614995059702,0.0999946915401166,0.125116636816903,0.225547939241832,0.142229594173223,0.0843288861905097,0.144573441478858,0.0920522926523228
AT5G63560,1,0.0273585564279337,0.0343686913336494,0.0464252568014167,0.0478742764150445,0.449976003441969,0.0472849991769271,0.254470517645213,0.0468012503780974,0.0454404483797498
AT5G63790,1,0.0237621561478647,0.0295757149421135,0.0357556714161073,0.0351550500748818,0.410120590019879,0.0338480617532637,0.362825099156584,0.0333145827445506,0.0356430737447563
AT3G01290,1,0.0289368148130094,0.0381984568323293,0.0464864405441595,0.0467009689737067,0.45463390603394,0.0459913780798066,0.247442665070819,0.0454768934597807,0.0461324761924488
Q9SGH6,1,0.0179110042214512,0.0244601959990211,0.0321156012092386,0.0330758507372487,0.650677875536679,0.0330724945614032,0.144323754835767,0.0328038106226048,0.0315594122765864
A0A1I9LTC6,1,0.0338466999544754,0.0501415982752156,0.0877602478019206,0.104243958845992,0.311763042238047,0.116247622251271,0.0956832959066234,0.11807992318429,0.0822336115421638
AT3G01970,1,0.0287893357916958,0.03974483222425,0.0616541347231019,0.0679586482852887,0.474154567065941,0.0710705599778865,0.126340831211813,0.0712460823590337,0.0590410083609893
AT3G02800,1,0.0310541172483125,0.0451093195198132,0.0844943776804503,0.0987236278444496,0.357405623977453,0.106582528836659,0.0903788453549734,0.107191971758654,0.0790595877792353
AT3G03500,1,0.0338484970975273,0.0487931567409857,0.067377495259788,0.0717811818524261,0.415612888590684,0.0734558193417034,0.150400957128917,0.0732966214223729,0.0654333825655956
AT3G04070,1,0.0208908369848085,0.0255553142426232,0.0329589531628677,0.033952529463246,0.458342533082567,0.0338312784876205,0.32851226233667,0.0335972483150848,0.0323590439245121
AT3G04320,1,0.0277649942365092,0.0380088293707047,0.0532913973205893,0.0568214278916328,0.479207290793305,0.0576207798775056,0.17829822489983,0.057303236860788,0.0516838187491361
AT3G04720,1,0.0213549115884576,0.0294966638012049,0.0440213205511748,0.0484408315909983,0.591842047257122,0.0507050859447645,0.121033199586604,0.050810750247488,0.0422951894321863
AT3G09260,1,0.0303223141798867,0.0450276415189932,0.0749845139020632,0.0855179022159982,0.405177481633877,0.0909557710894022,0.105705913991872,0.0913064163774216,0.0710020450904859
Q9SR36,1,0.0311733822182931,0.0420036418281277,0.0548203170015863,0.0546568845536743,0.474456250399681,0.0530175617032118,0.183353666240305,0.0522615815466604,0.05425671450846
AT3G09830,1,0.0384597804181717,0.0492460891690202,0.0583829248366685,0.0568334771335896,0.339313436614162,0.054190456230412,0.291988229481702,0.0531601407339378,0.0584254653823363
AT3G10520,1,0.0386579649499606,0.0512482765766045,0.0819931783112535,0.0914733757369682,0.319894949099619,0.0947832141990464,0.149269374533041,0.0945297739929434,0.0781498926005631
P19171,1,0.0272790976707026,0.0393101499365186,0.0520443337418547,0.0538385987446102,0.513592838742936,0.0538555305894697,0.15565248975289,0.0533700849207037,0.0510568759003145
AT3G13330,1,0.0299369203879499,0.0453143891603804,0.0779032030639424,0.0868353319382623,0.410072542232351,0.0901647328765648,0.0959066832569931,0.0898613405077774,0.0740048565757792
Q9LUD2,1,0.0363490392731804,0.0458823280202085,0.0543087197248759,0.0541562412745027,0.345204915076541,0.0528039060226947,0.305136811455235,0.0521059912529704,0.0540520478997919
AT3G14660,1,0.0353880964261618,0.0464120885300587,0.0823578831473143,0.0964748601309453,0.331796007261164,0.10466471204283,0.120057071553009,0.105586304160897,0.0772629767476201
AT3G14690,1,0.0307174983795377,0.0405193092188678,0.0634627884867419,0.0708493546209583,0.441000335416573,0.0747696944001622,0.143012392848142,0.0750384853466334,0.0606301412823841
AT3G15210,1,0.0361535137758598,0.0525847745518167,0.0991122578828158,0.124372966275085,0.218405237914189,0.144779580771899,0.0846927312366449,0.148419444207854,0.0914794933838353
O04314,1,0.0259130218517801,0.0371128512480906,0.059600062631072,0.0664405869331088,0.502623267653488,0.0693255878897521,0.112847102988332,0.0693227703182373,0.0568147484861395
O04311,1,0.0207318657465344,0.0259011680247725,0.0335143195067162,0.0341062976768062,0.501979347322412,0.0335627097224765,0.283992991174627,0.033221899126255,0.0329894016994006
O04310,1,0.0317197740085136,0.0473330673240448,0.0847773910581813,0.10093390657624,0.336745703955708,0.111219883975393,0.0955112134080637,0.112567371029591,0.079191688664265
Q9LV33,1,0.0358428003971343,0.0486944292330559,0.0902271266696653,0.102246280993233,0.31609592873713,0.104385016807233,0.114136070280122,0.10358571790737,0.0847866289750561
AT3G19900,1,0.0303190744503,0.0422785182299471,0.062187467295198,0.064066863539441,0.484414101418106,0.0634045909814152,0.129948688308078,0.0626175190338613,0.0607631767436538
AT3G20660,1,0.0331713476794682,0.0441835437223958,0.0780245485202118,0.086466381130686,0.389765648371551,0.0889070690984707,0.116988680296322,0.0884386859122898,0.0740540952686041
Q39219,1,0.0358460512228174,0.0526018532344858,0.0876499075457404,0.104315603266433,0.295532363346151,0.116699585597151,0.106327077945511,0.118665492748945,0.0823620650927649
Q9LUI6,1,0.0350743074734562,0.0512142504071958,0.101563005255197,0.128171361627982,0.213343560842668,0.146050547962362,0.0828864392650362,0.148498852311898,0.0931976748542059
AT3G23060,1,0.0409900884851177,0.05293236603287,0.0752625786280166,0.0792981116875396,0.335728073366122,0.0797087425872702,0.183767360708077,0.0792206978664216,0.0730919806385656
Q9LUG7,1,0.0307424488879059,0.0433207659886247,0.0735930383779421,0.0795788456520101,0.435586925296367,0.0805389197521201,0.106338644556148,0.0798742228992175,0.0704261885896654
AT3G23920,1,0.0372628377113189,0.0529836773303062,0.0949083200955647,0.116492469407935,0.243742218589849,0.133499877226097,0.0963485552120667,0.136529720637737,0.0882323237891262
Q9LK01,1,0.0256740426125607,0.0330315941815593,0.0398454281731392,0.0400176457566507,0.415868831264354,0.0391954451183386,0.328125015382588,0.0387114904943949,0.0395305070164144
AT3G24630,1,0.0276364453616733,0.0375535861372047,0.0599939523821304,0.0660532246435355,0.481889858688238,0.0680702549438348,0.133627061483588,0.0677866071996996,0.0573890091600954
Q9LI83,1,0.0336560719733312,0.0507452067624294,0.0896934485552479,0.107125377831856,0.300278545545293,0.11863073986534,0.0959612880942729,0.120040929983197,0.0838683913890321
AT3G25740,1,0.0352842116859084,0.0474184230923152,0.0996643302086581,0.124469274872489,0.234111794140522,0.139234170097162,0.0874801152032986,0.141245432898838,0.0910922478008086
AT3G28180,1,0.0355203368847836,0.0501644180952064,0.0916927475595318,0.109094667399679,0.28487588309199,0.11813677505122,0.106229798105605,0.118767251034559,0.0855181227774267
AT3G28210,1,0.0374949840850115,0.0544336417584788,0.0728835351525757,0.0787456991082564,0.365867403844216,0.0820700504425783,0.155503512737604,0.0823000887785415,0.0707010840927382
Q7PC85,1,0.0364555685674109,0.0468371519355542,0.0726383924979189,0.0809337130476178,0.367404992275987,0.0851980424483095,0.155570387107144,0.0855496115826094,0.0694121405374476
AT3G48520,1,0.0328705463199996,0.0476543465793156,0.0676324305727352,0.0729875609126023,0.417988679805485,0.0752260750396601,0.145114714567095,0.0751336293750371,0.0653920168280706
AT3G49940,1,0.0359044255460004,0.0487235410882075,0.0908561562958113,0.109260837433654,0.285675423555345,0.121390384162648,0.10044400966067,0.123247902849016,0.0844973194086478
AT3G50140,1,0.0380536264039313,0.0524613043756492,0.0672459299633151,0.0710431916455789,0.359524490556964,0.0725136728594708,0.201147600548437,0.0722539722270601,0.0657562114195936
AT3G50470,1,0.0344331201301986,0.0424579294080308,0.0668925984591479,0.0729620667583011,0.401182178632831,0.0749839344080406,0.168094096758488,0.0748800469024991,0.0641140285424628
AT3G52880,1,0.0325260416587607,0.0488000857410391,0.096070850298367,0.12064901205297,0.252654971069707,0.138546574109022,0.0809899166708728,0.141497003704267,0.0882655446949942
AT3G54420,1,0.0311633039271883,0.0458733925038845,0.0630980701640431,0.0656712982035159,0.464379010289885,0.0659170468070372,0.136819800388894,0.0653481206426534,0.0617299570728981
Q9M2T6,1,0.0358125817042793,0.0516911253475665,0.0953727900697887,0.119017305346006,0.239463869680182,0.137543333654153,0.092100831448109,0.140815942488495,0.0881822202614208
AT3G56770,1,0.0288648656749716,0.0394228833730852,0.064278410664516,0.0702175991582409,0.472225711347459,0.0720100197598335,0.119744261319621,0.0717703784443228,0.0614658702579497
AT3G58550,1,0.0281025209431795,0.035194074815135,0.0475260367190697,0.0487283471281768,0.445011479695759,0.0478815024545228,0.253640438923981,0.0473349325429424,0.0465806667772336
Q9LYS2,1,0.0398123568295033,0.0489144496894446,0.083828448070325,0.0920847643549382,0.325945712815545,0.0938275248195845,0.1423947341828,0.093474617066201,0.0797173921716588
AT3G61198,1,0.0457420409175371,0.0589966468321459,0.0646994893612535,0.0613627370593147,0.31021879773425,0.0578703644842805,0.278953155703159,0.0567007796781668,0.0654559882298922
AT3G61210,1,0.0396554282926863,0.0478346200870452,0.0711410254518667,0.0750939160150036,0.339557048490282,0.0746987215112462,0.209141577929692,0.0740637345006964,0.068813927721481
AT2G02060,1,0.0410090140514376,0.0507456111826159,0.0692433960927254,0.0728347849906315,0.325303827519826,0.0731531775250656,0.227564315583598,0.0726903082759109,0.0674555647781882
Q8LG89,1,0.0313186168332317,0.039370523005483,0.0573014508102969,0.0588124837114809,0.447059365438747,0.0573423605002542,0.196346492802808,0.056542198904235,0.0559065079934624
Q9ZSP5,1,0.0300858757343901,0.0426459652451806,0.0734959624367079,0.0861016413956412,0.397824292153797,0.0930141113914783,0.114116911798859,0.0937008269318656,0.0690144129120805
AT2G15480,1,0.0276067287593662,0.0399164890378588,0.0540143578046005,0.0562184908349437,0.515810462636157,0.0566492391297503,0.14066638117386,0.0562341261363169,0.0528837244871463
Q9SII6,1,0.0350824274226212,0.0503444174869036,0.0919501316400591,0.113231242356198,0.267043693246496,0.130410965372613,0.0930176686449383,0.133606470539019,0.0853129832911519
AT2G17500,1,0.0278095733864369,0.0415844247441763,0.0608547830235242,0.0640594689722998,0.502724208409638,0.0644889113795793,0.115390129459351,0.0639463800122942,0.0591421206126995
Q8GW96,1,0.035386328598326,0.0470569587008485,0.0678995040221003,0.0690241086271126,0.410182800243632,0.0667834111863578,0.171505741759549,0.0657407252302916,0.0664204216317822
AT2G18370,1,0.0208244135359228,0.0270888206459112,0.0403467977421547,0.0425097428746457,0.59479339406418,0.0423128310349478,0.151137082944611,0.0418958137810694,0.0390911033765574
AT2G19900,1,0.0248829240892059,0.0314698478273535,0.0426762019204057,0.0429849547416048,0.516417130340554,0.0417571110487175,0.21663838127258,0.0411380544650379,0.0420353942945409
AT2G21510,1,0.0370355466812114,0.0463821785412094,0.0804836162875854,0.0896795841522372,0.342560407806623,0.0917671448879931,0.144503725883161,0.091350615235483,0.0762371805244968
O22190,1,0.024274077054434,0.0298867008333745,0.0390190917766462,0.0403388806817518,0.43701745495326,0.0402426131568593,0.311022697782179,0.0399154818472915,0.0382830019142033
Q9SKK4,1,0.0337671482839896,0.047386871737221,0.0942813766799504,0.11583670980008,0.27176520558623,0.127615707955211,0.0936996944386539,0.12884450821416,0.0868027773045048
AT2G25737,1,0.0378738193988784,0.0503920375426435,0.0664443602889925,0.0661061327409781,0.396043675638131,0.0637531802334512,0.19089998899712,0.0627884563078655,0.0656983488519393
AT2G27150,1,0.0337373535985746,0.0464429740111167,0.0981737931291892,0.125854288026198,0.229383430235223,0.145926805741963,0.0817807003025335,0.149344499042123,0.0893561559130786
F4IFT7,1,0.0326228386777341,0.0424689176148638,0.0498657939958408,0.0495023024337542,0.406348845395548,0.0483593805444866,0.273348191996127,0.0477692716601939,0.0497144576814513
Q9ZW24,1,0.0247747299413503,0.0339912468014692,0.0494111886110904,0.0515508060091516,0.557814300747261,0.0514262061424021,0.131969744485395,0.0509560708763456,0.0481057063855348
AT2G30140,1,0.0303577329680078,0.0373805416459317,0.0465261853421288,0.04703948964214,0.356834816357519,0.0460540758403572,0.344328247419705,0.0454749390149972,0.0460039717692134
AT2G30550,1,0.0201172308744804,0.0285870487544548,0.0440950276826791,0.0485884358332746,0.612657737485106,0.0507075976691302,0.102249505357876,0.0507264690573898,0.0422709472856089
AT2G31400,1,0.0371988613488343,0.0516697331444459,0.101159480698389,0.128156292447042,0.201761617205329,0.149831870105778,0.0834227791967965,0.153883824849474,0.0929155410039116
AT2G34340,1,0.0320011089222325,0.0390735142074131,0.0571211427649668,0.0617759137135291,0.430013608044369,0.0638099987881095,0.197210797571333,0.0638810077513918,0.0551129082366555
AT2G34350,1,0.0289942670090294,0.0363444737837556,0.0456565286973008,0.0451435047164567,0.460335805530658,0.0437228743405834,0.251312027181214,0.0431227834737604,0.0453677352672416
O80930,1,0.0302416862423735,0.0408235372484006,0.0502824810199936,0.0511274797436029,0.447393189128823,0.0506284125238677,0.229657302001914,0.0501622674123312,0.0496836446786939
AT2G37760,1,0.0292894746003985,0.0400952561859891,0.0588792813143243,0.0608274742589364,0.496574279908047,0.0601026334193767,0.137396362801233,0.0594231584463864,0.057412079065308
AT2G38250,1,0.0390736877414223,0.0506761676096801,0.0893540027265338,0.104236699915933,0.283023513255452,0.111383440144422,0.126469650388716,0.111976329350738,0.0838065088671019
O22842,1,0.0353323354562971,0.0522058389481301,0.0985255822131653,0.121854836115365,0.235187062183226,0.136538227448761,0.0909130546351575,0.138478817697825,0.090964245302073
AT2G44080,1,0.0340961139503415,0.0447071623913051,0.0699526070973541,0.0773347492438711,0.388293819415381,0.0799956405354164,0.158892733630809,0.0798202941238692,0.0669068796116528
O64871,1,0.0333149075367333,0.0483728014725583,0.0830638758320359,0.0960194227266972,0.346263154178526,0.103304825919926,0.107423188814246,0.103982473361487,0.0782553501577894
AT2G44670,1,0.0331841616810981,0.0466416210527273,0.0895002421659542,0.111602086366325,0.283848625809255,0.127408054994269,0.0952693141882979,0.130114321680914,0.0824315720611587
AT2G46680,1,0.0234834170973631,0.0322038758991297,0.0533967905911696,0.0590785651222546,0.549248615843921,0.061018605592914,0.109856130596274,0.0608422700161732,0.0508717292408012
AT2G46950,1,0.0326536799602772,0.0465645480173275,0.0807803724048385,0.0925139772482055,0.369003901170044,0.0989317466559382,0.10381154699796,0.099504474356271,0.0762357531891379
AT2G47710,1,0.036588139741761,0.0520401596782472,0.097768757493859,0.119672529333669,0.239370966494207,0.132707208571927,0.0971749736214477,0.134156206812104,0.0905210582527787
Q7DM58,1,0.0370990323241136,0.0538813836069764,0.095650759128212,0.119423265587154,0.228753969641341,0.139238412482069,0.0941183811228231,0.143223260320122,0.0886115357871881
AT4G02280,1,0.0245292128655757,0.0314542660412245,0.0415969896684581,0.0425375883788717,0.514829511616463,0.0420984921152949,0.220391368235147,0.0416427915827105,0.0409197794962541
AT4G05065,1,0.0399097947506933,0.0494788331363261,0.0726031766865839,0.0760599144502825,0.336313530957421,0.0749868501477329,0.206111083828585,0.0740306019245099,0.0705062141178646
AT4G05320,1,0.0376347515878631,0.053123028770145,0.0995433976388773,0.124172267881978,0.213888661983712,0.144327965802215,0.0872277967916692,0.148074148952174,0.0920079805913671
AT4G11650,1,0.0263574986283979,0.0330818411425538,0.0392757287819858,0.0400047419651244,0.383290595290931,0.0399263786295098,0.359535365493419,0.0396595775556904,0.0388682725123881
Q9SVQ9,1,0.0141732462905109,0.0187772518076148,0.0257014738358351,0.0266646305950525,0.707618186961906,0.0266340848929075,0.128876432867059,0.0264181012324424,0.025136591516672
Q941C5,1,0.0355327528099273,0.0482849350761226,0.099573482105359,0.128116868831432,0.209397622465963,0.151114537692437,0.0814694971828922,0.155756166676455,0.0907541371594123
AT4G13890,1,0.0286927398070502,0.0396997540723853,0.0513470155600082,0.0532997741018526,0.474353880783811,0.0535085882068023,0.195602522751818,0.0531337842041945,0.0503619405120783
O23391,1,0.0221232634543075,0.0290897452179897,0.041265404648622,0.0434797184729282,0.553895953090779,0.0434721534383802,0.18348276657795,0.0430989758624396,0.0400920192366039
AT4G15550,1,0.0276389997343005,0.0329628474620453,0.0428028328264669,0.0438000934459835,0.380840645123923,0.0432486842364282,0.343795382877622,0.0428100094199019,0.0421005048733284
AT4G16260,1,0.0317046517884364,0.0440006760386786,0.0567273528268524,0.0574593194752282,0.464366448543303,0.0566475843715826,0.177069793736406,0.0560596359107302,0.0559645373087833
O80337,1,0.0311854952027459,0.0447005311128888,0.0706266086599001,0.0779695921384519,0.426382844928454,0.0814257397154806,0.118715825558858,0.0813611182835496,0.0676322443996707
AT4G19200,1,0.0313497314976875,0.0432101269059446,0.0660482268763353,0.0745553754899089,0.421864605592518,0.079806082702288,0.139751899583455,0.0803756034083029,0.0630383479435594
O81851,1,0.0346243958994191,0.0489317390135492,0.0965734267382659,0.122695979740911,0.232080616923655,0.144590523650313,0.0829480757007997,0.14897753740603,0.0885777049270574
O81862,1,0.0267322663887142,0.0342098634806617,0.0406239496533615,0.0402510111122324,0.385600604750674,0.0389103788424253,0.354893769274129,0.0383617008530046,0.0404164556447971
Q9SVG4,1,0.0348071958310113,0.0447007555508526,0.051368439475411,0.0513782607728763,0.336982997078402,0.0504244430281289,0.329346249599444,0.049837970571605,0.0511536880922692
Q9SUC6,1,0.0285523638732528,0.0413056138916568,0.0562174352848842,0.059253052267324,0.488681204335789,0.0600121898212007,0.151526907798375,0.0596172335649171,0.0548339991626004
AT4G21200,1,0.036612703455501,0.0429865333269782,0.0525011336840025,0.0517166075078794,0.352336451195993,0.0501099458306885,0.311983154266335,0.0494759886642415,0.0522774820683807
AT4G21910,1,0.0250692150642241,0.0348358545807485,0.0530616624119453,0.055887206073737,0.540326089230636,0.055408684524325,0.129292070898855,0.0547651072595223,0.0513541099560073
AT4G22530,1,0.0334538598429491,0.0476688413810495,0.0942220759220004,0.114925291591712,0.277066815640468,0.128117071289175,0.0875768103726272,0.13000164158636,0.0869675923736587
AT4G23550,1,0.025025047096496,0.0366814715144762,0.0534964728942953,0.05646046923667,0.5434970081341,0.0568295194928752,0.119719458890732,0.056324802800707,0.0519657499396487
AT4G23680,1,0.0259032377606326,0.0309191958813169,0.0401165231494936,0.0409000563069355,0.389909183396326,0.0402459446881588,0.352707320826454,0.0398454361232472,0.0394531018674354
AT4G24160,1,0.0281383574226328,0.037352913430533,0.0455765463379619,0.0449871610326833,0.452172374343267,0.0433906420152611,0.260315526558493,0.0426812441538442,0.0453852347053238
AT4G25310,1,0.0370041820258053,0.0500209756938712,0.0691698246587878,0.0754735113050141,0.357096696371955,0.0784975192322789,0.187304509561117,0.0786423136507665,0.0667904675004047
AT4G27470,1,0.0284412776663373,0.0382706515467023,0.0580828722296655,0.0628887957383936,0.487003779960703,0.0647090936759462,0.140129483946368,0.0644895050070502,0.055984540228834
AT4G32810,1,0.0338436341143292,0.0457993359489679,0.0754809476412294,0.0827996880010758,0.389643930409339,0.0846411801486743,0.13154681681114,0.0842014388206724,0.0720430281045716
AT4G34135,1,0.0173662142299916,0.0231804984184677,0.0337226077949528,0.0358282817536417,0.668175676058908,0.0364611019900624,0.116259250351401,0.0363105128953557,0.0326958565072182
O23141,1,0.0310780263870046,0.040706922598562,0.0544965429855637,0.055408559491943,0.462436101695795,0.054426088780918,0.194036736621281,0.0538278145700379,0.0535832068688942
AT4G36030,1,0.0341546451353547,0.0442557774041526,0.0553422941784783,0.0567725058438902,0.389349160920742,0.0566465262456797,0.252745326934025,0.0561701218518892,0.0545636414857879
AT4G36410,1,0.0319102844514942,0.0408763575168242,0.0657084352131848,0.0708393882534716,0.432196285707435,0.0714556548761934,0.153032131035024,0.0709782077261912,0.0630032552201822
AT4G37180,1,0.0341360224749459,0.0420024997027872,0.0579176854064428,0.0613165536765159,0.371903430180869,0.0618461257799519,0.253077138496309,0.0614961241673569,0.0563044201148221
AT1G04500,1,0.0942558875073968,0.0896174630980216,0.0771862601457876,0.0716744101154608,0.155429179745853,0.0673939748497906,0.299018445182856,0.0662458067676634,0.07917857258717
AT1G05560,1,0.0626072570672787,0.0662745678398454,0.0657359941119846,0.0630559429068733,0.196541958054834,0.0605401705479949,0.358973903578731,0.0597407649849912,0.0665294409074673
AT1G06160,1,0.0245927649901194,0.0301496939175482,0.0360053400251314,0.0360199592680379,0.344873660479341,0.0351558672468097,0.422714361782281,0.0347563151617952,0.0357320371289357
Q58G55,1,0.0803469417912951,0.083023322962251,0.0784618428740735,0.0740599704105083,0.183208467452663,0.0705565167106209,0.280922539833279,0.06959776282008,0.0798226351452287
AT1G07620,1,0.069287521726911,0.0779198683911272,0.072880901369596,0.067086889891727,0.208375427594258,0.0626124420505296,0.305708822895028,0.0614126758788947,0.0747154502019286
AT1G07985,1,0.0296056394702901,0.0328181623549146,0.0363557660050502,0.0355630225202982,0.202405402093549,0.0343914945353456,0.558482083328755,0.0339436973371936,0.0364347323546039
AT1G04677,1,0.0845548781411039,0.0876114745310581,0.081915050011569,0.0769171156062538,0.180028741446477,0.073000008806778,0.260530880663426,0.0719634826865803,0.0834783681067533
AT1G11040,1,0.0584097527699604,0.0624388749457445,0.0655468116732749,0.0630312131454159,0.219585608896217,0.0604933743197972,0.344683252657833,0.059719436780081,0.0660916748116753
AT1G11330,1,0.0523476379896554,0.0566008483851641,0.0609882298793017,0.0590016952137407,0.204173498313604,0.056244477405678,0.393989844390517,0.055323014091846,0.0613307543304934
AT1G04927,1,0.0604102463979645,0.062147387522015,0.0605511511024525,0.0579114463112195,0.178533172998876,0.0553993194579351,0.409086140953428,0.0546506808658226,0.0613104543902872
Q8H0Z4,1,0.0865148418984349,0.085281445942134,0.0738732991721316,0.0680622793388315,0.166769691793941,0.0638430922780101,0.31699609293477,0.0627239254962016,0.0759353311455456
