ID,Cluster,#1,#2,#3,#4,#5,#6,#7,#8,#9
Q6R0H1,1,0.166329601361233,0.0628598839079029,0.123459873262087,0.15820064284434,0.116788405342828,0.153617744892604,0.0381437706374573,0.15742684444089,0.0231732333106569
Q9C6B9,1,0.152402098717772,0.0807040482981025,0.12225939669702,0.145419910172312,0.117929843961558,0.148294567559801,0.0529541671336035,0.150054106613293,0.0299818608465389
A0A384KIZ2,1,0.168709998950265,0.0688816026410863,0.121531008551472,0.165824611671493,0.114253817842176,0.147431283968177,0.0438429892570009,0.150929051576769,0.0185956355415607
F4K8L8,1,0.15930709059811,0.0776503269596089,0.126618264282165,0.155972266522281,0.120701339057689,0.146858459390289,0.0433773983598515,0.149705622675066,0.0198092321549397
A0A178UP56,1,0.16118459824426,0.0787868906828614,0.125302894664358,0.160418967081138,0.118727492545134,0.144539069355492,0.0467236894450452,0.147432637371546,0.0168837606101656
A0A1P8B9N8,1,0.171973975170982,0.0623765759984677,0.124583515833038,0.170693648301957,0.115900545232781,0.151678210484564,0.032351266285892,0.155816018510556,0.014626244181763
Q9SRQ1,1,0.171967254125335,0.0556686110685048,0.12543819992836,0.165764172282371,0.117518071813668,0.150645213544629,0.0337919937953094,0.155877715109153,0.0233287683326698
A0A384KB34,1,0.160083175470927,0.0728146900633429,0.122797091196017,0.152726142742188,0.117305155969156,0.150120819613986,0.046037590410987,0.153002765934929,0.025112568598467
O22241,1,0.176721326296086,0.0549441724448237,0.133794358356727,0.176367416678811,0.123976321294099,0.143868860066064,0.0250440733213392,0.150913005909617,0.0143704656324327
Q9SIL9,1,0.17010195112196,0.0593294541585467,0.129928263428077,0.167666118551796,0.12179441750159,0.14739522046743,0.0319452335701274,0.152406077433998,0.0194332637664763
Q9SUF5,1,0.164098643210436,0.0671719696873728,0.118351459185862,0.154232514074949,0.112258134976722,0.157388624023423,0.0434934029377943,0.159700859008766,0.0233043928946754
W8PV66,1,0.168183579726696,0.0687771391001542,0.12186082734063,0.16564996285468,0.114267190124218,0.151476076709068,0.0388468778815283,0.154392922716463,0.0165454235465617
Q6DBQ1,1,0.176111166997061,0.0637022252720736,0.120969831795347,0.174253766880178,0.112562568530509,0.147362942167617,0.0377505493703309,0.151891286139674,0.0153956628472085
AT1G04237,1,0.0931634555162087,0.200066573700063,0.143588823474064,0.107814943085781,0.149715808795113,0.0758542221553349,0.116331391854502,0.0783357462664506,0.0351290351524824
O64492,1,0.0853550624971675,0.20259781848232,0.139473859165628,0.104275930235366,0.144720195546235,0.063674747601838,0.171778164706662,0.0663830182955866,0.0217412034691975
Q8L730,1,0.093425038253353,0.216323600586639,0.156595344239511,0.113771006547525,0.162496530350722,0.0716070484738596,0.091334406206241,0.0744361735329525,0.0200108518091974
AT1G04513,1,0.090467444338912,0.187718867468926,0.175972993718941,0.119719697248149,0.182464931619481,0.061644338433579,0.10027458259638,0.0650086891052234,0.0167284554704092
Q9LQN6,1,0.0868721322613434,0.233969019262811,0.138717877199637,0.103115756092677,0.14438801869923,0.0691062150829394,0.130198277228041,0.071458886155897,0.022173818017425
O80518,1,0.0945146985212979,0.211540092547071,0.146681779098124,0.111330805058099,0.151854224949778,0.0756508773308612,0.105806936779375,0.0781931929891908,0.0244273927262024
O65378,1,0.0933649316076096,0.213913627844992,0.154331891447219,0.111802209574367,0.16093672624106,0.0730477209181563,0.0917139609309989,0.0757921350025868,0.0250967964330108
AT1G13448,1,0.0842816843382389,0.193019286693964,0.143862713505386,0.10304062890124,0.150167065643598,0.0647284125527299,0.16887423548452,0.0671783094456628,0.0248476634346598
A0A178WP44,1,0.110969523530557,0.160760288874832,0.157098063763851,0.130666921724484,0.158431496558072,0.0880835491465581,0.0823733696040488,0.0911149584993934,0.0205018282982036
A0A178W6B2,1,0.0936058076039223,0.17219377006441,0.164521102059921,0.119796014978007,0.168900040925936,0.0667607753395201,0.126846058049083,0.0699434723372099,0.0174329586419908
AT1G05213,1,0.0860652674186424,0.18807746388562,0.143173945711271,0.103105793294816,0.15005536686782,0.0672605289003899,0.157141622273514,0.0697058056829593,0.0354142059649672
Q9S9M1,1,0.0768240772826152,0.255191215167504,0.126933213064158,0.0908998929722536,0.133967144995641,0.0615397217538832,0.161637019813182,0.0635587915482305,0.0294489234025323
Q9LMS3,1,0.0936156984884769,0.214857396926984,0.149897206212366,0.112115128695819,0.155361757864254,0.0731109888328625,0.10181571734268,0.0757789059295318,0.0234471997070252
A0A1P8AS82,1,0.102831732146195,0.17585466790288,0.141921159546605,0.117314400579917,0.144941500197025,0.0846759604814466,0.117053111266162,0.087171964533064,0.0282355033467054
Q9LMV9,1,0.0963100824564103,0.163422773838313,0.135266044137449,0.110321266968912,0.138587001931022,0.0799781324601198,0.15915084029423,0.0821270839344537,0.034836773979091
Q9LMN6,1,0.0758673405334904,0.251125067222685,0.122599854145651,0.0892936051632632,0.128963224172359,0.0614126960065125,0.179288515325632,0.0633157736371189,0.0281339237932876
Q9LPK8,1,0.0918943479785701,0.175068409730825,0.152200466734976,0.109258696069157,0.159369411296949,0.0722544976578348,0.128380102370482,0.0749111719482164,0.0366628962129904
F4I1A6,1,0.0952608016488918,0.183152937243629,0.13027326685246,0.106649458058225,0.134001014240696,0.0817185460665419,0.14818868714474,0.0836188348912909,0.0371364538535254
Q9C863,1,0.0941207859170493,0.200560931077853,0.174879888734716,0.119974230426775,0.181994018643933,0.0668571455497593,0.0738193053888529,0.070261636642191,0.0175320576188707
Q9C615,1,0.0941420945358868,0.183692956223627,0.14077770917276,0.109306067584696,0.145443018110322,0.0766276995558079,0.141853309823095,0.0789874653950107,0.0291696795987939
Q4PT10,1,0.0890913633094495,0.19837768934507,0.154080243653996,0.107956258282872,0.161718659552476,0.0688660980635963,0.121399104851267,0.0715125549856643,0.0269980279556093
Q9C8F3,1,0.0874824113184214,0.213716519081492,0.177077374120276,0.112099155721626,0.187980883431815,0.0622991039183663,0.0736627977308012,0.0654977721322407,0.0201839825449608
F4I389,1,0.0722390058647094,0.224830390579216,0.121555729968584,0.0857156904231588,0.128815106943956,0.0575695784383779,0.216249860703823,0.0594881767482028,0.0335364603299727
Q94LA9,1,0.0753298800883986,0.254138919424748,0.129670630069129,0.0903988355078907,0.137146302230145,0.059579224195227,0.167573424461433,0.0616470862490065,0.0245156977740219
Q9C8J6,1,0.0852059137729592,0.228197883108849,0.14286945142814,0.101775267133254,0.150390600674248,0.066521097959682,0.127666881747719,0.0689928626720317,0.0283800415031179
A0A178W501,1,0.10690160714824,0.165811721680955,0.146714429851452,0.122020971877211,0.1492224874096,0.0890593388175032,0.098936212237809,0.0915353349533129,0.0297978960239169
AT1G07937,1,0.0911998083025756,0.17849517048118,0.142543123341581,0.108483419219251,0.147695880950367,0.0705665694060889,0.156797235377391,0.0732861228709092,0.0309326700506554
Q9SYG1,1,0.0968499970564325,0.174141314182599,0.150544432272761,0.114946779351447,0.155741791703771,0.07418515344865,0.126068524877954,0.0772494319412758,0.0302725751651102
Q9XIE3,1,0.0792904467583545,0.245532672657116,0.142038509614508,0.0965644001438083,0.150840909739282,0.0603184107409483,0.136873479096418,0.0628204927129064,0.0257206785366593
Q9CAN3,1,0.0993248846578654,0.16491335046113,0.151649383254467,0.121630857032725,0.154388489755765,0.0731846494422301,0.136177294884243,0.0763487878800558,0.0223823026315186
Q9S777,1,0.0890900957775518,0.216344621347523,0.170884901316287,0.11293364046914,0.180075688301991,0.064071412611312,0.0795401533233717,0.0672477506384677,0.0198117362143544
F4IBG8,1,0.0730974663010457,0.256233368373561,0.126855217825644,0.087265627180549,0.134984917776938,0.058451069207908,0.170212206149301,0.0603594272265243,0.0325406999585292
Q9C9M3,1,0.0804697698103986,0.208149928962611,0.118783689256379,0.0914995646973581,0.124060435131333,0.0678798427402883,0.194729629097533,0.0696067422156552,0.0448203980884435
Q93ZF5,1,0.0846022113025137,0.192177054253296,0.139432926436784,0.104981553216111,0.143724542099436,0.0627332255275357,0.188652183386129,0.0653532021215037,0.0183431016566906
Q9S843,1,0.0818710075532443,0.219870383450833,0.138647809033864,0.0981060823251822,0.14593535483279,0.0644364415736747,0.155466746248278,0.0667602626113852,0.0289059123707486
Q9C7T1,1,0.0608316982652077,0.26707802314956,0.105801515792424,0.0727851988455233,0.112848087408703,0.0483514103454084,0.256465580906717,0.0499531889861475,0.0258852963003086
Q9ZT84,1,0.0598579599587358,0.293499536065101,0.10803330300441,0.0731021284758168,0.115303209560601,0.0460278904674945,0.235989998082282,0.047778110421594,0.0204078639639638
Q0WRE7,1,0.0832161630910828,0.235763991436634,0.147789102960136,0.10380830448208,0.154835462895869,0.0615800674110766,0.127643135564114,0.0642317365929396,0.0211320355660669
Q8L5X9,1,0.0748970457048266,0.282406406521788,0.139593106927605,0.0923648216164704,0.148847741901604,0.0568274865791366,0.123824962588755,0.059159739689103,0.0220786884707122
Q9FG34,1,0.0972519361576469,0.193945274803511,0.171002551497109,0.120897022583243,0.177215810740046,0.0719549302967248,0.073308580866315,0.075246101401183,0.0191777916542211
Q8L7B4,1,0.0695948904347378,0.236036371077525,0.12407699985375,0.0838824360421703,0.132357406100351,0.0549859616645983,0.209673754259197,0.0568753814854082,0.0325167990822616
Q9FIB4,1,0.105717787487404,0.155529899580578,0.144575582117316,0.121511997368969,0.146767113613953,0.0849856956726085,0.127575637707312,0.0878140785830946,0.0255222078687648
F4KFG5,1,0.0527976375817685,0.306961464931445,0.101802962843839,0.0659210657012052,0.109458836520852,0.0395091811380731,0.26600327821149,0.0411615220963631,0.0163840509749645
A0A178UED2,1,0.0829538008442053,0.199678029038622,0.15383735928111,0.104966358854212,0.161248991863187,0.0607148812362693,0.153442637495298,0.0634093847165818,0.0197485566705136
O24646,1,0.0611312965069777,0.331861739652619,0.124964639808435,0.0772468283160208,0.135488451369219,0.0452600494836558,0.156466613711216,0.0472374138295119,0.0203429673223455
AT5G01935,1,0.0993207185927058,0.16964626604223,0.149672864793759,0.117065492794493,0.153885014050636,0.0783260841569754,0.120705036162066,0.0811185019137855,0.0302600214933501
Q39034,1,0.0817741412255964,0.226130084391145,0.125041362882898,0.0948532120174534,0.130523112106292,0.0671664502643437,0.173922404712948,0.0691017578847735,0.03148747451455
Q9FN52,1,0.0873258462636368,0.224961881604691,0.14559146642207,0.106096368828557,0.151932651678856,0.066594522313286,0.123850049643166,0.0692170409096265,0.0244301723361107
Q8L8S2,1,0.0943797467253987,0.203383528502672,0.155380299641658,0.115032209767853,0.161030939716404,0.0710647594211063,0.102410535663405,0.0740347153363563,0.023283265225146
AT5G04665,1,0.107393042598345,0.146224607851667,0.125412230010499,0.114976482061228,0.126586599933548,0.0976295506727215,0.139918201731573,0.098962778975304,0.0428965061651155
Q9LTG5,1,0.0940377777794139,0.191938314587022,0.13804044129087,0.109749524641148,0.141821141208552,0.0762297652154454,0.143891936904448,0.078563655204793,0.0257274431683078
AT5G05785,1,0.0980309097487632,0.164067713022439,0.141905013482184,0.115609741894531,0.144902450126592,0.0769859115913339,0.149670915962864,0.0796224318225964,0.0292049123486971
Q9FID8,1,0.069907625820398,0.272416476713786,0.122098494557512,0.0841561085271733,0.129765448159942,0.055014647398943,0.184325610508049,0.0569332159368443,0.0253823723773519
Q38897,1,0.0904361313235323,0.20732013106803,0.17563022597514,0.113679572929362,0.185371975042662,0.0669956994388313,0.0707603652459978,0.0700639687240291,0.0197419302524166
Q9FHX3,1,0.106237668442769,0.165393198799438,0.144108527252222,0.120632310811737,0.146603547066291,0.0879556171687187,0.11066765578823,0.0905793238268704,0.0278221508437248
Q9FNK9,1,0.083440623741695,0.243917016025763,0.137315188879545,0.0999044771482041,0.143520904294057,0.0656070044537565,0.137400881175552,0.0679422258708589,0.0209516784105693
Q9FGM5,1,0.101700558306538,0.177958523855763,0.168579793512766,0.123350308362034,0.173698417558622,0.0784305733311044,0.0736981420889702,0.0815702858717554,0.0210133971124473
Q9LTS3,1,0.0908149385866967,0.173653990292803,0.142681423294658,0.110146777039156,0.146707363555672,0.0690729792231457,0.172131447399815,0.0717420960796366,0.0230489845284169
Q9FIF1,1,0.0934703431269131,0.204340952025326,0.148376569573034,0.110754786614296,0.153857996627681,0.0745959736591336,0.113801023697665,0.0771257583158427,0.0236765963601091
Q9FN93,1,0.0743509315253257,0.262655024288046,0.133752739948955,0.0894171358613591,0.143034702789782,0.0589202551631792,0.144216912767548,0.0609533537901542,0.0326989438656507
Q9FJD8,1,0.0935231824299177,0.191657830269672,0.136114448997529,0.109231979717574,0.139916628137074,0.074895799103037,0.14848067861757,0.0772686947683122,0.028910757959314
AT5G60022,1,0.0978075828152606,0.188465631945105,0.153664468743652,0.118744900929005,0.157271049315161,0.074642928720465,0.112314310042743,0.0776281238811683,0.0194610036074397
Q9LVG4,1,0.0710337975601504,0.255876972813393,0.136824034004269,0.0891018793222602,0.146194428881203,0.0529378244611588,0.16859959076192,0.0551897067397531,0.0242417654558915
Q9LV88,1,0.0722640991604342,0.262594234376068,0.12100873883978,0.0861118150892715,0.127865843465322,0.0574659031361447,0.1861997421423,0.0593812182373958,0.0271084055532829
A0A1P8BAY9,1,0.109187986263184,0.164851076033973,0.147923292539061,0.125249205714746,0.149925368004154,0.0880073172279704,0.0987182096410487,0.0909397705255603,0.0251977740503023
Q9FKQ6,1,0.101332720274313,0.186893749964653,0.155114048648305,0.122068146242875,0.158654093499698,0.0772326059126147,0.0965443722757146,0.0802832329288749,0.0218770302529524
O49538,1,0.101796194769082,0.177093822285799,0.16491871070016,0.122311588384231,0.16996926811668,0.0797039153099665,0.0774991041415189,0.0826661856195059,0.0240412106730561
Q9S702,1,0.0759640747823288,0.235583161565727,0.124754408450385,0.092002360339672,0.130303913678604,0.0582657028300248,0.201479453091461,0.0604602928298334,0.0211866324319636
Q9M880,1,0.0717622202640029,0.235440443356294,0.113492273705988,0.0833281938029696,0.119606599497717,0.0591330996459224,0.22037782377041,0.0608198760768271,0.0360394698798687
AT3G06962,1,0.0943337046611831,0.190926007830777,0.160650648823943,0.114953890861884,0.167240219501376,0.0723442428278562,0.0998004121585998,0.0751738586099031,0.0245770147244766
Q9C9Z0,1,0.0906350489740198,0.227443454712399,0.150940562368241,0.110289437715946,0.156727141120002,0.069354104629284,0.102950176648778,0.0721144513101996,0.0195456225211308
A0A1I9LQ90,1,0.0810580564979434,0.207727345254473,0.147959314382382,0.102035354825606,0.155360372642579,0.0592923558602508,0.163747211190885,0.0619105200736912,0.0209094692721895
Q9LDJ3,1,0.0755757549045581,0.24012353455748,0.138957292239731,0.09264416049483,0.147979125448479,0.0583069743805764,0.157615362490991,0.060508618463677,0.0282891770196775
Q9LE06,1,0.0745791489289601,0.262599185675615,0.126564915341782,0.0898692115711666,0.133529721702503,0.0579169515645101,0.170780456596308,0.0600489587766629,0.0241114498424927
Q9LVF0,1,0.0785497988835819,0.231694245923595,0.122700431031112,0.0909300849982225,0.128993180350616,0.0644512401748359,0.179533658765821,0.0663701761581342,0.0367771837140818
P93735,1,0.0852372388121687,0.210905640415021,0.131291848174358,0.0987348594765517,0.137350629000644,0.0689864953770943,0.160877027869936,0.0712332494575321,0.035383011416694
P82872,1,0.0750714697987788,0.213188488541966,0.142439602478117,0.093693010090737,0.151691009733906,0.0562342081907729,0.180764305306304,0.0585777491759627,0.0283401566834549
Q9LHR4,1,0.106055942789699,0.165819887721915,0.145086887459263,0.120654107468197,0.147682409589298,0.0890496306054375,0.104447705343886,0.0913632252527167,0.0298402037695875
Q9LHR3,1,0.0980932240622026,0.189938220636681,0.144525430476818,0.114481683986724,0.148482169676268,0.0795424175726967,0.115457622480464,0.0819644016974801,0.0275148294106651
Q5XVB2,1,0.0650223267796388,0.322263534771218,0.125606498173451,0.0815583517396998,0.134421040165833,0.0482382482672495,0.155721752426846,0.0503354083582405,0.0168328393178233
C0LGP2,1,0.0741725597558033,0.262529672221244,0.126270271535388,0.0891597671395019,0.13313001554146,0.0586283623098108,0.173400664171169,0.0606272346826162,0.0220814526430065
Q9C5L3,1,0.0913925459778394,0.209371619353298,0.164858257376932,0.11143200087458,0.173898221105084,0.0698410348248653,0.0813751450373239,0.0727662021956747,0.0250649732544024
Q9M2Y9,1,0.0765222196677223,0.240275456189906,0.125241275575608,0.0898194223377195,0.132241452945489,0.0624660297936554,0.1746272391848,0.0643314813268887,0.0344754229782104
Q29PT3,1,0.0722798919827009,0.277048970460903,0.126843437833073,0.0870090732848063,0.134768425515652,0.0571560980937321,0.160856625669304,0.0591170621732657,0.024920414986563
Q9SCU0,1,0.089217765205604,0.203356324739021,0.137076251685274,0.103769742114534,0.14272297768712,0.072775148853874,0.14306945901819,0.074973465952951,0.0330388647434315
A0A1I9LSN5,1,0.0913743551804988,0.19910121174832,0.15368824665447,0.11523813811561,0.157655580831008,0.0660458513179193,0.131694158815119,0.0690969891544611,0.0161054681825929
Q9M1V4,1,0.0771145379205092,0.245148853261199,0.12519768547038,0.0908879940103622,0.131636048330079,0.0624254565285373,0.175839113984683,0.0643589439010097,0.0273913665932409
Q9LY72,1,0.0786673596185199,0.23541815097027,0.173631967733659,0.10588273144931,0.184717342296559,0.0529845740257861,0.0976073241375541,0.0559883700443341,0.0151021797240069
Q3EC92,1,0.0956086044057251,0.191249328545632,0.142579364588647,0.115019186221183,0.145255299926947,0.0736323570571893,0.141744497697407,0.0763407483092404,0.0185706132480286
Q9ZPS4,1,0.100645252602734,0.184277822181215,0.140650691646675,0.114110333488117,0.144438089013723,0.084319109556272,0.111818023954734,0.086614954725056,0.0331257228314747
Q9SI38,1,0.0805750902728636,0.234116391300377,0.125991530970047,0.0937388432575783,0.131962104537817,0.0662566745323737,0.168374562577153,0.0681843989327555,0.030800403619035
Q9ZQR3,1,0.0799983496120522,0.231686952873562,0.124459764091697,0.0945033175454706,0.129421408828068,0.0641048349028105,0.186771600064432,0.0661332254666526,0.0229205466152548
Q9ZVX4,1,0.0863358834695696,0.244057488567464,0.142237278229353,0.103910212074747,0.148380854578019,0.0670015226543935,0.117777395684474,0.0695174791615484,0.0207818855804304
Q9ZU70,1,0.0844184968922148,0.225376034223655,0.138353698945844,0.0995246231494432,0.145662621359064,0.0671389958422557,0.138399743797696,0.0695061778607371,0.03161960792909
O80992,1,0.0828086544983166,0.245259060062305,0.155872789841865,0.103931260972223,0.164909998536207,0.0606767313613231,0.102471291213524,0.0634728799947029,0.0205973335195327
Q9ZQH2,1,0.097043974863439,0.164229701430263,0.154432174924796,0.119971429546783,0.157938812998772,0.0713770894677827,0.136716069304035,0.0744629914060619,0.0238277560580682
O22951,1,0.0844831160823372,0.178815335714247,0.163990537100956,0.108083027550039,0.173106182648662,0.0604980883475996,0.141439464365784,0.0634071133937092,0.0261771347966671
AT2G08750,1,0.0918105200947406,0.175227210852112,0.138720783380096,0.11008037874817,0.142081472767572,0.0709821733119723,0.17503153853909,0.073537763704038,0.0225281586022104
Q1G3R7,1,0.075589838029537,0.260283602140056,0.137952720260244,0.0928517548740178,0.146497073209761,0.0577461814996952,0.147652582073136,0.0600171295295123,0.0214091183840408
AT2G09640,1,0.0958149582777238,0.186378978162397,0.14597578736308,0.114802652417776,0.149565019695556,0.0744081121367568,0.133442175101818,0.0771216142228082,0.0224907026220849
Q8L500,1,0.0582910809885039,0.319346659794087,0.111006163470493,0.0726197463654154,0.118875946555949,0.043873619078911,0.213831457501823,0.045675646878123,0.0164796793666947
O22264,1,0.0780208162489737,0.248848938852083,0.127823603961098,0.0920650510892273,0.134758280013883,0.0627324873905037,0.159882488543362,0.0647598191543108,0.0311085147465583
F4JG70,1,0.0955008255476317,0.193760510186965,0.162266896534412,0.119164428421141,0.166935578663408,0.0705547116489924,0.100076200566227,0.0737071765773669,0.0180336718538557
Q9SY38,1,0.0950119933006291,0.187769039161767,0.1557695569515,0.113691889681566,0.162123150801431,0.0741070933578029,0.107633036689109,0.0768713967567221,0.0270228432994735
Q9M0Y5,1,0.0803689555054807,0.258464110439017,0.140376082278398,0.0967408228196278,0.148614734100866,0.063203663527744,0.120952935136009,0.0654874092967858,0.0257912868960714
F4JKQ7,1,0.0850040738489286,0.190053630663952,0.147320726143029,0.105970450101324,0.153200797413269,0.0625891488706592,0.17031577927244,0.0653180793087089,0.0202273143776892
Q38838,1,0.0954158928327381,0.195648689460374,0.15064202911066,0.117556878087329,0.154025288205189,0.0708643617150848,0.123166126837051,0.0738353359731097,0.018845397778464
Q9STH1,1,0.07718137124497,0.278079823231505,0.160575622979842,0.10069009898942,0.170604921713692,0.0545332811633729,0.086751396059536,0.0572905351125582,0.0142929495051044
Q9SU32,1,0.0941949662223954,0.178750545616162,0.135661969957299,0.107364351006183,0.140184807952179,0.0777912350666167,0.14963582385013,0.0801450015847398,0.0362712987442955
Q9S7I2,1,0.0779185740723729,0.255025555961679,0.127264758367003,0.0921433609796484,0.133853850084253,0.062653595380147,0.159667464754828,0.0646587558977392,0.0268140845023284
P48421,1,0.0768382853712622,0.263480510153819,0.132719559878302,0.0931940416529617,0.140093382458806,0.0589369097595355,0.151036154458848,0.0612435706305327,0.0224575856359327
AT4G13918,1,0.103628019290121,0.160022300853414,0.150504203807618,0.124092416469142,0.152519395957535,0.0792204094169816,0.124598363492161,0.0822909628211042,0.0231239278919238
Q8L7H1,1,0.0742819091906618,0.244509491236566,0.144880822067614,0.09547147706025,0.153418353909805,0.0530647841852877,0.160670270415774,0.0556085832148915,0.0180943087191505
Q38832,1,0.0878982100256534,0.20584508889647,0.177735845993966,0.112628195849602,0.188666696802797,0.0626905451709928,0.0767011064247001,0.0658942632458658,0.0219400475899523
O49519,1,0.0934977649891961,0.218136199985823,0.153241683358395,0.115518309857829,0.157331689254217,0.0700358300817209,0.103089449885337,0.0729570204669401,0.0161920521205415
O49431,1,0.091941875792435,0.19555474544468,0.182923475452522,0.122481840804038,0.189333330517513,0.0624141141850267,0.0750456573185844,0.0658925446321686,0.014412415853032
O82743,1,0.0717328940410718,0.254194032770909,0.119292918015532,0.0845323413619902,0.126415673019679,0.0579830731094814,0.193563407410306,0.0598271235220417,0.0324585367489883
O82746,1,0.0865712759821967,0.229656374358182,0.15362562538021,0.10477475939443,0.162639545269295,0.0667221334520595,0.0991196270687739,0.0693868725259513,0.0275037865689013
AT4G07190,1,0.0658215808390559,0.25145159053771,0.115909793232826,0.0802532453732897,0.122878570063112,0.0506723985023023,0.237642412827839,0.0525756407196221,0.022794767904243
B3H5R5,1,0.079329990529499,0.223802613050237,0.150619425103242,0.0995841170463477,0.15990541510236,0.0584237090753457,0.142378796076033,0.0610515963737178,0.0249043376432175
Q8RWE5,1,0.0762283945870427,0.232159259457838,0.120116212928525,0.0882900502019762,0.126480685908287,0.062726942174962,0.193988506545621,0.064577559337405,0.035432388858343
Q9M0J5,1,0.0740176638085764,0.276180805187222,0.151673796482313,0.0938131639102107,0.163185082071019,0.0548504942560698,0.109305036673401,0.0572508774001942,0.0197230802109941
Q9SZW4,1,0.0648796590042266,0.253866680327228,0.115302440499756,0.0786117320001799,0.122902603643501,0.050236318393862,0.236356459653322,0.052134199189772,0.0257099072881523
Q9SUM5,1,0.0885591191571342,0.22888756918895,0.151051763080208,0.106987461347191,0.158224842403006,0.068747501860082,0.103308911744998,0.0713968218984424,0.0228360093199876
Q9C5C1,1,0.0998146608181068,0.179253553982102,0.166026993631207,0.121788181133846,0.171610793381953,0.0746029738957383,0.0856768738503436,0.0779447567942762,0.023281212512427
O23208,1,0.102666091424069,0.171747086272418,0.14398889423624,0.122541303650693,0.145218898797768,0.0783548255841659,0.135612021584836,0.0813705887151367,0.0185002897346742
Q66GI1,1,0.0630549057982768,0.26916060232767,0.111959543823266,0.0776076275056926,0.118372182963148,0.0480127998772669,0.244751900299282,0.0498800990943705,0.017200338311028
Q0WTF4,1,0.0712115898473867,0.293817568671798,0.138972357328668,0.0883316561315114,0.149703165809917,0.0538546174994936,0.123316983253191,0.0561021887074948,0.0246898727505398
O23674,1,0.127199056700391,0.107173516499536,0.173086152889125,0.158246486268026,0.168760158032413,0.0889471581622748,0.065966401364468,0.0936612168700112,0.0169598532137556
Q9SA69,1,0.138581808844739,0.0962329941195485,0.161471590484506,0.157215241620725,0.156661265979436,0.11089352572697,0.0447059728181702,0.115079077033743,0.0191585233721625
F4I8R6,1,0.119563374859353,0.131647368225711,0.170121331199188,0.146382659935667,0.168776464392433,0.0874127411870505,0.06685126354084,0.0914057640968114,0.0178390325629465
Q9LNE6,1,0.143768163776461,0.0907518144999513,0.165126424931509,0.163743913011022,0.159148345434122,0.109211954819146,0.037245441461682,0.114582564366272,0.0164213776998337
Q9LMJ2,1,0.118835224572455,0.13425695109055,0.156048229096741,0.137719662164222,0.155981839319706,0.0916495943162713,0.088241878038613,0.0954344357166976,0.0218321856847434
Q9SY84,1,0.129914080273624,0.100618015121288,0.188704244398938,0.174598440672299,0.180458402093309,0.081397538558163,0.0454735962728188,0.0868502230514327,0.011985459558128
Q9SAA7,1,0.143268381007979,0.0794680073454775,0.175382866274113,0.166711831861034,0.168822923156859,0.104799453970998,0.0328220355429083,0.110572130204978,0.0181523706356537
Q9LDX3,1,0.125916760391181,0.126003518995007,0.170790244839516,0.152515099970551,0.167787031103328,0.0922114796144601,0.0532428764042969,0.096622838096598,0.0149101505850611
Q9FX56,1,0.134517954159195,0.105327624928769,0.162848837741551,0.155537577637867,0.158547684705615,0.105770539569934,0.0494660092131835,0.109803664680634,0.0181801073632523
Q9LN20,1,0.141934030532728,0.0633520550801561,0.202801049880381,0.202177155289273,0.184957947617615,0.081325178593038,0.0251637609096252,0.088133239144202,0.010155582952982
Q0V805,1,0.119830340797764,0.119532674728756,0.178107269545836,0.155711804713801,0.174280760004138,0.0803311488008189,0.0730424599237355,0.0848626879607699,0.014300853524381
Q9ZVH0,1,0.12688968093842,0.129086057237642,0.143212931716922,0.140773124187428,0.14134452697888,0.104073701419958,0.0852261792240985,0.107141114555087,0.0222526837415645
Q9FZJ4,1,0.128002897047588,0.0995024542373349,0.178958722783839,0.162478248901196,0.173962224374096,0.0860532534396216,0.0632224760542437,0.0910757965126028,0.0167439266494788
Q9C752,1,0.122685836408439,0.129044547177605,0.160915658065976,0.149493382298845,0.157890835477589,0.0895335163036558,0.080389413783343,0.093546667346398,0.0165001431381498
Q9LQL2,1,0.11709834686635,0.135751869030952,0.165606882014368,0.146237525587685,0.163365352089815,0.0833168034055334,0.0861577708857322,0.087326854150475,0.0151385959690896
B7SY83,1,0.137066720082086,0.0910601623486546,0.176589952361313,0.175382999553933,0.168715137751721,0.0893100260929793,0.0521539064703587,0.0947882509492471,0.014932844389708
Q1G300,1,0.126177339717806,0.127210433070214,0.1427952182726,0.139031741449982,0.141144902312005,0.106918031551934,0.0819853288118969,0.109471593090488,0.0252654117230752
F4I9R6,1,0.129955502617462,0.118049939970499,0.153692674034287,0.151716864980906,0.150019149661638,0.0993814606680942,0.0753242297772407,0.103228528687823,0.0186316496020509
A8MRV9,1,0.124660573074805,0.127930693695274,0.145254379569567,0.137947494433122,0.143986357957709,0.105979930769977,0.0801821986674559,0.108509744471732,0.0255486273603574
A0A178WCY9,1,0.135843445539103,0.0848053805598,0.185423579084989,0.177534117138198,0.176593115927597,0.0865559393341782,0.0462711420519192,0.0923507144554304,0.0146225659087857
Q9C9X6,1,0.120517266414017,0.121700855401755,0.167575864528957,0.14779285729515,0.165916070267379,0.0860419178640785,0.0805749648546461,0.0902356882956945,0.0196445150783232
Q1G3X3,1,0.123529141381145,0.125551372763552,0.168980306709578,0.152491388979041,0.166208462533646,0.0859850850084593,0.0710996306493805,0.0906129393297752,0.0155416726454228
F4I0J2,1,0.117553935301842,0.109224492409184,0.188904816292176,0.153059062938213,0.186375177703862,0.0800175740491091,0.0630634855625626,0.0844858138944214,0.0173156418486315
Q9C7T4,1,0.12128519103045,0.120008421102587,0.17238515559413,0.153145925947416,0.169526339422655,0.0835861965385726,0.0744943030585234,0.0879993350623708,0.0175691322432945
Q8LE09,1,0.131076041920819,0.0806031805764492,0.197869224255517,0.17768908554728,0.188907501003584,0.079990084354893,0.0432609877618829,0.0857306055766124,0.0148732890029618
O64545,1,0.112148655922225,0.114013969879397,0.196756535659148,0.14924910462131,0.196585637069786,0.0727488370461116,0.0641980897236152,0.0773420047213308,0.016957165357077
Q9LZ98,1,0.12315169139546,0.123430541577882,0.174498792579503,0.14658258791816,0.173702309383894,0.0931083192646424,0.0486858163511489,0.0973536629726757,0.0194862785566343
A0A178UNP8,1,0.126379735650339,0.116425743888314,0.167582010832332,0.14889924670096,0.165283267028735,0.0981296978762163,0.0563233234365819,0.101948919665458,0.0190280549210634
Q9LX09,1,0.123448089953013,0.112596710532029,0.180923621265159,0.159691988752533,0.176321094993393,0.0827693346989996,0.0624860240716945,0.0875058292289288,0.0142573065042494
Q9FMT1,1,0.13368318553372,0.115076230337774,0.15783133775354,0.154263115398679,0.154320331659975,0.101701859780168,0.0579599310757587,0.105955944565369,0.0192080638950175
Q6NQJ8,1,0.133221614915592,0.102247222125223,0.179520826423494,0.171666977214498,0.172458575138061,0.0865185739021111,0.0490564826566127,0.0919697459174053,0.0133399817070031
A0A178UP49,1,0.126591471784206,0.129559574778312,0.145516382656524,0.140127967166374,0.143684455804179,0.107243050488284,0.0757915106277039,0.109959071004769,0.0215265156896475
P58050,1,0.113044842439123,0.156908504461598,0.164517054766164,0.138018497293594,0.164313689463997,0.0841181156158967,0.0763569152683298,0.0877655444568734,0.0149568362344245
Q93YZ9,1,0.135589493633445,0.103702688004735,0.172453981034436,0.166806147219803,0.166313021578859,0.0929440705362951,0.0502513620184803,0.0983427131579101,0.0135965228160362
A0A178UHX4,1,0.11915147347418,0.120055854682273,0.169709852624653,0.142703825137545,0.169278177047014,0.0909739296671377,0.0710614917360077,0.0946553911742725,0.0224100044569159
Q9LS16,1,0.113219174431792,0.112291268305594,0.196459700017932,0.152442507300279,0.194720912028549,0.0732316759410264,0.0643116642568188,0.0777456423408632,0.0155774553771457
Q39043,1,0.119869814014202,0.0867194210077351,0.222652851062472,0.177282585238754,0.210031696399798,0.0693784525545348,0.0301009450138664,0.0749016580337404,0.00906257667489681
AT5G06395,1,0.11574980228524,0.137522818078619,0.157728637240448,0.138745406825638,0.157085671173511,0.0872269893092241,0.0944034582007138,0.090829222717101,0.0207079941695051
Q9FHC2,1,0.112884723383826,0.124754266348006,0.192286894373891,0.151801280989385,0.190284942455302,0.0735657889827066,0.0616855116045623,0.0780593504679437,0.0146772413943773
Q9FI03,1,0.12559709197977,0.113245576023338,0.143363572830077,0.134908958690658,0.142754442325497,0.109397127694078,0.0822227570483319,0.112065554252198,0.0364449191560517
Q9SPG6,1,0.122364523585673,0.134413189861431,0.152380014344155,0.138680460877399,0.15143973214126,0.101185496285442,0.0735446139013049,0.104137677753724,0.021854291249611
Q9FJH5,1,0.133661700871515,0.0695235421542767,0.209211229529036,0.19000867781434,0.194863577415354,0.0773570685517921,0.0297802272970308,0.0836735404896573,0.0119204358769982
Q8LDR0,1,0.139027595105708,0.0921525368036803,0.160340538485104,0.15930696583779,0.155665990238519,0.104011942412279,0.059508845896735,0.108961344900428,0.0210242403197568
Q9FLK4,1,0.138117478979212,0.0903605875305913,0.168851392576132,0.15810292035662,0.164137268510957,0.107651001371481,0.0410590719369555,0.112337882360306,0.0193823963777451
Q9FKQ3,1,0.120535105703118,0.115966698310882,0.177891372450968,0.154259775772352,0.174886277376636,0.0811488985734722,0.0735862633395865,0.085798399170466,0.0159272093025196
AT5G09595,1,0.132591122640988,0.105560604668628,0.143099004265558,0.140092316534433,0.14125706324113,0.118124706620195,0.0672488275850587,0.120744545668187,0.0312818087758222
F4JZ68,1,0.133642474665858,0.073924831110488,0.204718313270477,0.177046143165579,0.194406838165645,0.0836562879289986,0.0287921024063161,0.0899756074256087,0.0138374018610294
AT3G05932,1,0.129680712267323,0.115993160432684,0.147645809439299,0.142882822675493,0.145505488786253,0.109554667446786,0.0708961521251856,0.112549418356939,0.0252917684700387
O65719,1,0.139108919950555,0.0962595637260059,0.1657468627918,0.15843757816723,0.161803013991499,0.104181912522623,0.0442164518133333,0.109455523839317,0.0207901731976362
Q9LHA8,1,0.134998075264396,0.107417767141383,0.154615475349546,0.147300373603966,0.152586218939458,0.110155291503218,0.0535355846101459,0.114296757085944,0.0250944565019437
Q9LDH9,1,0.119826052091155,0.112978274424879,0.183204421326313,0.153922408221865,0.180899006566154,0.0804242611990058,0.0666204415983588,0.0850417774069448,0.0170833571653251
Q9LD39,1,0.12157457966004,0.116237287110654,0.167775596032948,0.146212718255137,0.166692460055309,0.0881106074303071,0.079069264229178,0.0925057299621972,0.0218217572642307
Q56YQ1,1,0.135032577107981,0.111480704276463,0.16115357806784,0.155173750524295,0.157350757242558,0.104091382419703,0.0493611380137191,0.108463464924146,0.0178926474232959
Q9LV52,1,0.131102018056572,0.116397059856526,0.164034832571407,0.152857563208815,0.160549858894918,0.101757412708104,0.0505090192113781,0.10583909711445,0.0169531383778306
F4JBC7,1,0.131332192676661,0.0838197647590705,0.189583027190562,0.168059842434282,0.183161162289464,0.0868653200737226,0.0474028174281677,0.0922959622138623,0.0174799109342069
A0A1I9LNC9,1,0.126055646676968,0.124314863636483,0.160501214295627,0.15119193859761,0.157623685627946,0.0922376207648823,0.0733148037907592,0.0963786756377235,0.0183815509720016
Q9LVP9,1,0.131982993058039,0.101457390350057,0.172422366989542,0.166010791936689,0.166218093337212,0.0909889628657172,0.0593939596601069,0.0957916189318955,0.0157338228707415
Q9SG11,1,0.129587986086948,0.106172171552903,0.167997261883339,0.157309262058626,0.164086147522982,0.092486716802477,0.0654739084509055,0.0971384010739152,0.0197481445679038
A0MF15,1,0.132931630404326,0.116215003168012,0.147401351885885,0.147299316577421,0.144252229616405,0.110354926865672,0.0682706999985847,0.113503118484312,0.019771722999383
A0A384KU05,1,0.135430200186788,0.108089280025761,0.15633591711052,0.151602674591696,0.152914256282116,0.110311301532282,0.0507284392729853,0.114018850318135,0.020569080679716
Q5M721,1,0.131290016809757,0.0980723536577971,0.186596486777423,0.169750670141269,0.179242810987065,0.0876108759817932,0.0412713394916737,0.0929220220572127,0.0132434240960094
Q9M1G8,1,0.130286381867146,0.11145666584408,0.173275888302954,0.157418805756218,0.169862662111534,0.0927788127304748,0.0495289412173148,0.0976828185987823,0.0177090235714957
A0A384KHD3,1,0.135575225502191,0.0800418005409528,0.189440505652899,0.18007592686645,0.179974556004583,0.0847444952374334,0.0446400534440587,0.0904885531374932,0.0150188836139382
P0C2G1,1,0.125409668245808,0.121547688823868,0.152617980820433,0.143280395585415,0.151234758279294,0.0971259520443794,0.0833833690100462,0.100908752352422,0.0244914348383341
A0A384L327,1,0.129501303789678,0.114086981988882,0.169036436419125,0.152691429255447,0.166043513902649,0.0985940384785546,0.0486061865093961,0.102897927520287,0.0185421821359817
Q9M205,1,0.122842732784877,0.122738616388717,0.17812479634107,0.151726252732796,0.175221208562009,0.0897332357160294,0.0512777288930685,0.0940289633947386,0.0143064651866943
Q9C5W9,1,0.116134965379122,0.110109235019191,0.198075289463832,0.158845561142996,0.193835721882062,0.0732316882091229,0.0590553997833323,0.0780605523821682,0.012651586738173
A0A384LDD2,1,0.116526279749525,0.141335380717778,0.172778301640676,0.143035528304678,0.17222841796472,0.0864169404745697,0.0605651577798931,0.0902926237072697,0.0168213696608901
A0A1P8B2G5,1,0.110191590359709,0.122300313568939,0.190349547768932,0.146875531501993,0.189812105803635,0.0731580432448734,0.0729678530555399,0.0773929105760138,0.0169521041203638
A0MEI7,1,0.12912341911905,0.122878635549499,0.145006098610868,0.142836088932205,0.142985524993717,0.105810269362166,0.0790972856882852,0.108955285835347,0.0233073919088641
B3H6X6,1,0.123664665281558,0.136434231608854,0.144236076097621,0.138613219474695,0.142509328668865,0.102166975436918,0.0876474919455464,0.105095881858758,0.0196321296271843
O82333,1,0.122215735351768,0.13362715500159,0.167806748671567,0.144785753815657,0.166790621176996,0.0935428443245132,0.0555542838002952,0.0974784588561233,0.0181983990014918
AT2G07305,1,0.126341034919806,0.113359979987126,0.155741028729584,0.141375371372647,0.155066791873969,0.101734969481169,0.0717786859077173,0.105467199033842,0.0291349386941386
Q9SIK3,1,0.11169053087218,0.146698642617467,0.166154325479253,0.140979192281498,0.165409692449436,0.0782812877038758,0.0924969654912248,0.0822102732461244,0.01607908985894
Q6DBM8,1,0.124965051235474,0.115260984483378,0.165245548647002,0.14298589118142,0.164583824230308,0.100693677550189,0.0583704871660268,0.104320976210278,0.0235735592959244
Q6IWB2,1,0.120100256592158,0.118936537664783,0.178870433870373,0.145774615415975,0.1783738163955,0.0893331915633133,0.0546747417827818,0.0935612866051116,0.020375120110005
A0A384KD48,1,0.133621416291902,0.0896437266077934,0.183045584967353,0.170260467674356,0.176596303808575,0.0871090002137857,0.0502594121132822,0.0926617156953382,0.0168023726276149
P30302,1,0.126371594507367,0.121835953423111,0.169665327252331,0.149781581712636,0.167139270041866,0.0964486949639541,0.0519253662587861,0.100662070151823,0.0161701416881256
Q0WT19,1,0.118935494734418,0.146203556758242,0.147907032939293,0.135225496295377,0.147248274014956,0.0977816275877553,0.085214891102149,0.100614262565479,0.0208693640023303
F4IRZ1,1,0.108852808445331,0.109976472217746,0.222222801571885,0.157723525756743,0.217679199857474,0.0652131546389229,0.0379284687181775,0.0700465177380092,0.0103570510557124
O22834,1,0.12807982223577,0.11625643688302,0.155306649387995,0.149008551532678,0.152785101056224,0.0959292648281858,0.0800995312340047,0.100111175895235,0.022423466946886
O22262,1,0.133264831708252,0.106147622309628,0.163614945500941,0.158886246693974,0.158514102175297,0.0993070579072466,0.0605771229020427,0.103730184095658,0.0159578867069613
O81515,1,0.1262012467631,0.0898605160765517,0.191967061268243,0.162607481470519,0.186853932273084,0.084738798967005,0.0503145446921689,0.0898342737086599,0.017622144780668
Q9ZQC0,1,0.132068182933827,0.0659177665490071,0.218633138232332,0.195850152338423,0.199587557941203,0.0744662217788468,0.023680659113589,0.0808730836418534,0.00892323747091806
AT4G09432,1,0.118256784564218,0.10905934380191,0.186044006739615,0.153888138914805,0.183306349243415,0.0794514355428028,0.0686672023341542,0.0840279272044043,0.0172988116546744
Q84TI7,1,0.117700154003429,0.141131667499073,0.159736652340187,0.14356866759058,0.158123529307336,0.0852209098369733,0.0888211040140847,0.0891564777165156,0.0165408376918208
Q9T019,1,0.128105650423314,0.125492937431327,0.151026247832609,0.14802266581521,0.147728791544135,0.100619942499737,0.0778012400305059,0.104151770935614,0.0170507534875491
