ID,Cluster,#1,#2,#3,#4,#5,#6,#7,#8,#9
Q2Q493,1,0.0339711010694009,0.0342301717806237,0.0337004533176205,0.0344855726394183,0.189289234986243,0.181239670055433,0.151510892289606,0.156069775519245,0.185503128342409
AT1G20691,1,0.0238891334896971,0.0240070676169991,0.0237625632451784,0.0241203329252144,0.201046687514443,0.150042600359394,0.181444819669979,0.18509036909917,0.186596426079925
Q9C673,1,0.0255349099280395,0.0255662459664898,0.0254925173894912,0.0255867816531871,0.19632406608571,0.147076830111895,0.191560511343655,0.194129892434162,0.168728245087371
A0A1P8AQ87,1,0.0292331012259623,0.0293701520786942,0.029084049644451,0.0294988998441221,0.195043630495846,0.166870436481,0.169883971374985,0.17441386869818,0.176601890156759
AT1G07937,1,0.0334577572130219,0.0335379373857773,0.0333603612783774,0.0336029150294127,0.19158284790223,0.150695253709827,0.166383298728856,0.169822259789009,0.187557368963489
Q93ZF5,1,0.0135442999626624,0.0136200540797439,0.0134636849515693,0.0136932993921559,0.227678959202653,0.128688595508839,0.177900405459938,0.184914465813661,0.226496235628777
AT1G74205,1,0.0296306532956494,0.0298735109273858,0.0293830221828222,0.0301208247407695,0.190111895811542,0.153362622167305,0.178128284834423,0.180524181381297,0.178865004658806
Q1G324,1,0.0229513839293677,0.0230022272629741,0.0228956398031587,0.0230498901144021,0.196022019256334,0.179695330363847,0.169722429712198,0.172944546641781,0.189716532915937
Q9S7T9,1,0.0245957932857741,0.0246269361460212,0.0245571784372441,0.0246514917629852,0.193960908901279,0.156454382192452,0.190347704495123,0.192409479993466,0.168396124785656
F4KFM6,1,0.0191949816257736,0.0193134101491312,0.0190695871334663,0.0194284659737241,0.212459645666969,0.149303543277964,0.190649161284016,0.196900022772552,0.173681182116405
Q9LTS3,1,0.0207906937570069,0.0209211674490544,0.0206522142781233,0.0210477178782231,0.208510042167519,0.13130557601,0.186843570095557,0.191737243430267,0.19819177493425
Q9FHB2,1,0.0268826240887015,0.0271014165288615,0.0266585083537123,0.0273228914345718,0.19467548676795,0.15386384753022,0.179115848066281,0.18191162518125,0.182467752048453
B3H5A9,1,0.0261604168238454,0.0262652657023448,0.026043811897734,0.0263606183682153,0.197310534204515,0.171792702808516,0.167567910082468,0.171949419595357,0.186549320517005
AT3G05955,1,0.017042892680461,0.0170738753918872,0.0170079852661255,0.0171017338302615,0.199763346505424,0.181756610096346,0.183995788589229,0.18709316639489,0.179164601245375
A0A1P8B096,1,0.0256980067292177,0.0258901416560476,0.0254982974856872,0.0260812276565455,0.200095327695585,0.163893711546818,0.172711737086641,0.177126687544108,0.18300486259935
AT2G08750,1,0.0185151387684845,0.0186392241991168,0.0183848455385957,0.0187610551279188,0.212499738364963,0.139021042051935,0.179058671760473,0.184446155315571,0.210674128872942
A0A178UXQ0,1,0.0220288581489614,0.0220537910827564,0.0219977617770121,0.0220730362460394,0.199022533389069,0.191880306623873,0.173680147273322,0.178318608169169,0.168944957289796
F4JKQ7,1,0.0194018212450852,0.0194697989317517,0.01932600469413,0.0195319878972029,0.218558269945148,0.139389447356998,0.173651271005505,0.180000738991498,0.210670659932682
Q3EA54,1,0.0324560895494842,0.032528219760654,0.032368392867698,0.0325856675437203,0.189444623112307,0.143170923427497,0.182627100143442,0.185761423383417,0.169057560211781
A0A178V1C5,1,0.0208617683017489,0.0208835431218539,0.0208355985434368,0.0209014226455596,0.191746229734341,0.183835574776244,0.185339832589582,0.187476690161379,0.168119340125855
O04027,1,0.0533263738326282,0.0533118965502979,0.0533301581383627,0.053285679837761,0.158881345779835,0.16226043674109,0.161575586625044,0.162042343054894,0.141986179440087
Q1PFE5,1,0.0368885936615816,0.0367359473959223,0.0370262735150894,0.0365620300785063,0.184362816608283,0.185114173219484,0.15353254360593,0.157013780088516,0.172763841826686
AT1G09247,1,0.0534857545390899,0.0534920875531211,0.0534697239008454,0.0534884061000956,0.159764584138995,0.174787348914965,0.151850815182113,0.153313622655561,0.146347657015214
AT5G03235,1,0.0353507320968226,0.0354572924927209,0.0352370714361289,0.035560711057529,0.177489133313205,0.187496310104865,0.16725784112984,0.169114705062674,0.157036203306215
Q9FIG8,1,0.0453982700511708,0.0454381891147445,0.0453496551266133,0.0454702881926326,0.166705910746668,0.189094365683506,0.150332088773823,0.152291120847924,0.159920111462917
Q9FKU6,1,0.0453982700511708,0.0454381891147445,0.0453496551266133,0.0454702881926326,0.166705910746668,0.189094365683506,0.150332088773823,0.152291120847924,0.159920111462917
AT3G02075,1,0.0453982700511708,0.0454381891147445,0.0453496551266133,0.0454702881926326,0.166705910746668,0.189094365683506,0.150332088773823,0.152291120847924,0.159920111462917
AT2G04785,1,0.0355604625601926,0.0355293127169844,0.0355821379876746,0.0354874969633384,0.180841107316687,0.192367939110328,0.160601724655579,0.163595454555805,0.160434364133412
F4IN73,1,0.0382220003680871,0.0381990977512155,0.0382366718009958,0.0381666406556291,0.174651894449151,0.195444809601554,0.156805085982256,0.159072450534847,0.161201348856264
AT4G03895,1,0.0545865071595388,0.0546069021213793,0.0545557054322134,0.054616965516443,0.159230410629428,0.16695915771538,0.153825747762196,0.155148779593647,0.146469824069775
Q9ZQC1,1,0.0325637224648567,0.0327813917123788,0.0323406957541834,0.0330020811710498,0.183577463321912,0.199419715178947,0.152654781036894,0.155879013453876,0.177781135905903
Q1G3I2,1,0.0217810735382218,0.0218024358242438,0.0217533265582048,0.0218178660364012,0.198346240290189,0.208642911154824,0.163457831106248,0.167558578438546,0.174839737053122
P82794,1,0.0278265330114702,0.0278713976565172,0.0277748694906124,0.0279105323511394,0.183420671317438,0.184288686429336,0.181066410206832,0.182522174717436,0.157318724819218
A0A178UWL7,1,0.0403619123893914,0.0402879660832955,0.0404206686972438,0.0401949548120399,0.175350047683314,0.177368574668079,0.161979985553329,0.16418100649437,0.159854883618938
Q67Y55,1,0.0453982700511708,0.0454381891147445,0.0453496551266133,0.0454702881926326,0.166705910746668,0.189094365683506,0.150332088773823,0.152291120847924,0.159920111462917
Q84WT5,1,0.046913355841491,0.0469290037135795,0.0468882718015794,0.0469352451430447,0.16517924737678,0.178403231697407,0.157836743749032,0.159168667939533,0.151746232737554
AT1G04223,1,0.0141331396186205,0.0141502401403133,0.0141112480695983,0.014162791040102,0.17818675736936,0.10339191486158,0.271364749934408,0.267544553228961,0.122954605737056
A0A1P8AUV9,1,0.0188794164079074,0.0189465064516706,0.018807716457321,0.0190113491418167,0.168311041562967,0.102314424920713,0.26795174405536,0.259646607140106,0.126131193862139
Q8VYL8,1,0.0396242268503043,0.0395778049409354,0.0396619457661823,0.0395205879897798,0.14507347070692,0.09898854604591,0.250223977723337,0.2382543805678,0.109075059408832
AT1G05533,1,0.0318721282031202,0.0318443509589945,0.0318931368387747,0.0318084814276445,0.149948297454392,0.102301624114072,0.261293006650448,0.248786116670933,0.110252857681621
Q6NM06,1,0.041236602862267,0.041172234962552,0.0412838765798019,0.0410869391129619,0.162651668680387,0.117378326753527,0.215346386224139,0.212728095279137,0.127115869545228
Q94LA7,1,0.0388302027038291,0.0388194371810613,0.0388320374769735,0.0387988595151081,0.153354911561091,0.108630877033746,0.233846939847356,0.225078485751291,0.123808248929544
F4HV37,1,0.0441761429085853,0.0441757351789762,0.044170168327769,0.0441686429883694,0.165341708119723,0.157239672132186,0.175920167226142,0.175443994980317,0.149363768137932
A0A178WPD2,1,0.0175612118852815,0.0175761490970034,0.017542160283387,0.0175872468168411,0.176664391364787,0.119667775905321,0.251672739871605,0.246658240481624,0.13507008429415
Q9FZB8,1,0.0558099965565938,0.0557699364592628,0.0558378823009593,0.0557155465155381,0.150370666904236,0.120474973857177,0.19246590208168,0.189568181278079,0.123986914046474
Q38824,1,0.0307279584346525,0.030849112343191,0.0305971418567403,0.0309647504410156,0.153995303657506,0.0959466389107618,0.262489570712611,0.251823319655328,0.112606203988194
Q94HW4,1,0.0388302027038291,0.0388194371810613,0.0388320374769735,0.0387988595151081,0.153354911561091,0.108630877033746,0.233846939847356,0.225078485751291,0.123808248929544
Q5E930,1,0.00789515237884138,0.00791870684939463,0.00786904454640348,0.00794036401043832,0.147173257377662,0.065431006173161,0.340638534143358,0.325260099817263,0.0898738347034779
AT1G08543,1,0.0367398589515626,0.0368095006113536,0.0366579281219176,0.036867840751993,0.160403788627225,0.116042038798093,0.227973898669723,0.222439281060726,0.126065864407405
AT1G64618,1,0.0336612377454811,0.0336285331882247,0.0336865460886306,0.0335869158157488,0.147051849967791,0.099559482407419,0.261563676910043,0.247609588578519,0.109652169298142
A0A1P8APL7,1,0.028499271217718,0.0284985422405044,0.0284925510440168,0.0284898600316153,0.155781858483586,0.104592095118277,0.260597820867853,0.250504759931309,0.114543241065121
AT1G08803,1,0.0488683438387796,0.0488165429542819,0.0489091935072965,0.0487514465356543,0.151890148948237,0.119445751305832,0.207504556322251,0.202184862124135,0.123629154463533
Q9C8Y5,1,0.0229441582177898,0.0230323959731896,0.0228513168919742,0.0231193438395678,0.179156315138003,0.127254711176391,0.232854657241946,0.230040111647416,0.138746989873722
Q9FZH9,1,0.0213261842944559,0.0214609257538979,0.0211866910802244,0.0215957831845389,0.189371491137622,0.129862099303967,0.217133357154123,0.216720260687383,0.161343207403787
AT1G09423,1,0.0388302027038291,0.0388194371810613,0.0388320374769735,0.0387988595151081,0.153354911561091,0.108630877033746,0.233846939847356,0.225078485751291,0.123808248929544
AT1G09427,1,0.0481540077207137,0.0481355991548322,0.0481656335916896,0.0481094556154937,0.160996660315017,0.147470497787966,0.179266626986382,0.178224129163237,0.141477389664669
B3H4W3,1,0.0231903687944962,0.023243342986035,0.0231315283218927,0.0232922442032919,0.148727292798617,0.0889781251782781,0.289093619199329,0.272256723277779,0.108086755240281
AT1G77138,1,0.029455262178784,0.029630172156993,0.0292719057429433,0.0298027186067998,0.168086760708384,0.105586181895914,0.242744469220122,0.238175718070224,0.127246811419836
A0A1P8AN89,1,0.0323505905463938,0.0324348850421264,0.032256445694223,0.0325117486709501,0.173997203147059,0.142005600523392,0.208274556962181,0.206770225527877,0.139398743885798
A0A178UA82,1,0.0441761429085853,0.0441757351789762,0.044170168327769,0.0441686429883694,0.165341708119723,0.157239672132186,0.175920167226142,0.175443994980317,0.149363768137932
F4K6S3,1,0.0388302027038291,0.0388194371810613,0.0388320374769735,0.0387988595151081,0.153354911561091,0.108630877033746,0.233846939847356,0.225078485751291,0.123808248929544
F4K2L4,1,0.0388302027038291,0.0388194371810613,0.0388320374769735,0.0387988595151081,0.153354911561091,0.108630877033746,0.233846939847356,0.225078485751291,0.123808248929544
Q949R3,1,0.0455798700305631,0.0455323310674685,0.0456166942055853,0.0454719622093135,0.143476209340122,0.0980899595043491,0.238380685361586,0.227989611303207,0.109862676977806
Q9FJ32,1,0.03564810784888,0.0357637838270337,0.0355236734567771,0.0358750548370663,0.148518328483947,0.0954351586544194,0.256693566866609,0.244746057421953,0.111796268603314
AT5G08285,1,0.0414639098826823,0.0414928996117482,0.0414263843565876,0.0415144315639545,0.153128745107401,0.111769877916428,0.229123150175908,0.221768198009376,0.118312403375914
AT5G08765,1,0.0388302027038291,0.0388194371810613,0.0388320374769735,0.0387988595151081,0.153354911561091,0.108630877033746,0.233846939847356,0.225078485751291,0.123808248929544
Q8W1E3,1,0.0263203430048019,0.0263174511258975,0.0263123147668828,0.0263029829312374,0.185160437969851,0.12132350718814,0.22136274299067,0.221009043793739,0.14589117622878
A0A178UGA9,1,0.0294245160134195,0.0294767098633011,0.0293644945489677,0.0295227476900089,0.151278059142258,0.0960766653477263,0.267693290944007,0.255172846865337,0.111990669584974
Q9LVR3,1,0.019857369231841,0.019973222363147,0.0197343635000318,0.0200852880456547,0.185184505144681,0.10708973988171,0.241386381589009,0.240500234702287,0.146188895541638
AT3G01375,1,0.0222144240599806,0.0222632807204994,0.0221602754182272,0.0223085453944655,0.155954474785691,0.0979561420998469,0.278172094847749,0.264007621481795,0.114963141191745
AT3G01635,1,0.0514432227602217,0.0513912742818577,0.0514822818071627,0.0513238853438484,0.146855357972219,0.108777164766873,0.213906412381492,0.207491783786176,0.11732861690015
A0A1I9LNH5,1,0.0278691705394963,0.0278567363354394,0.0278715091745946,0.02783360794551,0.151425847740215,0.0886159052884125,0.27707382190172,0.264262982783861,0.107190418290751
Q9LHL6,1,0.0140462969025609,0.0140678722754019,0.0140201994912235,0.0140856071541808,0.152532730617489,0.0768880411313301,0.313727208087133,0.29827723713304,0.102354807207641
Q9LRR2,1,0.033003752263656,0.0330119375865196,0.0329874837088704,0.0330121202869015,0.143261154773422,0.0923517774328543,0.27155745611588,0.25520301441397,0.105611303417927
Q9LUS9,1,0.0434309898131731,0.0434236886962354,0.0434274753234236,0.043404672946724,0.163229720066086,0.137332277756369,0.196870786936959,0.195231535960808,0.133648852500222
AT3G03595,1,0.0388302027038291,0.0388194371810613,0.0388320374769735,0.0387988595151081,0.153354911561091,0.108630877033746,0.233846939847356,0.225078485751291,0.123808248929544
Q1G3M3,1,0.0241644489855613,0.0242762949092148,0.0240438173823046,0.0243828412938713,0.17775649888716,0.110587886006584,0.239567607135427,0.236859509642701,0.138361095757176
AT3G24332,1,0.048054780091326,0.0480609828838161,0.048039998534588,0.0480582817981655,0.160000892632499,0.133493122107051,0.18865417106745,0.187059971818009,0.138577799067096
F4JBE2,1,0.0223690722532553,0.0224172046865667,0.022313047837999,0.0224586386811394,0.149993279855591,0.0875613804433413,0.292077927186232,0.276091184314712,0.104718264741163
AT3G05145,1,0.0558099965565938,0.0557699364592628,0.0558378823009593,0.0557155465155381,0.150370666904236,0.120474973857177,0.19246590208168,0.189568181278079,0.123986914046474
A0A384L5A7,1,0.0388302027038291,0.0388194371810613,0.0388320374769735,0.0387988595151081,0.153354911561091,0.108630877033746,0.233846939847356,0.225078485751291,0.123808248929544
AT3G05635,1,0.0306739847317526,0.0306775984880094,0.0306581225081103,0.0306684033030525,0.159767831539508,0.0990668476280839,0.251408968634179,0.242984825166082,0.124093418001222
A0MDR2,1,0.017876410943493,0.0178830245409111,0.0178654432824636,0.017885275205367,0.152332715017369,0.0941887455147998,0.295923028138942,0.278495156538259,0.107550200818395
AT3G06605,1,0.0441761429085853,0.0441757351789762,0.044170168327769,0.0441686429883694,0.165341708119723,0.157239672132186,0.175920167226142,0.175443994980317,0.149363768137932
Q9LX82,1,0.0180270629708636,0.0181021791922276,0.0179448556523458,0.0181724853552285,0.167448458380157,0.0845315384279194,0.281966078913521,0.274538079167209,0.119269261940528
AT3G07625,1,0.0504434017480264,0.0504004146134556,0.0504779611929351,0.0503471512372741,0.158367575771703,0.147031936062222,0.178944896268845,0.177587591021784,0.136399072083754
Q9SMP6,1,0.0204919979975988,0.0205062925344429,0.0204701534319704,0.0205133076590713,0.182199374188575,0.103007861168725,0.245847908117449,0.243150721497577,0.14381238340459
Q45GK4,1,0.0441761429085853,0.0441757351789762,0.044170168327769,0.0441686429883694,0.165341708119723,0.157239672132186,0.175920167226142,0.175443994980317,0.149363768137932
AT3G08245,1,0.0370807580202594,0.0371503359069351,0.0369985710038021,0.0372083778143163,0.167704736891301,0.128985507396441,0.211407311973687,0.209618451592221,0.133845949401036
Q9M2S1,1,0.0331067893584549,0.0331109369994754,0.033091442028482,0.0331041591584748,0.152575380452773,0.0924496352391053,0.260497576027772,0.249839501943488,0.112224578791974
Q9LES9,1,0.0376688186947354,0.0377255950657627,0.0375991591456088,0.0377701274517379,0.15811424182515,0.111189474764251,0.231216100786895,0.225406291751135,0.123310190514724
AT3G09575,1,0.0199685460576678,0.0200562492383739,0.0198749400090187,0.0201407549685312,0.17172178959853,0.104933144065609,0.257491021094933,0.250412815691788,0.135400739275549
AT2G04465,1,0.028737050267831,0.0287382566209733,0.0287286305661421,0.0287318534972028,0.165430751245807,0.119807484669178,0.240567454345871,0.235215416958072,0.124043101828924
AT2G06225,1,0.0448687545243313,0.0448236610265609,0.0449046299532786,0.0447673567359949,0.157762844676974,0.130835711936316,0.203900850570345,0.199930199848192,0.128205990728007
AT2G06995,1,0.0335250400514325,0.0335306009387842,0.0335113532845432,0.033527806096632,0.175267338283417,0.144628531892988,0.201278210078772,0.201201563757552,0.143529555615879
Q8LF43,1,0.0217075198870528,0.0217625344643562,0.0216433070046374,0.0218095672347982,0.162596794787084,0.0887421264783003,0.275770490398125,0.267222953288701,0.118744706456945
O22184,1,0.0318721282031202,0.0318443509589945,0.0318931368387747,0.0318084814276445,0.149948297454392,0.102301624114072,0.261293006650448,0.248786116670933,0.110252857681621
Q9ZUI0,1,0.021549621453465,0.0215663067991988,0.0215272837609887,0.021577903282567,0.154834167557897,0.0957623888862733,0.284148740260855,0.26994203438005,0.109091553618705
O80949,1,0.0545545623873797,0.0545519398534888,0.0545470677738068,0.0545384677920002,0.157172199517013,0.141870372727747,0.172880137080019,0.172627700856452,0.137257552012094
P93738,1,0.0388302027038291,0.0388194371810613,0.0388320374769735,0.0387988595151081,0.153354911561091,0.108630877033746,0.233846939847356,0.225078485751291,0.123808248929544
AT2G09455,1,0.0341154931024174,0.0341168552109081,0.0341082384241543,0.0341120667632998,0.171775242292131,0.147988358765321,0.200618407180586,0.199100068496597,0.144065269764585
A0A1P8B386,1,0.0441761429085853,0.0441757351789762,0.044170168327769,0.0441686429883694,0.165341708119723,0.157239672132186,0.175920167226142,0.175443994980317,0.149363768137932
A0A178V3G1,1,0.0273810264932232,0.0274442750330934,0.0273092698173479,0.0275002664089944,0.17468834709594,0.131796516022653,0.221846860728915,0.218572274971094,0.14346116342874
Q8L7H2,1,0.024543786293769,0.0245399184579573,0.0245424229416144,0.0245304118526562,0.160817935338471,0.112206190263771,0.259219173704056,0.248711983756568,0.120888177391138
P93835,1,0.0521409239616494,0.0521104721541016,0.0521643006323404,0.052071556011432,0.157325971461014,0.142472040611345,0.17767737021928,0.176451287097225,0.137586077851613
Q1PE49,1,0.0374744329903185,0.0374954738587887,0.0374385390529038,0.0375015028759073,0.153345133129044,0.0990875686194488,0.245030435962198,0.236913100749584,0.115713812761806
F4JU69,1,0.0281553108302776,0.0281484035351698,0.0281548543737551,0.0281333169628031,0.157049259743725,0.103754770842107,0.260324003971076,0.250635000270123,0.115645079470964
Q9SUA4,1,0.0441931122268865,0.0441838482346823,0.0441917279024133,0.0441630040923509,0.157103801772342,0.121727736450934,0.209214192304961,0.204540067650604,0.130682509364827
O81755,1,0.0208462124867959,0.0209362791246965,0.0207499322292372,0.0210229329272549,0.166366104018881,0.102818191386618,0.265300784004872,0.255988218819908,0.125971345001736
A0A178UYP1,1,0.0541195117806484,0.0540915086080458,0.0541391369573756,0.054053672420603,0.154540177247855,0.131802358873194,0.183195772529928,0.181420370016139,0.13263749156621
AT4G37225,1,0.0222561006110667,0.0222311835947098,0.0222738732025837,0.0221979795324948,0.166311474399566,0.1036069797712,0.264433356019316,0.255907560078208,0.120781492790855
Q9SVF4,1,0.0488683438387795,0.0488165429542819,0.0489091935072965,0.0487514465356542,0.151890148948237,0.119445751305832,0.207504556322252,0.202184862124135,0.123629154463533
AT4G09785,1,0.048054780091326,0.0480609828838161,0.048039998534588,0.0480582817981655,0.160000892632499,0.133493122107051,0.18865417106745,0.187059971818009,0.138577799067096
ENSRNA049493733,1,0.0388302027038291,0.0388194371810613,0.0388320374769735,0.0387988595151081,0.153354911561091,0.108630877033746,0.233846939847356,0.225078485751291,0.123808248929544
Q8LEP7,1,0.0294691044767737,0.0295950396872037,0.0293295155149623,0.0297105388451278,0.17726510040232,0.108599971178457,0.226595061083048,0.225450677475534,0.143984991336574
P93277,1,0.0567672403763212,0.056755527919413,0.0567660847559329,0.056729762667072,0.155599976828753,0.144874302013913,0.168550074173572,0.168462318420676,0.135494712844347
Q8GXQ7,1,0.0208657734402983,0.0209967346965001,0.02072824496716,0.0211255957235082,0.201443330161377,0.122385566129434,0.205952165902905,0.209141876085893,0.177360712892924
P93821,1,0.0323854304054877,0.0325440734793202,0.0322200743183282,0.0327015414150991,0.181249441653159,0.147919842272613,0.188998447749661,0.190195641953964,0.161785506752367
F4I177,1,0.0207546205702871,0.0207342409900174,0.0207681866362308,0.020706047662772,0.194725038193796,0.133714337812757,0.214902298841917,0.21586669447589,0.157828534816334
A0A1P8AU14,1,0.0405602585777155,0.0406908950091738,0.0404199778365165,0.0408164969177601,0.171462427549598,0.146854275418741,0.187622089663311,0.188239836268618,0.143333742758566
AT1G06737,1,0.0264498349165434,0.0265760083081114,0.0263180350654767,0.0267013352982412,0.187052941619894,0.16014293780151,0.195608682507959,0.196701153126365,0.154449071355901
Q058G8,1,0.015408883779019,0.0154629037234625,0.0153502724466292,0.0155139294225582,0.188105630862032,0.120231504223891,0.248205213837762,0.248837079446524,0.132884582258123
F4I3G1,1,0.0213758306773262,0.0215209107827163,0.0212234873348356,0.0216633876907015,0.195180514811104,0.114959249436674,0.215873238580838,0.217592115821551,0.170611264864253
Q9LPG4,1,0.020406065503372,0.0204272531715566,0.0203805846592952,0.0204446292308743,0.188635007580522,0.153882344289569,0.205557579344992,0.205600706188666,0.164665830031153
Q9SYF3,1,0.0117963931970459,0.0118410580469596,0.0117483751627354,0.0118837392720983,0.20930639973312,0.150498235345555,0.218798893744304,0.222853320411327,0.151273585086855
A0A178WJJ5,1,0.0436163175592124,0.043668739561455,0.0435548707957072,0.0437137071613978,0.169034013749094,0.161752068186597,0.174742659555313,0.175655151209443,0.144262472221782
Q9M9F5,1,0.0416328740894246,0.0418256483429094,0.0414274658956832,0.0420120712579816,0.173300105344842,0.148555595840133,0.182142055548949,0.183644147561094,0.145460036118983
Q9C971,1,0.0362062157913255,0.0361787586026726,0.0362242599251139,0.0361402419398415,0.178712017633464,0.163768144182379,0.177111173734631,0.178961967425617,0.156697220764955
Q9LZW0,1,0.0380841072801349,0.0379459846732576,0.0382092685033634,0.0377900011742412,0.177162585029613,0.12806699465961,0.195834351781347,0.196236547801355,0.150670159097078
A0A178UDF8,1,0.0295018397287091,0.0295862366931209,0.0294034006905683,0.0296588272246868,0.187304404662182,0.119195234453604,0.212093516242466,0.213756608202865,0.149499932101798
Q3E9F6,1,0.0341721718097182,0.0342840784962701,0.0340474908170396,0.0343854754124467,0.176465430698039,0.142694555894325,0.197945993825245,0.198366484573354,0.147638318473562
Q6NLH4,1,0.0228967753957673,0.0229537590780337,0.0228315009103863,0.0230040218286412,0.194168548386383,0.15267405991328,0.203734654297189,0.205571780488078,0.152164899702243
Q96305,1,0.0353208263940068,0.0354668654585304,0.0351619831762948,0.0356054578104862,0.182000598252298,0.125625215894278,0.191704524216881,0.192782417549551,0.166332111247673
Q9M8S6,1,0.0211098708992842,0.021212971960817,0.0209971120837244,0.0213093234836322,0.198420702991898,0.108310991683297,0.220590879426835,0.223329742783049,0.164718404687463
A0A1I9LNS3,1,0.0226224485495822,0.0226829394817148,0.0225526054408111,0.0227354770987047,0.190881911539014,0.118181123101157,0.215676984304918,0.216102327005343,0.168564183478756
Q9LSM9,1,0.0253059490761274,0.0254032025853037,0.0251991349501169,0.0254941082130859,0.191240370954713,0.120854428780479,0.20700015687586,0.207962745844411,0.171539902719903
F4J1N5,1,0.0279448572662205,0.0279487812242704,0.0279307052022165,0.0279426832753252,0.190791521397456,0.1415583091188,0.198141506213639,0.199804198896717,0.157937437405355
Q84JG6,1,0.0256259359017427,0.0257932476586121,0.0254483704746641,0.0259558186885051,0.193492223945278,0.11926634802839,0.211300864255243,0.213404501558205,0.15971268948936
Q9ZPR6,1,0.0295360304704926,0.0296675167403747,0.0293916597552425,0.0297893607753739,0.187865185194437,0.125526226019769,0.197592534596536,0.199262622015545,0.17136886443223
Q9SI19,1,0.0307561097320026,0.0309142591423906,0.0305884645268391,0.0310688705990296,0.188452394316634,0.133577857786444,0.188935997479683,0.190676381817343,0.175029664599634
B3H592,1,0.0335319733365993,0.0336834302431105,0.0333724892266951,0.0338317161848506,0.179744602195277,0.150924167929135,0.188417405973329,0.189557383651708,0.156936831259295
O82229,1,0.0315662806012866,0.0317342919186413,0.0313847638096566,0.0318944742083573,0.187297007235017,0.122384176775354,0.201007465897901,0.203037532212635,0.159694007341153
O64857,1,0.0219556815896439,0.0219789572695222,0.0219280019766842,0.0219983756726705,0.187253322025085,0.157503401283707,0.20136489086395,0.201632145663229,0.164385223655509
AT4G05535,1,0.0405602585777155,0.0406908950091738,0.0404199778365165,0.0408164969177601,0.171462427549598,0.146854275418741,0.187622089663311,0.188239836268618,0.143333742758566
Q9T0K2,1,0.0246780202256842,0.0248272841525616,0.024518836695358,0.0249712575095543,0.194463535355377,0.117253339802648,0.210048751021853,0.212474378976926,0.166764596260038
O64492,1,0.0206287899152298,0.0206976563225551,0.0205522869082918,0.0207612305454535,0.212481906896433,0.164340278154395,0.159047237331105,0.1642556746037,0.217234939322837
AT1G13448,1,0.0225925908389211,0.0227110054796717,0.0224642716066961,0.0228226321552266,0.210701539536189,0.155776378921762,0.159814626940896,0.165794365243808,0.217322589276829
A0A178W6B2,1,0.0198512107505446,0.0199578700190823,0.0197357328721123,0.0200587015026666,0.215517677631506,0.146049843957187,0.157766563885272,0.163860598083927,0.237201801297702
Q9LMV9,1,0.0323992058391988,0.0325472032666295,0.0322392210742607,0.0326868703089543,0.188494534747432,0.159822881656227,0.163374894948297,0.16676623877123,0.19166894938777
Q9CAN3,1,0.0254249903463252,0.0256251346842068,0.025216957152123,0.0258243545875371,0.201884049954754,0.147196678589776,0.167708270416544,0.171730696168446,0.209388868100288
Q9FIB4,1,0.0288217849717411,0.0288081379352123,0.0288238647225487,0.0287817283573687,0.196161278260593,0.169034165807662,0.152812018817864,0.157195080825077,0.209561940301933
A0A178UED2,1,0.0196930464393751,0.0197981579364656,0.0195791965377086,0.019897600091853,0.221004893712296,0.152234187263559,0.153933332435101,0.160988411964726,0.232871173618915
AT5G04665,1,0.0405193605268142,0.0407187239987786,0.0403084105615959,0.040911598682206,0.172270902957446,0.183418942511101,0.146193820553826,0.148531219366917,0.187127020841315
AT5G05785,1,0.0291799970550039,0.0294594675237697,0.0288942364798464,0.0297426870161665,0.195776946036703,0.150259606052568,0.166741632947906,0.170615662840137,0.199329764047898
A0A1I9LQ90,1,0.0213681725828256,0.0215025798882379,0.0212258884886793,0.0216335142324391,0.215802680729776,0.161256249140675,0.154423735268504,0.160659022183257,0.222128157485605
Q9ZQH2,1,0.0275613192465704,0.027819582616081,0.0272945963258925,0.028078089786031,0.198721591334007,0.141913700094932,0.170808183315458,0.174575347911617,0.203227589369412
O80905,1,0.0258521763286773,0.0259658835536006,0.0257255740955836,0.0260695163838318,0.203482127553229,0.139280240564068,0.16888454837507,0.17345631081683,0.21128362232911
AT4G13918,1,0.0262376795179751,0.0264157670574527,0.0260490618298627,0.0265885114727341,0.19741383950856,0.163051062623988,0.153855852494728,0.157910009754233,0.222478215740467
Q9FL02,2,0.22618941598089,0.225946227837549,0.225817351077503,0.225038883586655,0.0197599257129924,0.0203217965684186,0.0182516990236207,0.0183982191643097,0.0202764810480617
A0A1P8B8B4,2,0.235756601845846,0.235005892408965,0.235527522512547,0.233280439499171,0.0123556880384527,0.0124342063634746,0.0115222734787901,0.0116128862977135,0.0125044895550394
Q9C9H5,2,0.216582382215714,0.216673998764037,0.215752710689618,0.215997595334036,0.0277545105919926,0.0287735627488192,0.024705451448664,0.0250020167552894,0.0287577714518299
Q8RXK7,2,0.231287605793356,0.231573213142829,0.229882254239397,0.230714599531065,0.0157355841955683,0.0159399210724474,0.0142731883806265,0.0144216373364587,0.0161719963082524
Q3EDG6,2,0.237542515851096,0.224561212049155,0.250938375121286,0.211605287758646,0.015393402669272,0.0152812138024678,0.0145488202152399,0.0146475422343863,0.0154816302984503
AT1G04927,2,0.218969889019313,0.214696290278497,0.223242735524734,0.210296734705466,0.0269012523921671,0.0263842034200089,0.0265599840913419,0.0266366806842429,0.0263122298842283
Q9M9E1,2,0.227139086462214,0.217469290753984,0.237039051821114,0.207710938008479,0.0226063557451989,0.0227281335936987,0.0212239201276698,0.0213812258470305,0.0227019976406105
B9DGT3,2,0.224127284940561,0.215133919184632,0.233152507942951,0.205926960994762,0.0250283247751172,0.0251480400352892,0.0229605241527584,0.0231866109881481,0.0253358269857812
Q9FZ99,2,0.221321708982771,0.214200882128019,0.22816954823391,0.2066025316563,0.0266488490778556,0.0269665348019698,0.0242176985835372,0.0244669895446218,0.0274052569910159
Q9MAP5,2,0.219074791880553,0.216742945347797,0.221135935772488,0.214105081102828,0.0262703919415374,0.0255617049111167,0.0254423201028402,0.0255593173691214,0.0261075115717183
P13853,2,0.221355906428354,0.218434597136978,0.223757853716605,0.214916857259269,0.0248974302426054,0.0248841787740324,0.0229833188333629,0.0231812163566382,0.0255886412521556
A0A178W7A5,2,0.222329160031651,0.218394069948924,0.225869940544554,0.213972368488293,0.0243598084101517,0.0245885149230447,0.0229697593722922,0.0231247298591434,0.0243916484219456
Q9C598,2,0.230868590458374,0.218474717403742,0.244014924436443,0.20640340023609,0.0204970690341468,0.0200321969728912,0.0197062495024596,0.0198230271607531,0.0201798247951
Q9LY82,2,0.22614698197768,0.216498556645599,0.235968436523698,0.206727133815482,0.023491171456232,0.0233084701646891,0.0219525034088051,0.0221270314440378,0.0237797145637767
Q8L616,2,0.223621291880594,0.216493128734315,0.230699705804042,0.209140861619373,0.0245020948712181,0.0235357375769122,0.0239688832711498,0.0240746752484254,0.0239636209939694
Q8L8T7,2,0.218970470160993,0.216562498320478,0.220835205044725,0.213520838783817,0.0266158118671286,0.0262676180611186,0.0250164046175114,0.0252015892134998,0.0270095639307286
F4K627,2,0.229071722063546,0.216230345299437,0.242735860196839,0.203742646008234,0.0221551482889146,0.0222436264400357,0.0206323183289014,0.020801915838643,0.0223864175354482
A0A1P8BCM6,2,0.223787441038987,0.220634759426129,0.2263304291486,0.21675182595876,0.0229227839718471,0.0230803380420863,0.0216863424393845,0.0218309592706781,0.0229751207035287
P19037,2,0.230124112809594,0.224937503413569,0.23500430866029,0.219330402605053,0.0184654294465254,0.0180399790256326,0.0178992043987827,0.017987029249781,0.0182120303907724
Q9FKF5,2,0.226162678093051,0.222724381737088,0.22891983911734,0.218546082262519,0.0212830766799437,0.0215829104774456,0.0193444886278357,0.0195406745640977,0.0218958684406795
O82133,2,0.22402594354144,0.218719367775386,0.228835905302372,0.212814362355773,0.0237728930167253,0.0240639261800854,0.0215902264392795,0.0218154086992635,0.0243619666896755
Q9LTM4,2,0.238718159621164,0.225297032255626,0.252988264116072,0.212272635653998,0.0144202346113528,0.0144157569261827,0.013677156346339,0.0137652375067953,0.0144455229624706
Q9LHA1,2,0.236155856688171,0.229934797892946,0.241780505083846,0.222944058593668,0.0140879532356074,0.0140534889351533,0.0134211747607961,0.0135015433222222,0.014120621487589
P32962,2,0.231653351466057,0.22505359489369,0.237796291327485,0.217797238339983,0.0178655348847716,0.0178161691765766,0.0169623465361898,0.0170677736535391,0.0179876997217082
Q9SMU8,2,0.239827285279885,0.227978251974116,0.251852213118769,0.215983167755503,0.013114054075332,0.0133313221648472,0.0122889714415185,0.0123786304001433,0.0132461037898857
AT2G04435,2,0.225642597798899,0.216304353616889,0.235424222554387,0.207082723840993,0.0234176604495386,0.0225938396953272,0.0233047644047618,0.0233570081568973,0.0228728294823073
Q2V491,2,0.225470787149214,0.216834047164797,0.234501924891718,0.208286923278205,0.0232716631140701,0.0229569563999443,0.0228818649520263,0.0229542891151478,0.0228415439348771
O82200,2,0.220174746747029,0.215196422363116,0.224886502306596,0.209781597312444,0.0265250026276126,0.0268262392934385,0.0250137142501967,0.0251953788289234,0.0264003962706434
O22190,2,0.219837352999654,0.21572599138584,0.223408055485998,0.210954079773015,0.0266957757869095,0.0274599638089147,0.0238549389362562,0.0241208352785688,0.0279430065448441
O48851,2,0.225914721727724,0.214111652773696,0.238513585064064,0.202653625245607,0.0242149600754063,0.0238313434520602,0.023290536917653,0.0234183621756324,0.0240512125681574
P93007,2,0.229726444566548,0.22400548787145,0.234831706296038,0.217513890263197,0.0192468260151248,0.0199812766719274,0.017394856085188,0.0175798710900232,0.0197196411405031
O22822,2,0.238289788379484,0.221821081042542,0.256129649851479,0.206095962332975,0.0158686010084532,0.0159212823031058,0.0149289191982067,0.0150384671252975,0.0159062487584558
A0A178V0J4,2,0.225784709884513,0.213882052296624,0.238336606197181,0.20221572319337,0.0245801288548213,0.0246875003211052,0.0227674878531995,0.0229700268890469,0.0247757645101396
P50700,2,0.223228025238805,0.222286241217646,0.223439830521996,0.220530200821003,0.0225755935221032,0.0239363673344083,0.0200207720863194,0.0202512424301019,0.0237317268276173
O23406,2,0.221000462847864,0.216580283257049,0.224847645904946,0.211474622283338,0.0259270007841847,0.0261453824641279,0.0234848400847916,0.0237301797678261,0.026809582605873
O81815,2,0.225611069104089,0.213029215220943,0.239146808458955,0.200934432374836,0.0248062013997027,0.0239425828476278,0.0239649821779593,0.0240948580514494,0.0244698503644375
F4JTY7,2,0.220038225614737,0.218985347955201,0.220863415376235,0.217695505152152,0.0248230447514554,0.0245633047014456,0.0242066809839524,0.0242983032422234,0.0245261722225983
Q9FUJ2,2,0.236612442521877,0.22680940724593,0.246229681159969,0.216597316847397,0.0150666256188357,0.0155025901505846,0.0138171547200766,0.0139420787983701,0.0154227029369593
Q8VZE9,2,0.221377678675233,0.217957363212296,0.224116343781927,0.213734655262057,0.0252371366634718,0.0251390472256257,0.0231998278190539,0.0234202695763649,0.0258176777839708
Q9SZ05,2,0.221116252386544,0.219153238092565,0.22250364005222,0.2165552153529,0.0246986422420147,0.025394329725016,0.0224315405618395,0.022647267532834,0.0254998740540674
AT4G36052,2,0.221571293605447,0.212980591832345,0.23046678849829,0.204384564598212,0.0264829599425465,0.0260856039116194,0.0259006826369807,0.0259922446774901,0.02613527029707
B3H5Q1,2,0.218340561310786,0.226655575900699,0.209714884904084,0.234758020069681,0.022720276580198,0.0228582166928818,0.0206125481776667,0.0208277568987936,0.0235121594652099
Q9LND1,2,0.223843898599542,0.239317222729437,0.209251464878031,0.256271942726675,0.0146135922373192,0.0151793852399243,0.0130841317800111,0.0132289610667309,0.0152094007423298
Q39224,2,0.21925024321501,0.22862002152615,0.209804946053458,0.238096004073367,0.0213638048734202,0.0223855630423307,0.0188352010620833,0.019064885584949,0.0225793305692306
Q9SHH7,2,0.222794293036152,0.235710468696027,0.210345684823035,0.249457460661,0.0166857055752547,0.0170895304311528,0.0154436520688047,0.0155770138766978,0.0168961908318758
Q9LNS5,2,0.216534494407232,0.220172520824276,0.21234186092759,0.223247957048027,0.0260918412497821,0.0261196326539898,0.0246920531531921,0.0248743463713894,0.0259252933645213
Q9SGP6,2,0.230247532447903,0.235401211553001,0.224387988507145,0.239864031267235,0.0143039567828142,0.0147780771047186,0.013083998555339,0.0132037686349257,0.0147294351469176
Q52K95,2,0.221079725445372,0.222518189045472,0.218910598914363,0.22315289800569,0.0233607032624535,0.0239531835633156,0.0216729082952228,0.0218630650152292,0.0234887284528822
Q3ED15,2,0.221037819874843,0.23442924467396,0.208431396512233,0.249198165150232,0.0177728789620353,0.0186565786172887,0.0159731331316705,0.0161468791752311,0.0183539039025067
Q8L7S1,2,0.217196222201945,0.223740331688216,0.210346161499829,0.23017365978296,0.0244410710042798,0.0245932166442682,0.022084818715541,0.0223271512006837,0.0250973672622773
F4HTB2,2,0.213718685599943,0.219936142142569,0.207297795170591,0.226101504667917,0.0272096025590663,0.0276181194784102,0.024866191837626,0.0250972498432404,0.028154708700637
Q9C9K5,2,0.221156492262375,0.227444106926561,0.214148430356192,0.232980570647641,0.0214435971343077,0.0217925070043234,0.0193608344684548,0.019574923044222,0.0220985381559242
Q8LAH7,2,0.221356373776248,0.224779432953268,0.217328860350591,0.227601098245573,0.0222723333379301,0.0236033674952369,0.0196507377227002,0.0198865417973843,0.0235212543210684
Q8GYM1,2,0.220256121925137,0.225886421554723,0.213934804752825,0.230796515897981,0.022402775308524,0.023656589283999,0.019673276645016,0.0199292540175694,0.0234642406142259
Q9FLB5,2,0.21265544881323,0.224711505332205,0.201237239266276,0.237883207864266,0.0253085049890439,0.0261962034448851,0.0226536844180147,0.0229073680927641,0.0264468377793155
Q9FFF6,2,0.211468587680966,0.225011776361353,0.198964615013522,0.240254026559668,0.0254031394365808,0.0267330117210288,0.0227808679719256,0.0230295039769228,0.0263544712780329
A0MFF5,2,0.214489896283755,0.228165198844116,0.201564251580626,0.243078002372084,0.0231437933153589,0.0243805962323482,0.020285774549092,0.0205515479372915,0.0243409388853283
Q9LER3,2,0.21460502356657,0.226626627112871,0.202965327735564,0.239353481467493,0.0239222202028953,0.0249336059536909,0.0213056793658973,0.0215650270746652,0.0247230075203538
P18612,2,0.2161151500017,0.220671202740108,0.211331162230694,0.225176090172448,0.0259807203827635,0.0258258390006839,0.024272474452112,0.0244654965632531,0.0261618644562369
Q6NKX1,2,0.211642611910956,0.220938750508124,0.202566634037293,0.230757776665936,0.0274376073622749,0.0291553244693528,0.0239622188699353,0.0242663495620063,0.0292727266141217
Q9FLM1,2,0.217621264007548,0.219580370819807,0.215013698914615,0.220853073763146,0.0260320090805829,0.0264065254552232,0.0237997784080822,0.0240306281787055,0.0266626513722905
Q9FKT9,2,0.211209568739366,0.226698506136745,0.197083053822926,0.244417539603973,0.0248361308019382,0.0251897174790599,0.0224634384958769,0.0227097905551415,0.0253922543649729
Q84TD6,2,0.222496710300253,0.231674935353128,0.213242219280017,0.241011199481678,0.018764265526121,0.019383971628439,0.0167960794542856,0.0169801803598586,0.0196504386162207
Q9SR86,2,0.225847546203032,0.234528148669184,0.216943283514339,0.243209894412994,0.0162939396303281,0.0163806376902239,0.0149668077203432,0.0151034293513907,0.0167263128081654
O04311,2,0.217996509982193,0.231661093294988,0.205070533747442,0.246600655660049,0.0202563621408049,0.021041654112096,0.0179145563422967,0.0181305722846435,0.0213280624354861
A8MR54,2,0.213262404196572,0.219038797071415,0.207520836049784,0.225059530850785,0.0274856259562243,0.0286095056557244,0.0253471516449649,0.0255548883132294,0.0281212602613004
Q9LS06,2,0.216486439506505,0.231613048353112,0.202474949563493,0.248599684982592,0.0207368058442738,0.0206662546753185,0.019097758966892,0.0192802848009279,0.021044773306886
Q9LIM9,2,0.215992725124774,0.228643462226662,0.204180955081478,0.242763817751458,0.0221880973279015,0.0221266555298615,0.0208575723287243,0.0210147199063934,0.0222319947227474
A0A1I9LS19,2,0.218870828253192,0.221085786528861,0.216377160852333,0.223073210108929,0.0244503969080988,0.0245240521639459,0.0235489091796231,0.0236596123642329,0.0244100436407849
