ID,Cluster,#1,#2,#3,#4,#5,#6,#7,#8,#9
Q9LQ95,1,0.179568626853666,0.143006978787795,0.144024913060165,0.174047530030876,0.0701862364571842,0.10735802143465,0.0413366052329488,0.128663246194738,0.0118078419479775
O23046,1,0.163714567885784,0.1423592439844,0.142999232636608,0.161992335460989,0.0782933679187545,0.116867534341439,0.0470687692532351,0.130865643878204,0.0158393046405866
F4I8S3,1,0.169555837873816,0.153939737751384,0.154568845407568,0.160452367561018,0.063666196281874,0.126382455169433,0.0381161326721298,0.117368125041026,0.0159503022417502
Q8H1S6,1,0.204852861369798,0.16235099032359,0.163898845971266,0.178025785202649,0.0423766892924277,0.109323956021027,0.0287414374479427,0.0991137243103318,0.0113157100609679
A0A1P8ARD0,1,0.224229144798927,0.144409080455731,0.146309779484839,0.207644762586041,0.0428630941577093,0.0893415160201479,0.0262048147496422,0.110778892492895,0.00821891525406724
AT1G04647,1,0.153058530754459,0.147778436085851,0.148120980643688,0.14661666658558,0.0791956585824356,0.129229980243608,0.0540653108947104,0.1202981273523,0.021636308857368
Q42374,1,0.188209603935977,0.141663691310805,0.142941155624161,0.183515021180395,0.060882132847816,0.099690046307146,0.0415564570217138,0.127599154071246,0.0139427377007399
Q9SPK4,1,0.151940975216434,0.135497948590194,0.135959792261196,0.151737528153259,0.0929552037930827,0.117611867982228,0.0616869321614686,0.132848398759796,0.0197613530823429
F4I114,1,0.169816770889419,0.133644300316025,0.134575138602409,0.169373131404326,0.0810156577309915,0.102448669858236,0.056096576857032,0.136680243285351,0.0163495110562094
F4I2L0,1,0.172459037609587,0.163994737679227,0.164605341276348,0.151175618621095,0.0558679399958745,0.137224583494256,0.0390183825411367,0.10089709032708,0.0147572684553952
O65371,1,0.170597732311859,0.154326640085994,0.155028803467725,0.156754152085738,0.0642011400425504,0.1255151213886,0.0449687933279374,0.112352915877045,0.0162547014125519
Q9FWW6,1,0.185917519585766,0.154109462967271,0.155151719962543,0.175827282685412,0.0547962003901921,0.114443879933537,0.031167306761551,0.116788917302513,0.0117977104112144
Q9SA22,1,0.177767462337985,0.145264895315166,0.146210950755258,0.170723968972754,0.0652285560316709,0.112147815445033,0.0439728541017258,0.123449195641673,0.015234301398734
Q944A2,1,0.188846737847217,0.152844329378746,0.154101267212351,0.178324633462804,0.0524028677835599,0.106838193010126,0.0352867029854566,0.116281104480623,0.0150741638391166
Q84P25,1,0.170789113948174,0.1619620933943,0.162495780299605,0.154174594315711,0.0565677455366786,0.136826844723732,0.0374353285520939,0.104916220676685,0.0148322785530213
Q9LPV0,1,0.177913619647191,0.150008215374318,0.151006502333292,0.169992645181543,0.0593476213398572,0.11153130643405,0.0422707565374046,0.119723928318125,0.018205404834218
Q9XHZ3,1,0.210016454401023,0.153928506305949,0.155589167650089,0.195085871631825,0.0404223109084228,0.100838808034938,0.0258451727682514,0.106571481893026,0.0117022264064756
A0A178WK65,1,0.181752678382585,0.155958004445324,0.156900565807762,0.166010149887843,0.0602478403423681,0.119581006641193,0.0363808553362502,0.11251208474306,0.010656814413614
Q9FRI5,1,0.197963236627924,0.171704275830952,0.173055242599894,0.165416963570537,0.0419407804065244,0.119866877403096,0.027589180847842,0.0925299190631041,0.00993352365012652
Q570X5,1,0.190151126176163,0.164962912079746,0.166066347852035,0.166061096753964,0.0464355956244004,0.123023957672776,0.0315446067813996,0.0992363767199971,0.012517980339519
Q9LPE8,1,0.172092025412209,0.158519343928896,0.159177329214919,0.160951464801953,0.0588968639477868,0.128195913908626,0.0357013304662596,0.113094634532079,0.0133710937872713
P0C7R2,1,0.180863795218141,0.168421764711643,0.169219874515689,0.155410941374027,0.0495892625547773,0.134202180818657,0.0326745769137269,0.0970864603370812,0.0125311435562567
A0A178WKB2,1,0.167483408958642,0.148140915643675,0.148807142042726,0.165697507970507,0.06422175668872,0.119761293926458,0.0406122825551676,0.125360397496586,0.0199152947175167
A0A178WBJ8,1,0.19745793317811,0.164527085154754,0.165783470026109,0.176033926378911,0.04303666712507,0.116373942518847,0.0257568013950292,0.100665537911717,0.0103646363114536
Q9LPS8,1,0.203571337069576,0.169545086468434,0.170955547069127,0.173947476811103,0.0392948996259693,0.11684745511158,0.0231043945743426,0.0936051458207729,0.00912865744909402
Q9C681,1,0.190950438001535,0.152953144922964,0.154174083600471,0.184538345705014,0.0504994287304421,0.107338569769536,0.0279459345202968,0.119243643694349,0.0123564110553924
Q1EBU8,1,0.193494022804025,0.156762998463063,0.158044239974655,0.175851588671434,0.0497010587913189,0.111256918828407,0.0336111929030321,0.108734594835556,0.0125433847285089
Q9LNN1,1,0.203563437948302,0.146648395938262,0.148216932970935,0.191923122000154,0.0514435990439377,0.0968018192846866,0.0332138434463959,0.117891900384807,0.0102969489825213
F4HRI2,1,0.182940489498015,0.139302751849229,0.140444024989572,0.180251106596167,0.065949517661857,0.101554317497093,0.0443248609944242,0.130872296346498,0.0143606345671446
Q8VYZ0,1,0.202790746462197,0.158176810949648,0.159692331478073,0.17957431674088,0.0463684868684166,0.106706798104243,0.0303643467942795,0.104942705683747,0.0113834569185157
AT1G08283,1,0.165034387218345,0.155057477799654,0.155544179155974,0.155858561157176,0.0620392738880939,0.132624868620576,0.0418471625376802,0.113633678868471,0.018360410754029
Q6AWX2,1,0.209742193845756,0.147789620185208,0.149462737146196,0.2028024592758,0.0419097310255864,0.0950948650541608,0.0274793024607258,0.113363300833866,0.0123557901727011
O80695,1,0.170405760347791,0.164200776868223,0.16470162951443,0.157854203198788,0.0526266351381897,0.13660899993936,0.0313199418398179,0.106994873799578,0.0152871793538232
Q9SXE9,1,0.17906958485712,0.16147811102791,0.162259364424584,0.164267775388401,0.0518992959467229,0.127513693562008,0.0317991454614958,0.10754928015197,0.0141637491797882
Q9XIS1,1,0.209074539167801,0.166575270364291,0.168170495866023,0.178289177521661,0.0402173679083098,0.11051718202299,0.0234436810275557,0.0954155653263548,0.00829672079501347
A0A178W155,1,0.224827099350283,0.152424572612053,0.154417342115813,0.200481419529157,0.0394026855521658,0.0921950375762157,0.0245858485615174,0.102907789269984,0.00875820543281056
Q9FXD8,1,0.172656687386716,0.165018649607202,0.165590639632628,0.156133130088007,0.0538071642017415,0.136164997994852,0.0318923793005472,0.104940083200549,0.0137962685877571
Q9CAC1,1,0.22742338489601,0.145699203951911,0.147739250347759,0.212782905951298,0.0383153039988048,0.0863280379517678,0.0239813691386032,0.108109675445262,0.00962086831858284
Q9M9G1,1,0.211190412262284,0.172181327219329,0.173963769731399,0.174362497055724,0.0359095940641168,0.110236987259816,0.0231361552099888,0.0889825275323101,0.010036729665033
Q9C9U8,1,0.164869646873879,0.155982205627854,0.156528519436777,0.153882585067265,0.0649592644672104,0.129503201171554,0.0415685167838578,0.114463024817167,0.0182430357544355
Q67YU0,1,0.183387820672081,0.158846378748643,0.159853703334266,0.169793576646341,0.0519327716511895,0.117559502068777,0.033551417296645,0.110841235207972,0.0142335943740865
AT1G76878,1,0.191668274031144,0.165757549271896,0.166885235349171,0.16845533795192,0.0459335505239514,0.121906171669339,0.0282619566328236,0.100242723040982,0.0108892015287729
Q9C9S4,1,0.169673658977335,0.155385688942504,0.156027944418082,0.154210819014229,0.0652133832374387,0.129166176398426,0.0443430934962089,0.110667751922693,0.0153114835930842
Q9SAK1,1,0.177929593263981,0.162416101346335,0.163164890973904,0.16035224195466,0.0532119889960221,0.130132604107651,0.0333632892252293,0.105333608824395,0.0140956813078215
Q9LZX2,1,0.168179994451562,0.141388075321133,0.142231836336072,0.163199744631181,0.0787437148835879,0.109496270691128,0.0535617484615796,0.128858692280613,0.0143399229431433
Q9LZW2,1,0.17127461486578,0.146832793440717,0.147596730966446,0.1704494007518,0.0650738541661496,0.116179056480909,0.0372219269244186,0.129054069023509,0.0163175533802701
Q9FNI3,1,0.186972720040517,0.163186233182198,0.164252478124802,0.162857032851317,0.0514036259997583,0.121986390161014,0.03508352262368,0.101911463511594,0.0123465335051197
A0A384KIZ2,1,0.160961607188654,0.160614190870075,0.160957212742603,0.143291337292243,0.0632568272489039,0.14275102850049,0.046530769416772,0.103157243291505,0.0184797834487544
Q9LXB0,1,0.177458401414125,0.138746763320886,0.139777240726184,0.172293720709101,0.0744701072024981,0.10440036725052,0.0497229819452961,0.130121582353725,0.013008835077664
A0A178UPE5,1,0.157599190965873,0.146364117899392,0.146766895676669,0.152355933424718,0.076414710754087,0.128694980609634,0.049594301312968,0.12237618145297,0.0198336879036888
Q6NPE4,1,0.228710835545612,0.166486684352013,0.168621605160349,0.186681775875954,0.0331444359730725,0.100020730445714,0.0211759536999022,0.0870320073877893,0.0081259715595947
Q9LFJ8,1,0.168380522125207,0.151074039575353,0.151775201267319,0.16294909299652,0.0661526747729282,0.119823218805899,0.0391777374208747,0.123668663946446,0.0169988490894522
Q84M97,1,0.203392668313386,0.139772709587758,0.141335286385955,0.197796545299853,0.0539905649356897,0.091626788654972,0.0349671421653085,0.125590072390017,0.0115282222670598
Q7Y228,1,0.168057635246017,0.14250717668345,0.143248482176632,0.164367915282037,0.0733695916173962,0.114801405106905,0.0490468160435865,0.127638642918047,0.0169623349259303
A0A1R7T3H7,1,0.204976215182743,0.169106940982135,0.170554858969278,0.174309811963208,0.0397439914634277,0.115790424724354,0.023296449864176,0.0937013907858682,0.00851991606481091
A0A178UI45,1,0.170903303668686,0.158511874422567,0.159162329514823,0.163859776278926,0.0550456706270524,0.125348339180411,0.0329710046086002,0.115421335366806,0.0187763663321293
Q9FNJ1,1,0.195117575005716,0.165556006261719,0.166812512648061,0.169297476935382,0.0442836844252208,0.11863379565204,0.0301525068932516,0.0982111041200456,0.0119353380585656
Q9FLV9,1,0.201446430864679,0.165001206561752,0.166426924716131,0.177471694409587,0.0413331334633588,0.11279348565994,0.0265567304493817,0.0984978742228255,0.0104725196523451
Q39262,1,0.171152311456276,0.164655257990108,0.165164598387309,0.153816522061861,0.0543867498822771,0.139919252359513,0.034163270447693,0.103125102003813,0.0136169354111486
A0A178UQ78,1,0.184615240201606,0.156491423255514,0.15746805907078,0.174492080221295,0.0500837602317796,0.119000061694695,0.0315652800547509,0.11198610358785,0.0142979916817294
Q9FJ00,1,0.173094055709555,0.152173330618608,0.152942460282407,0.162086180214142,0.0647532423143081,0.121615196093532,0.0406080540314535,0.117379497280299,0.015347983455696
Q6GKX1,1,0.174328582808329,0.144059655083572,0.14496385295701,0.168278134898334,0.0679631668756746,0.112123365429032,0.0472000563155587,0.125010252631691,0.0160729330007987
Q9FI15,1,0.226591785781466,0.148296190574928,0.150286171339646,0.209376015618833,0.0395111696602732,0.0881625694659439,0.0230952830575812,0.106917457295146,0.0077633572061813
Q9FGL2,1,0.154591975061952,0.143363094011958,0.143755109636306,0.1510113207147,0.0806850895834119,0.126128708847059,0.0556627091435943,0.124469185849482,0.0203328071515371
F4KER9,1,0.180520172598003,0.169943398521269,0.170697971798701,0.156534770230128,0.0464341611565983,0.136900474956122,0.0308019683470026,0.0956635639453642,0.0125035184468121
Q9FJ85,1,0.194589056112714,0.171011637279717,0.172185415087117,0.164949804089193,0.0412672122551646,0.125479958962126,0.0273349113895597,0.0923577124084991,0.0108242924159099
A0A178UP56,1,0.157066561880816,0.155445867898512,0.155732537188328,0.143499232392029,0.0716861451733339,0.140266333565031,0.0502220458586541,0.109278871125245,0.0168024049180514
P55737,1,0.19347005042282,0.15861314833698,0.159918766323691,0.173462372303977,0.0512280225294137,0.111113075751025,0.0323389605509326,0.108420865015014,0.0114347387661469
Q9FMA0,1,0.197437304977559,0.138906474435001,0.140321212560862,0.195394204969292,0.0567522216848116,0.0948637719436527,0.036297620737918,0.128754010536329,0.0112731781545754
P29402,1,0.205175533183952,0.154382358762811,0.155912913999049,0.19312512224861,0.0439406066764867,0.101695256034943,0.0242752997790033,0.111643571773165,0.00984933754198027
Q9FH59,1,0.171277088122628,0.157325858291626,0.157954376968745,0.158635148273805,0.0595643627067549,0.129321058427977,0.0394338148824346,0.111179616712824,0.0153086756132054
A0A1P8B9N8,1,0.167580377422989,0.166258723477764,0.166639750292759,0.149646521941546,0.0546979291503581,0.144363140006295,0.035093899810423,0.101251210268838,0.0144684476290276
Q9FGC8,1,0.180322671714799,0.169947715595725,0.170761633275284,0.160835691054038,0.0441755156024382,0.131813244627586,0.0296440287085168,0.0978082978680222,0.0146912015535905
Q9C9Y7,1,0.177054915316521,0.151512281447684,0.152385759969699,0.174140793047812,0.0565637399046311,0.116166312104296,0.0336484160125581,0.122836167471423,0.0156916147253762
Q9LJG5,1,0.19058039582124,0.143298952535186,0.144573407768823,0.185651718721623,0.0608576358696077,0.100269784169211,0.0363088234012568,0.127372174739269,0.0110871069737827
Q8W191,1,0.186002388607838,0.148535958935148,0.149684710590943,0.180926855373642,0.0593518292485737,0.106035038932651,0.0333160015121407,0.125209389881383,0.010937826917681
B3H6U3,1,0.19637675359664,0.157778157813845,0.159083364791759,0.1840282939206,0.0454278960743432,0.109103410291532,0.0263678755788304,0.110466381527787,0.0113678664046633
Q9LVI6,1,0.174304168484814,0.142623490348764,0.143618214720709,0.171724628291675,0.068044147441582,0.105643239985095,0.0465624886807263,0.130279498979265,0.0172001230673693
Q9LJY5,1,0.177557059134228,0.167520609817451,0.168190313253859,0.161224909813658,0.0473354967580868,0.133535083056223,0.0283298602399713,0.102182935379835,0.0141237325466867
Q8RWR1,1,0.208150445079825,0.148791379910873,0.150482529799052,0.1961672481136,0.0456540388740209,0.0952379031514,0.029684739591435,0.114339251391111,0.0114924640886827
Q9LIG9,1,0.243985539872023,0.158853106798388,0.161265455040398,0.208228306350199,0.0290623841574836,0.0876177066846723,0.0160330686257847,0.0880225260412903,0.0069319064297604
A8MR60,1,0.181833617151598,0.165544926118928,0.166383277220096,0.160125687052484,0.0498816223369164,0.130722575245379,0.0322756769145656,0.10080382188969,0.0124287960703435
Q9LK44,1,0.187499298631715,0.137662856536438,0.138919125297132,0.18472455214964,0.0648382880529823,0.097444545935578,0.0433689739661325,0.131844576367835,0.0136977830625468
A0A1I9LNC1,1,0.209541445851746,0.163762150482583,0.165401151723567,0.179170315481011,0.0399433810448728,0.109309531993002,0.0264560323014064,0.0958677627562101,0.0105482283656016
Q38931,1,0.205970904539977,0.155499867978342,0.157075784410509,0.183330361064826,0.0477837349319534,0.103531502982379,0.0295114222852202,0.107461870328929,0.00983455147786382
A0A1I9LS65,1,0.17574030248389,0.147107458912273,0.147983639577027,0.166032953113872,0.0681257241867853,0.115474017933731,0.0444765960751122,0.121001794685689,0.0140575130316201
O22241,1,0.176137037324671,0.169799538135878,0.17049811311819,0.160797392945973,0.0464232783218328,0.13222911917538,0.0274204712110929,0.102590837030363,0.0141042127366197
Q9M1E6,1,0.169830171748027,0.136950269288234,0.137864629061676,0.16735975985895,0.0789068423887811,0.104672651635668,0.0552635819509592,0.13291569591842,0.0162363981492836
Q9SD72,1,0.188029362043771,0.164149891264907,0.165172330768031,0.164119542440323,0.0491287672493202,0.125460680459839,0.03254207685173,0.100278869085558,0.0111184798365218
A0A384KX49,1,0.196057277584925,0.170509110466487,0.171800832018168,0.164703106404255,0.0442526708241227,0.120380617790977,0.0284979387284984,0.0943487813110733,0.00944966487149339
Q8LG70,1,0.175901328733947,0.172095103332798,0.172772459379088,0.158568361095783,0.0425857500646375,0.134901821053015,0.028195494964176,0.0973054870199778,0.017674194356579
AT3G52605,1,0.165602130879226,0.150480437835686,0.151087794180359,0.161485915259431,0.0636053237243105,0.124107907196095,0.0413402931990689,0.121795782970732,0.0204944147550925
Q945M8,1,0.19334439843808,0.154268949079057,0.155619457761259,0.179877802549057,0.0507834552648521,0.106360523848882,0.0335315983746431,0.113609084853835,0.0126047298303335
Q6X5Y6,1,0.199248104717724,0.143745622124105,0.145217924512684,0.188673930577871,0.0567163754724059,0.0970164294257716,0.0363000257225847,0.122134657090078,0.0109469303567765
Q9M053,1,0.168920752787123,0.154153951601758,0.154844547458608,0.158861754728632,0.0641353553844635,0.123585567007379,0.0425967752270534,0.116571912541698,0.0163293832632839
A0A1I9LQ50,1,0.172970463129084,0.166202837176791,0.166802942878353,0.15381550250649,0.0507824589341347,0.136462181871541,0.0360030634042751,0.100069502033886,0.0168910480654449
Q9LY03,1,0.194542539874577,0.159769826864858,0.161124737446457,0.174482425206368,0.0486261345411845,0.110632722198015,0.0321335098411038,0.106708135019544,0.0119799690078924
Q9LD90,1,0.189213411792447,0.157559705365298,0.158764178569442,0.170178459676373,0.0527137741575139,0.113401400638497,0.0359594814677674,0.108695230594169,0.0135143577384928
F4J4P8,1,0.20094999906854,0.155134588168526,0.156570644121618,0.180767534146268,0.0482491405870937,0.106959579461801,0.0323512825960308,0.107624992680457,0.0113922391696645
Q9LZX4,1,0.197850734842548,0.159229824792852,0.160637466351441,0.17996239755404,0.0462095635509298,0.108003830202062,0.0283516614999461,0.10761636935879,0.0121381518473919
A6QR85,1,0.193974644368387,0.167179793071312,0.168410233337495,0.166739173211934,0.0443479307027862,0.120436560736322,0.0305349543667137,0.0966595326265694,0.0117171775784796
Q9LZK5,1,0.197998146026427,0.173447671353882,0.174733636596357,0.166130830522316,0.0395391835711983,0.122837344619735,0.0239692628119176,0.0912187645029021,0.0101251599952652
Q8L649,1,0.202778813241481,0.171300160523274,0.172874085287501,0.174727516909006,0.03651039883287,0.112452410142697,0.0242397967534171,0.0925220619021419,0.012594756407612
Q84WG0,1,0.218681036143847,0.143224557994307,0.145062065944082,0.211076414097314,0.042676091318978,0.0875520845119748,0.0252381698160041,0.116352421686046,0.0101371584874461
Q5XVF0,1,0.177260234519748,0.169185496186562,0.169939486898553,0.157460471157863,0.0494993653050112,0.132188448932471,0.0304449827865467,0.101074908168856,0.0129466060443896
Q9ZPR1,1,0.204546447572011,0.153535516576441,0.155110359362692,0.188944049398672,0.0464585152647281,0.100663101715393,0.0276575653499087,0.111947837640061,0.0111366071200935
F4ISD8,1,0.167514583928665,0.145739588753144,0.146465557747837,0.160090306514537,0.0709870935677635,0.118021400891836,0.0511954463746044,0.121620795719004,0.0183652265026099
AT2G15128,1,0.176299245144286,0.155735014888091,0.156586543572002,0.16655735794599,0.0576410628034793,0.119409588875724,0.0365114392176639,0.116164827154606,0.0150949203981566
Q9SI62,1,0.170333431224312,0.144630610317267,0.145395300272639,0.167923733041215,0.0703321005664849,0.115057130595138,0.0409675458154383,0.129558584999576,0.015801563167929
Q9ZUP2,1,0.174541318123329,0.152852163777745,0.153679307134758,0.160643503426731,0.0642291616158475,0.120907938951586,0.0433165823613295,0.114573752003239,0.0152562726054347
Q9SIL9,1,0.166849782824557,0.165280199658321,0.165735418330788,0.152940809703606,0.0523026332782327,0.138969754503557,0.0345008858157825,0.104232768799067,0.0191877470860894
Q7X8U5,1,0.159466230629457,0.155153206894569,0.155464272906922,0.152034666939138,0.0659377956213819,0.136568382251066,0.0407906212334119,0.115840098755922,0.0187447247681302
O22179,1,0.166604060733632,0.149101248164215,0.149777839801188,0.164285982907761,0.0615998584171004,0.119987340474533,0.0419859655872528,0.123178901967353,0.0234788019469642
Q1PF11,1,0.172126690834743,0.164192952781495,0.16480677028184,0.151205237417566,0.0563773691759111,0.136644198404911,0.0382784078709938,0.101791214238436,0.0145771589941039
Q8L8C2,1,0.174518043357334,0.13876017547202,0.139753853813045,0.170168616360304,0.0744488986420928,0.104712716019613,0.0513204863732286,0.130803382042515,0.0155138279198487
P43287,1,0.157058878184457,0.150718722190645,0.151029515374201,0.151947805479022,0.0698939935941906,0.134264035267206,0.0441657882940114,0.119652018797737,0.021269242818531
Q8L7R0,1,0.168191897662374,0.14854805439099,0.149300455972272,0.157620971167556,0.071264988175217,0.118679268222937,0.0503052338625009,0.119004979598039,0.0170841509481132
Q9ZVI6,1,0.18232938695268,0.14086992403982,0.141945942001506,0.179882742674518,0.0648786490814204,0.104852753215736,0.0424369265803233,0.129281424740304,0.0135222507136922
A0A1P8AZW6,1,0.198831698504157,0.160934720566072,0.162260038023157,0.175239116949142,0.0463390670379765,0.113936190190432,0.0288652452720175,0.102763527508943,0.0108303959481019
Q8L5T5,1,0.164203070279057,0.158012822430143,0.158455955921736,0.158210985327094,0.0584695110031767,0.131926786404334,0.0342867168503531,0.116383516319825,0.0200506354642816
F4IJ08,1,0.184519111866779,0.145547093681216,0.146672462590655,0.174706931879715,0.062722692410634,0.107577093557943,0.0431246011988739,0.121524182327895,0.0136058304862899
Q8LBQ7,1,0.169012772809736,0.145159713083729,0.145946505708914,0.16524754089039,0.071534856021384,0.113913173766948,0.0433136455127099,0.128661898056167,0.0172098941500218
A0A178VR74,1,0.24329436837197,0.132710499660858,0.134919165909659,0.241696298517055,0.0354938506130047,0.0727036607777397,0.0195120539059673,0.112508898365576,0.00716120387817112
O81042,1,0.179349984950893,0.153676323728442,0.154542373050514,0.16968190889947,0.0583136410263006,0.119891980582533,0.0348251614376904,0.116814883291895,0.012903743032263
F4JHN2,1,0.219039018853341,0.151417575907388,0.153281299520151,0.199833169876702,0.0402323975359876,0.0943433262580227,0.0254265439585173,0.105966127141668,0.0104605409482225
P42775,1,0.19827703560924,0.161811214070505,0.163090964420621,0.176051265024229,0.0459209816196267,0.115038093029212,0.0275626207834734,0.102652325652171,0.00959549979092148
F4JHJ5,1,0.180463099629994,0.134399287705649,0.135540196448472,0.179864467148278,0.0730986716964274,0.0970989173816433,0.0502026790561577,0.135954986920913,0.0133776940124653
A0MDT2,1,0.170325321903607,0.154210269802898,0.154866563910811,0.166091777284266,0.0568693299522658,0.124843082148641,0.0346691090207337,0.119036040098659,0.0190885058781176
Q8W3M7,1,0.210408625257441,0.155647037043014,0.157273526664862,0.189210365583999,0.0428244750655612,0.102836825708877,0.0269143097503781,0.104688545858181,0.010196289067686
F4JJF6,1,0.176948643107232,0.170197405047197,0.170824414279062,0.155248208426034,0.0478156174692353,0.138959143633471,0.0293205620155392,0.097636820287419,0.0130491857348105
Q0WPS2,1,0.186008848343012,0.167185634984057,0.168153663881998,0.16478935071112,0.0441738093235398,0.128204375506396,0.0292896924821783,0.098424151580542,0.0137704731871562
Q5XV77,1,0.205018774280354,0.155925827921854,0.15746063074654,0.18861562163717,0.042499049762004,0.104453636978789,0.0279795968323282,0.106285800645275,0.0117610611956859
P58047,1,0.175529747987738,0.139451481321303,0.140410259826604,0.173158385633266,0.0710596586711579,0.106463540950945,0.0488925619455845,0.130551683519115,0.0144826801442859
A0A178UX51,1,0.190069918865471,0.142519954555543,0.14380425526196,0.182601771214749,0.0620321910246003,0.100169325029688,0.040156637465213,0.125959766165384,0.0126861804173901
Q9M0I9,1,0.163084073289929,0.154356237787816,0.154881061828551,0.156038836432027,0.0625484499448155,0.127239633928951,0.0431896844221839,0.116687295679648,0.0219747266860783
F4JL94,1,0.219322130480033,0.164682760480808,0.166530956584661,0.182872164600798,0.0371112339993677,0.105156847310627,0.0238540456916619,0.0917783116346625,0.00869154921738132
O49362,1,0.151802414740803,0.141094026410417,0.141447397292635,0.150209126880965,0.0851124132798536,0.125289103316927,0.0544228413170085,0.128552839364421,0.0220698373969699
O49608,1,0.160156277625519,0.139620491745231,0.140208421955491,0.159434166808559,0.0817365916990562,0.117216626277328,0.0522451564198542,0.131975217777065,0.0174070496918969
Q6DBQ1,1,0.168080016052355,0.165117864404431,0.165610309157348,0.146681275024201,0.057584968544716,0.141295004304148,0.0403706164008698,0.0999842360516996,0.0152757100602321
C0LGS2,1,0.214417672834219,0.156585227526814,0.158366255160587,0.188686002089723,0.0421686125249388,0.100335165237173,0.0268292981815045,0.102808115899588,0.00980365054545101
Q9SZP4,1,0.205441585367255,0.163983369979813,0.165601550294896,0.179369410611288,0.0408768028884852,0.107789078840907,0.0273030428081353,0.098682557311386,0.0109526018978347
Q6R0H1,1,0.157152647843066,0.164722190427438,0.164898814713829,0.143110915759149,0.0569423724459838,0.146979898656313,0.0406681564252509,0.102577926165965,0.0229470775630057
Q8GW38,1,0.167205606735811,0.170300736581692,0.170664187841648,0.152466195128436,0.0495064442255525,0.142932589849157,0.029659491362651,0.101759609142715,0.0155051391323362
Q9C6B9,1,0.144567785977738,0.152402120665971,0.152403456830873,0.134888031726134,0.0748680056295618,0.145359620301533,0.0562803817017747,0.109368077850917,0.0298625193154968
F4K8L8,1,0.154478038253487,0.156499601604248,0.156695815763289,0.142973662887555,0.0698005339746687,0.142409943339057,0.047043399006465,0.110383495400909,0.01971550977032
Q9SRQ1,1,0.164331684577147,0.167694978987085,0.168067074870156,0.148807933412475,0.0501448657795332,0.14193698359502,0.0358390269419328,0.100169914320342,0.02300753751631
A0A384KB34,1,0.151242373086131,0.158356928469446,0.158462619084747,0.138947812008557,0.0668486565267646,0.145586448363803,0.049020339170948,0.106570713839057,0.0249641094505462
Q9SUF5,1,0.152082621956256,0.162898201260784,0.162924037251925,0.136836648657269,0.0618014470183377,0.153272753075221,0.046052645132832,0.10098962598476,0.0231420196626152
W8PV66,1,0.16161643844182,0.162171620969541,0.162448199184785,0.14410701762479,0.0617211463768167,0.146877354536563,0.041886742269482,0.102735720902794,0.0164357596934083
Q9LPD2,1,0.147705819325585,0.126515358035931,0.127070462713684,0.150188104510346,0.101064957084514,0.106158630137114,0.0788902622324649,0.137432848957762,0.0249735570025991
Q39092,1,0.174333878553297,0.134896394056065,0.135874599734637,0.180527480437333,0.0709849429220532,0.10140701016151,0.0448453844397883,0.141750441913508,0.0153798677818082
O23674,1,0.157977922920459,0.114342751878587,0.115272260995091,0.173518517948236,0.100425586258189,0.0845113789060271,0.0718587822291294,0.164976010216578,0.0171167886477032
Q9SA69,1,0.159998856778485,0.132077378573786,0.132774039940783,0.167960975814612,0.0844077453724612,0.10629967281216,0.0502730286081459,0.14691806319591,0.0192902389036579
F4I456,1,0.206850443492402,0.134152263271174,0.135765324871196,0.208779723168443,0.0525232173493617,0.08644249880587,0.0329919742258989,0.131276870413567,0.0112176844020864
A0A178W8R1,1,0.205151564480304,0.129187599510528,0.130773252433021,0.225092221357169,0.0496368012512632,0.0809315637615815,0.0256559756560678,0.143450981363766,0.0101200401862988
Q9LNE6,1,0.167024092210338,0.135645324132183,0.136487608630033,0.174619435152351,0.0772559740826719,0.103477630199145,0.0424350390626804,0.146511692387062,0.0165432041435362
Q9SY84,1,0.174077961887658,0.112914799547956,0.114115666290483,0.194993716518729,0.0890286819640555,0.0769656491490825,0.0517930422335622,0.173910343417553,0.0122001389909207
F4I8W6,1,0.168286839517233,0.12570664673207,0.12668883309983,0.174272890176763,0.0888976005334012,0.0942584343279908,0.060708108137264,0.147446557439799,0.0137340900356501
Q9SAA7,1,0.172266576147448,0.134510663015634,0.135491908612367,0.185067563877063,0.0677297780175233,0.0989036911821452,0.0374606929461889,0.150241290183807,0.0183278360178235
Q9LDX3,1,0.154689112118597,0.116394540322296,0.117228924458252,0.169512770129699,0.109925663195593,0.0884832100931738,0.0611493275947846,0.167469750069918,0.0151467020176864
Q9FX56,1,0.15764544859867,0.126948108617321,0.127666704633398,0.167025062879528,0.0930664020703553,0.101677910715496,0.0557296991226197,0.151902650358859,0.0183380130037538
Q9XI23,1,0.184055836293806,0.129103073535249,0.130323319813811,0.1977181577216,0.0682093647363644,0.0895462105210608,0.036105128699525,0.152679130779859,0.0122597778987254
AT1G18415,1,0.198082695443701,0.134637691785804,0.136076873297526,0.209304870410962,0.0530881403485327,0.0885945875839098,0.0303109869040808,0.138185862463824,0.0117182917616602
Q9LN20,1,0.20407053010056,0.120465375192527,0.122042966943386,0.231760844879242,0.053365725665535,0.074741900858441,0.02870810970592,0.154593932360448,0.0102506142939418
Q8L743,1,0.189213870085099,0.131447014115246,0.13273768329197,0.199065255428918,0.0650647350130694,0.0902451166596833,0.0347504775008972,0.146476238418134,0.0109996094869824
Q9ZVH0,1,0.139479269788135,0.119066080665664,0.119578297221181,0.143719289435054,0.122008484254528,0.100737905106618,0.0915045148569661,0.141625870935085,0.0222802877367697
Q9FZJ4,1,0.162389934790368,0.113709795547027,0.114737607620182,0.180234108583235,0.0938236142474047,0.0815265011444924,0.0687104311231373,0.167933629636286,0.0169343773078668
Q9C8R4,1,0.163836804094018,0.135310096445617,0.136138660502209,0.165343998288527,0.0841343384839221,0.10419195950059,0.0544753016780648,0.139457729870644,0.0171111111364088
Q9C752,1,0.147820925864875,0.110839619347962,0.111627278926687,0.159558082728882,0.121379326405106,0.0855618119367405,0.0872372998411392,0.159383978243565,0.0165916767050427
B7SY83,1,0.17331597514678,0.119701264575058,0.120853302647905,0.186554188963973,0.0838192430734189,0.0843400533334908,0.057256018110219,0.159081207984321,0.0150787461648348
Q9C6J9,1,0.17832968798594,0.130989097178075,0.132139921669828,0.183892733575018,0.0742382286477615,0.0939093194216619,0.0482852463462947,0.14442937229062,0.0137863928847999
Q1G300,1,0.138468966089258,0.119842216003745,0.120292880298765,0.143008717519098,0.119672579696135,0.104098150739462,0.0884501983694259,0.140857185441322,0.0253091058427898
Q9SSR7,1,0.173184988705829,0.124330226621061,0.125415740249043,0.184516971521745,0.0808763301805108,0.0895037956132103,0.0547276071930077,0.153261998062511,0.0141823418530821
A0A1P8AVS4,1,0.150325884032491,0.130043092379642,0.130570925574876,0.153348700425891,0.0941064559789633,0.110527622354777,0.0692621591627557,0.137457889131337,0.0243572709592673
Q84K79,1,0.188766759021446,0.131048508024589,0.132385980485708,0.193889296867997,0.0654434200730938,0.0892425673364745,0.0443472757794902,0.141120417955122,0.0137557744560786
AT1G08043,1,0.135791958375641,0.122816709839546,0.12315537463932,0.137078900398632,0.118360429965612,0.110556348998905,0.0918335304613146,0.132637867760923,0.0277688795601064
F4I9R6,1,0.14986751681468,0.119145548191453,0.119854524414487,0.156532016211672,0.110851234549608,0.0954060679074717,0.081167929851583,0.148481757732087,0.0186934043269579
Q682B4,1,0.150325628596918,0.127395479565121,0.128019231304977,0.15035379224663,0.104358920325419,0.105114469224308,0.0798686676794141,0.13559444507233,0.0189693659848827
A8MRV9,1,0.138086499444827,0.118939753572899,0.119390132647317,0.144158775771592,0.119832874727218,0.103174050599483,0.0869294277134109,0.14387005149844,0.0256184340248125
Q39263,1,0.189631875596151,0.129867164613296,0.131222228709159,0.20011073290789,0.0610405468535045,0.088297180152432,0.0412274734053109,0.143784608878478,0.0148181888837786
Q9C8C8,1,0.16933207740169,0.14309121378123,0.143907452259974,0.173902160247354,0.0625189280605133,0.110365422333498,0.0410695039714579,0.133294398272979,0.0225188436713033
Q9FYF7,1,0.182132603423979,0.137974898760447,0.139098283879807,0.188688473862406,0.0653554968735713,0.0984305909302545,0.0348107890690814,0.141334137629879,0.0121747255705749
A0A178WCY9,1,0.177259911131808,0.118784923906468,0.120002060096679,0.195768588090953,0.0773568755893251,0.0813209685546582,0.0511589698325514,0.163547722624077,0.0147999801734798
Q9SX27,1,0.178836930255579,0.128327207831574,0.129486692550726,0.186550834803205,0.0724798528056187,0.0916244383844357,0.0510688781930648,0.145720530088556,0.0159046350872405
Q9C9A3,1,0.163624102433297,0.134706683161345,0.13546795422665,0.164617892396464,0.0826819334238808,0.107509137203379,0.0583839506803492,0.135736384343335,0.0172719621312996
Q9SSP1,1,0.181770422479336,0.1359355004149,0.137059492280449,0.185076522410197,0.066660432968896,0.0994017946213755,0.0435445937029842,0.137017535432689,0.0135337056891729
Q8LE09,1,0.179360418688984,0.113682994595932,0.114978359743695,0.205756290572896,0.0738109510721848,0.0754289392508101,0.0483680347122712,0.173443768317588,0.0151702430456386
O64515,1,0.178459440987556,0.128515173356388,0.129703095330965,0.185644049904339,0.0747688822067635,0.0900445061764149,0.0513694767533555,0.146840234818803,0.0146551404654146
A0A178UNP8,1,0.151730690144645,0.119018528576608,0.119740296068223,0.165660595883282,0.104175159594675,0.0946033775851661,0.0635900829488197,0.162222177200148,0.0192590919984351
Q9FFZ8,1,0.19582022394023,0.131650741146825,0.133127834957051,0.207225630036244,0.0550056141315024,0.0858823485002976,0.0357716181905626,0.140924994829849,0.0145909942674396
Q9LX20,1,0.161996124382284,0.122599478916009,0.123509002071067,0.168940927893061,0.0971444472655234,0.0928910470991674,0.0655629736663057,0.151055083236275,0.0163009154703084
Q9LX09,1,0.159608592111029,0.109491596458209,0.11049850739009,0.179307468300715,0.104152568376555,0.0786489782659035,0.0694499501187967,0.174392433667368,0.0144499053113344
F4KGT2,1,0.197212139785373,0.142593139411839,0.144072600918053,0.198686047623276,0.0490607591940361,0.0942705613980606,0.0321584748525033,0.126227599814847,0.0157186770020122
Q9FMT1,1,0.154164415923147,0.123685903165039,0.12442918303165,0.161260749861578,0.103419757779896,0.0977339631247522,0.064749181143255,0.151196594191235,0.0193602517794474
Q6NQJ8,1,0.170651483961914,0.116923743778673,0.118055589940175,0.18626122089973,0.0912859795533649,0.0818167241935837,0.0552791685810316,0.166203850449189,0.0135222386423384
A0A178UP49,1,0.140202644796549,0.12082111155172,0.121283093325536,0.145633689970543,0.119926778649776,0.104154130416874,0.0829023873487101,0.14348538226457,0.0215907816757215
F4KBF3,1,0.19952850937899,0.137946648487057,0.139425132787095,0.204955643445295,0.0506651568601808,0.091320593303148,0.032527603985671,0.130429138846216,0.0132015729063471
Q9LDX1,1,0.196968754475929,0.125042757169455,0.126498808128455,0.208517477412435,0.0651359530498202,0.0820440141250829,0.0367493416060538,0.14914032912904,0.00990256490372972
Q84KJ5,1,0.196730458620538,0.135855297466006,0.137345603813761,0.208172709853074,0.0528109208507474,0.0871992218596174,0.0299669944768136,0.139522455653562,0.0123963374058802
Q93YZ9,1,0.166657277377727,0.121644233000216,0.122670885962061,0.178785291146939,0.0924661270630959,0.0878363177877412,0.0563877964894854,0.159818820904526,0.0137332502682085
Q9FM35,1,0.177457999710666,0.136619417432657,0.137654506262608,0.178766408381504,0.0691837462430954,0.102334198311229,0.0469209522763341,0.135213732162695,0.0158490392192117
Q39043,1,0.183562669258056,0.104267613734367,0.105621705473606,0.227181257750355,0.0728840210398427,0.0658360058456102,0.0358284246107033,0.195412676612671,0.00940562567479012
Q9FL35,1,0.168798737015427,0.131090132030166,0.132004843001177,0.171984084540163,0.0872371210671683,0.0999813384275516,0.0531997900068791,0.142913497312412,0.0127904565990563
Q9FI03,1,0.136064739660775,0.121699987620682,0.122085058384397,0.141934183909841,0.108348371853919,0.1061480625341,0.0872060433086586,0.140016689668349,0.0364968630592788
Q9FFT2,1,0.165420873424883,0.132310083076983,0.133167193042712,0.171316702658129,0.0761661672764488,0.102115497571788,0.0563239905790461,0.141184076439927,0.0219954159300828
Q9FGH2,1,0.188452347389462,0.135933085119328,0.137245524487661,0.199545736136054,0.0566018406978071,0.0921125145678508,0.0345969070254227,0.140868111542706,0.0146439330337074
Q9FJH5,1,0.193568020027303,0.114764927359977,0.116230675469016,0.227042472668122,0.0604283337689356,0.0721648813248949,0.0341159121882123,0.169514633311893,0.0121701438816466
Q8LDR0,1,0.159532824794783,0.128332453757503,0.129155130920971,0.166682865592621,0.086180696180468,0.0986858662451541,0.0639942121566186,0.146342339146696,0.0210936112051861
Q9FLK4,1,0.16263562486302,0.13164475255639,0.132426915717941,0.174073816684987,0.0790395112079212,0.102714683218179,0.0464681133531824,0.151436169367724,0.0195604130306556
Q94EI5,1,0.175725991051694,0.129406901502424,0.130480348884666,0.184597158344398,0.0760250482704225,0.0944205375821734,0.0476985218087617,0.148249806877405,0.0133956856780551
F4K6F1,1,0.159667425461762,0.136055537870552,0.136783996135262,0.161307868636553,0.0828358772358171,0.10740001087528,0.0569089273997848,0.137329621347177,0.0217107350378118
AT5G09595,1,0.141585108286466,0.129816262468616,0.130162450513745,0.145196911809805,0.0985110059091984,0.114710591133042,0.0725499460450342,0.136144864558201,0.0313228592758935
F4JZ68,1,0.184554719698403,0.119899819933286,0.121220330364689,0.21518905692133,0.0628953059872464,0.0784704874851901,0.0334255656250099,0.170188870917798,0.014155843067048
F4J5Z7,1,0.157402157130319,0.129144842160758,0.129853491585224,0.160062625201715,0.093525465912065,0.104766004287598,0.0654028813948103,0.140507075397222,0.0193354569302875
AT3G05932,1,0.14336606477887,0.124078050720987,0.124554723594122,0.148898166981404,0.107789105017167,0.106140819853059,0.076891519512955,0.142915210947564,0.025366338593872
O65719,1,0.161254178178615,0.130364887514849,0.131192582577788,0.170661575904102,0.0844667113512391,0.0990661540605016,0.0499360374564776,0.152070612519238,0.0209872604371893
Q9C778,1,0.193586535952697,0.127825921622624,0.129244288566957,0.20277355419261,0.0642509408538817,0.0847874017131408,0.0393854892635921,0.146198251629408,0.0119476162050892
Q9LHA8,1,0.149740212960345,0.129679251594127,0.130253912047999,0.156394107027999,0.0960234470781609,0.105887318659119,0.0599014084365092,0.146851741255856,0.0252686009398858
Q56YQ1,1,0.156824296441552,0.126668145610517,0.127408270174806,0.165054215551079,0.0974424385970879,0.0999845399888607,0.0560709893438184,0.152471766074342,0.0180753382179369
Q9LE53,1,0.17985542103109,0.137503083478276,0.138560580310085,0.181551867672515,0.0696114150094802,0.101461724281328,0.042654885376316,0.136084849575187,0.0127161732657236
Q9LV52,1,0.155190322604887,0.12348201167386,0.124210065111026,0.165955291616982,0.101495509546913,0.0979660289450022,0.057591900907962,0.156952797164306,0.0171560724290619
Q67XL4,1,0.197884784774493,0.133999233551633,0.135474364366076,0.199217307905536,0.0602049005459992,0.0886966099574327,0.036935329673122,0.136013884737193,0.0115735844885163
F4JBC7,1,0.171255146843368,0.117605642573045,0.118743326826964,0.193742742090941,0.077334369487867,0.0821874199371662,0.0525702559670042,0.168798245279818,0.017762850993827
A1L4V7,1,0.171326980286885,0.13019608849579,0.131230771205174,0.177505867333109,0.0785793177670797,0.0954711967715504,0.0550461416402892,0.145202713780737,0.0154409227193858
A0A1I9LNC9,1,0.149851590564004,0.114236703158649,0.115030201286549,0.160280351528293,0.115598241517509,0.0883652666944686,0.0802512722421633,0.157876250285993,0.018510122722372
Q9LVP9,1,0.164569941022596,0.11744144701792,0.118436312315004,0.177894603698634,0.0938949121720308,0.0865082744270193,0.0649878732272621,0.160394182586566,0.0158724535329676
F4J4A1,1,0.15411679390369,0.133480691075072,0.134059314125721,0.156014610230615,0.0875155722408716,0.112169709937701,0.0633583153878763,0.135674894456935,0.0236100986415171
Q9SD62,1,0.163150185179935,0.133402657418107,0.134149855970992,0.169471257252697,0.0826088672013602,0.105924765821573,0.0505003614254902,0.144104341849731,0.0166877078801139
Q9SG11,1,0.156862543590887,0.117165347719382,0.118050371529155,0.169503875406084,0.0993369626588257,0.0881293332570888,0.0712632815642834,0.159778530434068,0.0199097538402264
