ID,Cluster,#1,#2,#3,#4,#5,#6,#7,#8,#9
Q9LQ95,1,0.0147310703939181,0.00988512779053312,0.22280608608277,0.214714924039341,0.192094373060487,0.0834149758321253,0.111543386578633,0.121647823170791,0.029162233051401
Q39092,1,0.0227503659108011,0.0147781996884605,0.208050480887715,0.203298422293973,0.184956443464841,0.0791722280528347,0.119854275200864,0.129088754254478,0.0380508302460336
F4I456,1,0.0157706751489172,0.0104759659190256,0.26787129674285,0.205390894178577,0.211583127815157,0.0521064300452947,0.0988395905048115,0.110536090312423,0.0274259293329431
A0A178W8R1,1,0.0171423386154789,0.0105521033625521,0.240032863010428,0.211704775081826,0.204926455136217,0.0693242579837466,0.105987182876643,0.118798222723508,0.0215318012096011
O23046,1,0.0219141778869597,0.0143460194495192,0.189932217632325,0.187699823406495,0.177623023838776,0.103380668379974,0.130620837206704,0.138494268963372,0.0359889632358748
Q9LNE6,1,0.0254481382119428,0.0163334444318218,0.188256581196996,0.187301185922283,0.177041602010952,0.11247476777619,0.125323340362763,0.134474621816196,0.0333463182708551
AT1G04647,1,0.03019093303823,0.0208877321466382,0.176027803078775,0.153430409726387,0.175611698795861,0.0959610023722406,0.147904055622836,0.154251197110876,0.045735168108156
Q42374,1,0.019254327549389,0.0132212566423962,0.239950924756434,0.18639673355464,0.206721570616758,0.0593402829816354,0.113872526015182,0.125016484273724,0.0362258936098419
F4I114,1,0.0209645079308475,0.0147003705791225,0.214166057558149,0.20969389837442,0.183084773572217,0.081921537273807,0.110064059097348,0.118734307183098,0.0466704884309907
Q9SAA7,1,0.0320812067682613,0.0194922906520502,0.192424195982502,0.176675781826682,0.183063873578393,0.0953179324175239,0.129509203471973,0.139167060746365,0.0322684545562492
Q9SA22,1,0.0206623437219399,0.013743502388784,0.221785008940774,0.186836533563805,0.196471298907363,0.0673810913999714,0.123381858732719,0.132864338919985,0.0368740234246586
AT1G18415,1,0.0189423321866008,0.0119206923267466,0.234971916475217,0.202980281444088,0.203280180597002,0.0645128729407017,0.112456789143073,0.124827082141484,0.0261078527450872
Q9LN20,1,0.0162927419802811,0.0103371733058485,0.248647782143527,0.239619580950778,0.197248096404432,0.0650011950623795,0.0937559767270321,0.105368186825335,0.023729266600386
A0A178WK65,1,0.0130683540969097,0.00871740549120962,0.229910371128156,0.188977068546539,0.20617273168687,0.0690426575935023,0.123604375274291,0.134900848027692,0.0256061881548304
Q9C8R4,1,0.0234907484616837,0.0166619501051965,0.19688135115401,0.189337571900279,0.1807408330103,0.0983704788593264,0.120217453341517,0.129303079530173,0.0449965336375147
Q9C6J9,1,0.018714740210612,0.012990032702262,0.223507670035012,0.215688790195078,0.189082669892171,0.0769349858654835,0.106726447284641,0.116522753184015,0.0398319106307261
F4HRI2,1,0.0193740248121903,0.0130951992106071,0.232009876280606,0.200455290465151,0.19750266595782,0.0651330814156187,0.11249402517077,0.122682528125826,0.0372533085614112
Q84K79,1,0.0187756253804461,0.0130621857292524,0.242345504614654,0.213489922391076,0.197419216304,0.061781543289699,0.101817159329457,0.112551222627928,0.038757620333487
Q39263,1,0.0225497072347802,0.0150988467796174,0.236276709812642,0.200373679067296,0.198706546453961,0.0603371289784483,0.10870272407554,0.119372321505469,0.0385823360922449
Q9FYF7,1,0.0181931749442604,0.0116345054973952,0.210496357610892,0.204633531494354,0.189983562874039,0.0926166526650456,0.117423411220419,0.128458019236362,0.0265607844572321
Q9SX27,1,0.0220231640204658,0.0152543268626126,0.225464746619034,0.215018255930625,0.187351160441467,0.0681646147172863,0.105401560302898,0.114985237007471,0.0463369340981394
Q9SSP1,1,0.0189466491462668,0.0125901293921898,0.22448897210744,0.209435032131057,0.192015870008531,0.0687825763315679,0.113688870707895,0.123436899844275,0.0366150003307777
O64515,1,0.0198500663296578,0.0141674872289384,0.22585019710721,0.216464962695962,0.188857095417919,0.0720492274254296,0.103682681590642,0.113878959836095,0.0451993223681478
Q9LZX2,1,0.0181837152563319,0.0129717833988164,0.20956944515511,0.195359746025428,0.188316246175576,0.0839373605733072,0.119317639297622,0.128930208946412,0.0434138551713976
Q9LZW2,1,0.0257651648902727,0.0157311747344846,0.193580510050859,0.171372371944466,0.186410409836307,0.0893759616088638,0.139411417727791,0.148328172055031,0.0300248171519254
Q9FFZ8,1,0.0237018424672152,0.0157258192434169,0.238870936474908,0.187918386775198,0.20590855812091,0.058075430921761,0.111670943032808,0.123634428275649,0.034493654688133
Q9LXB0,1,0.0156077177458413,0.010868902965915,0.229444093478462,0.219982557015526,0.190394759678878,0.0739166925724826,0.106219363862994,0.115646844445428,0.0379190682344729
A0A178UPE5,1,0.0280670426157223,0.0180777131407833,0.181749019861662,0.167937273835745,0.175336811083661,0.0952559335346899,0.143626494685908,0.149557650844126,0.0403920603977014
Q84M97,1,0.0154700812594506,0.0105084825591375,0.267006151018285,0.195892263461233,0.215044140580244,0.0518304199661852,0.101737118714357,0.11376495832736,0.0287463841137472
Q7Y228,1,0.0232309538226623,0.0154751728139911,0.202943974138453,0.188098109115937,0.184613075382537,0.0808340974880377,0.127693018077387,0.136051367508936,0.0410602316520599
Q84KJ5,1,0.0211014107399852,0.0135398448015263,0.230222513074482,0.185766421549778,0.207893439807368,0.0671529629723029,0.11701908750747,0.130336798646386,0.0269675209007007
Q9FM35,1,0.0222822842425915,0.014847058351873,0.219407261397372,0.199548299590678,0.190300426499031,0.0701822001039247,0.116711744537192,0.125995603669485,0.0407251216078517
Q6GKX1,1,0.0218753097746163,0.0147732512431668,0.216930861288839,0.183994972609527,0.194245047030718,0.0689975910729614,0.124647330264252,0.133822737394333,0.0407128993215875
Q9FGL2,1,0.028353969007201,0.0189249329912035,0.178536632763267,0.168833417419861,0.172007636533798,0.0949988233340396,0.142634937507876,0.148256011148459,0.0474536392942941
Q9FFT2,1,0.0327163997819764,0.0222972216054668,0.197015952038044,0.182954334459467,0.179004902379212,0.0754273564881856,0.123597138047225,0.131835968246682,0.0551507269537402
Q9FMA0,1,0.0151502108974806,0.0100431251949083,0.253960776753836,0.209960105619387,0.206070532426572,0.0552519781046806,0.104586625863543,0.115799181256578,0.0291774638830149
Q9FGH2,1,0.0249304183724294,0.0158070046659804,0.22067050628429,0.183611812975323,0.20053967040985,0.065728138791073,0.122285935903866,0.134198948547025,0.0322275640501628
Q8LDR0,1,0.0302412385502332,0.0218240855740688,0.191293945019573,0.187058324866393,0.174385913202483,0.0864558626341756,0.11944687915104,0.127735834169842,0.0615579168321903
F4K6F1,1,0.0311186577772864,0.0222057761452755,0.188034805288595,0.171856722067912,0.177870149235554,0.0935234594710073,0.12820560855938,0.136517143337206,0.0506676781177847
F4JZ68,1,0.0251321143268215,0.0157364066720941,0.215610496601403,0.213991931928039,0.187947202479987,0.085543482866745,0.10750027910334,0.118785235685063,0.0297528503365072
O65719,1,0.0324405913713343,0.021846597258334,0.184635967054153,0.180645990838548,0.173767329573439,0.110879262397168,0.122631663862414,0.131430637772538,0.0417219598720715
Q9C778,1,0.0161041069600113,0.0109387790397123,0.247665060021627,0.234775238246817,0.195017486116216,0.0646195224487056,0.0944342675796331,0.105152390355562,0.0312931492317156
Q9LJG5,1,0.0146148766130086,0.00983598040250998,0.238829303834872,0.204651194240017,0.20411919688595,0.0684762864052497,0.110233761845875,0.121889055516821,0.0273503442556956
Q9LE53,1,0.0170626737320338,0.011319297694827,0.219392810797836,0.219286804134205,0.188143255415937,0.0774455760249155,0.11218832889852,0.122145198485857,0.0330160548158688
Q8W191,1,0.0154236352389783,0.0101088419528733,0.221608441047554,0.189683616208168,0.203248279134456,0.0769002153580023,0.122791441511358,0.135083565851532,0.0251519636970788
Q9LVI6,1,0.0247822337209715,0.0173516224914641,0.211568642699665,0.17337546222518,0.195965553361499,0.0718822391020662,0.126238252267791,0.136781839683865,0.0420541544474983
Q9LK44,1,0.0180261337549187,0.0123665717483436,0.242633372951345,0.204863352808262,0.200569192363894,0.0626803391304278,0.106240197777672,0.116731522155977,0.0358893173091599
Q67XL4,1,0.0153541228831611,0.0104300556926364,0.256516896326324,0.217546265081931,0.204216990685109,0.0610632654996729,0.0973591488639446,0.108663765300377,0.0288494896668431
A1L4V7,1,0.0212826310002586,0.0150693648123303,0.212535320789052,0.20777112923582,0.184510628943886,0.0776228239231395,0.111310708116375,0.120782376521074,0.0491150166580638
A0A1I9LS65,1,0.017925685477705,0.0120665908276392,0.221522822207328,0.192734483998541,0.195367337411005,0.0733131655532009,0.121505297692116,0.130984765023747,0.0345798518087171
F4J4A1,1,0.033490101697339,0.0228682592056127,0.180854905141958,0.176187317223065,0.169106734336018,0.0955043234198903,0.129458776361105,0.135519591113076,0.0570099915019353
Q9M1E6,1,0.0209351786396258,0.0148715530422396,0.213472519675227,0.199480183503011,0.186586212311343,0.079854644233829,0.114379598947267,0.123626471731438,0.0467936379160195
Q9M340,1,0.0138370922174787,0.008885448992662,0.256058931414391,0.221265647174717,0.206542764712586,0.0571839741683065,0.100636487879309,0.112938978194039,0.0226506752465098
Q6X5Y6,1,0.0136750220711129,0.00937848628091682,0.26609393812032,0.198670684058769,0.214672329952102,0.0544471848710759,0.101771485925665,0.11358980985153,0.0277010588685087
Q9LXT5,1,0.016214286904571,0.0112691550929044,0.245170268872821,0.217811837153742,0.200143212822801,0.0666739457702599,0.0994131930395937,0.110659872378772,0.0326442279645339
Q9M202,1,0.028500395370559,0.0168068443625823,0.207325822578058,0.177748170729173,0.194177803322639,0.0714684021253742,0.131611654931046,0.142652978673215,0.0297079279073531
F4ISD8,1,0.0248437651497783,0.0170447289877068,0.205562656755587,0.173477093567408,0.189454400958428,0.0726646085880557,0.131555439745564,0.139972712688894,0.0454245935585777
Q9SI62,1,0.0229121090618633,0.0145588870209816,0.19810672330589,0.18317647447595,0.185135781504281,0.0937071812222668,0.130912419994939,0.139750353603337,0.0317400698104925
Q3EBU3,1,0.0144253470886613,0.00954252907570603,0.26076469906864,0.209670444967886,0.209944968727832,0.0523243747301455,0.102203211555908,0.114296129481081,0.0268282953041393
Q9ZUY1,1,0.0190998631473955,0.0122901407555533,0.231884217654916,0.213005542848421,0.198248876342109,0.0747291164113683,0.10602723214544,0.118000479504017,0.0267145311907797
Q9ZUU7,1,0.0177831609042187,0.0120866347510782,0.239104522945843,0.221150881121808,0.196015778520776,0.0690465951116618,0.100513703215679,0.111408378535929,0.0328903448930059
Q8L8C2,1,0.0199027229367416,0.0139929535895274,0.222631534881206,0.198973503540129,0.192089441131932,0.0746262471682717,0.112811413052114,0.122351191856159,0.0426209918439191
Q9ZQA1,1,0.0193597756110973,0.0131323609679974,0.240793281735511,0.20842902298476,0.198088600576755,0.0591979183131041,0.106153774330473,0.116678037968142,0.0381672275121608
Q8L7R0,1,0.0223049302581162,0.0157715871467452,0.209949450492541,0.170023468607816,0.194990467247692,0.0746251998197855,0.130066755523388,0.139405482918419,0.0428626579854971
Q9ZVI6,1,0.0183193533709849,0.01215340211103,0.226996844241289,0.203419897267046,0.194916778406686,0.0670984452335201,0.116212080862719,0.12607909223647,0.0348041062702559
F4IJ08,1,0.017502542204879,0.0119475031748743,0.239495923348681,0.190819508567138,0.204274818576129,0.0601318779696369,0.114910518574017,0.125350385384748,0.0355669221998976
Q8LBQ7,1,0.0248978392621725,0.0164439789206741,0.198722944802019,0.173088054302875,0.188259424885043,0.0912967696498854,0.131630240061641,0.140954254163352,0.0347064939523377
F4JHJ5,1,0.0166095268131603,0.0116802827046048,0.232997546493732,0.223960639567157,0.190274094006283,0.0685325793159877,0.102574065273412,0.112467808357992,0.0409034574676705
P58047,1,0.0190430613163853,0.0129559572500689,0.219156398743352,0.205504191144118,0.189308555667143,0.0707025962492782,0.116442591257227,0.125751740062384,0.0411349083100444
A0A178UY08,1,0.036317256777008,0.0226919901281293,0.176454326590162,0.166123454487412,0.170804042118959,0.0927442008582751,0.142280012416325,0.148030685512361,0.0445540311113691
A0A178UX51,1,0.0163804019946332,0.0112416814707919,0.24694910192286,0.198187251204002,0.206498963548605,0.0621044626822456,0.107792829831388,0.119023849498321,0.0318214578471538
Q0WVV6,1,0.0252692578969282,0.0164580608713795,0.211828802150406,0.203287924089203,0.187020813931422,0.0745718846322178,0.115966627829272,0.125970253681884,0.0396263749172875
O49362,1,0.0316187951821165,0.0204430767576178,0.170966268135403,0.166959538977838,0.16629591588767,0.112315215712683,0.141241645722239,0.146339025369213,0.0438205182552207
Q8L4M6,1,0.0215720151581806,0.0137486036971953,0.224153020554054,0.190299157189427,0.19830679917708,0.0622605457844512,0.122840524790399,0.133357511952161,0.033461821697052
Q9SZL5,1,0.0255940824404331,0.0167069935814587,0.228956175967144,0.180862831951579,0.204078275341458,0.060621062876382,0.118359571972874,0.130177292980631,0.0346437128880409
C0SVM5,1,0.0222664404559312,0.0148876906476966,0.21418729151343,0.206135276164713,0.185379097176838,0.0735846914020882,0.115806205617724,0.124693442502175,0.0430598645194042
Q9LPD2,1,0.0326784031523802,0.0238621553947964,0.176054016760783,0.185222565003435,0.160644406738017,0.105389607240205,0.118245835103969,0.124314364660015,0.0735886459463977
O23674,1,0.0227920459235961,0.016463816611462,0.194989278112077,0.24395043717896,0.161863557497486,0.0952565996851257,0.0961610910172582,0.104090418777437,0.0644327551965974
Q9SA69,1,0.0291459214639888,0.018611257133996,0.181387964750111,0.190444647134366,0.168695717508891,0.112072775073484,0.125899245150675,0.133098090391942,0.0406443813925466
Q9SA57,1,0.0339659754121021,0.0254024043733145,0.159007249725888,0.188632994241881,0.145740821221091,0.135441517559658,0.109623831190581,0.115129517778726,0.0870556884967575
F4I8R6,1,0.0240366221548782,0.0169723646571457,0.175439633145109,0.242469025656341,0.148677715450824,0.13927274176923,0.0937677193760947,0.100539076462905,0.0588251013274726
P26568,1,0.0279628700427404,0.0189466450272049,0.165859599704146,0.220489694598073,0.14628579347493,0.175858219646183,0.0964445502671078,0.103641434622903,0.0445111926167111
AT1G04513,1,0.0224006442867062,0.0172458087269075,0.14837053367544,0.281544707587217,0.118577611886663,0.177179812095054,0.0685512564018081,0.0742128035384676,0.0919168218017372
Q9LMJ2,1,0.0290544357161122,0.0222782562293533,0.163982602414286,0.203218986189162,0.146572526289916,0.138713701241141,0.101957820993125,0.108387327065184,0.0858343438617209
Q9LNX4,1,0.0266418083213352,0.0189304904819254,0.158016797705497,0.215300377085479,0.140896861568313,0.1775525711645,0.0984062107989838,0.104738211643685,0.059516671230281
Q9SPK4,1,0.0264712166381473,0.0179188022842599,0.175917499512619,0.1848914490338,0.164617438831312,0.117194743994869,0.128930220789911,0.134597523673266,0.0494611052418154
Q9SY84,1,0.015126750238565,0.0106302341467535,0.214999916141612,0.296334237780327,0.164085922999947,0.0915037084936799,0.0807720038234691,0.089362809381807,0.0371844169938399
F4I8W6,1,0.0167742629276684,0.0118503687926476,0.21087347880325,0.248420478441918,0.172227961204554,0.0867940534199813,0.0983664898861821,0.1066470892638,0.0480458172599984
Q9LDX3,1,0.0196739952942445,0.0136326332564365,0.177206509856174,0.24116010050742,0.152342392635233,0.153370646041311,0.0960112157512055,0.103406787594334,0.043195719063641
Q9FX56,1,0.0262376953485445,0.0171207886667282,0.1813347879053,0.208062130952869,0.163618849592929,0.120568150379693,0.116196176466871,0.123248993395345,0.04361242729172
A0A178WP44,1,0.0265118379755009,0.0189630134857991,0.147309489698879,0.213620242516053,0.129742017680069,0.205603110753678,0.0922804849996768,0.0973635413661637,0.0686062615241812
Q9FZ68,1,0.0286315720679504,0.0202913102674901,0.151328306445021,0.200459767084867,0.13618482503559,0.199658581904394,0.0987712106047092,0.104144689531172,0.0605297370588075
Q9M9R3,1,0.0397435943893917,0.0292673532755184,0.150387315847388,0.187470883405325,0.138262670521338,0.166409218845824,0.103962796285805,0.109616720593477,0.0748794468359325
A0A178W6B2,1,0.0226534165749807,0.0175095243046263,0.146564104504592,0.260337815600437,0.119367896629059,0.153963349615342,0.0729266209377693,0.0782663632420647,0.128410908591129
Q9XI23,1,0.0180691854737298,0.0115838528302134,0.216902357370706,0.228495528698116,0.185364111580379,0.0917113561962234,0.105040967167483,0.115531146534603,0.0273014941485459
AT1G05557,1,0.0271570159132365,0.020773432470254,0.156210225138903,0.245024070793068,0.129893204717189,0.148745527559111,0.0811241506956972,0.0869526230639753,0.104119749648566
Q9LM69,1,0.0254823059264059,0.0193386559356159,0.152674304015078,0.217879413913952,0.133230072566189,0.194775968217911,0.0884533786906467,0.0945578069667611,0.0736080937674394
Q0V805,1,0.0176155184073172,0.0130013229964863,0.191747945613381,0.292168086514219,0.149523653312018,0.100008303814919,0.0809580564679475,0.0882482439996384,0.0667288688740729
Q9LPK8,1,0.0515731111952121,0.0411671531130554,0.129990826229335,0.178893707368402,0.116811344698848,0.176849421220904,0.0865087294827241,0.0908886468158972,0.127317059875622
Q8L743,1,0.0153234330390895,0.00990939917365634,0.22681529314992,0.236849194142306,0.189026888302529,0.0833526744292077,0.10136958789666,0.112082653061759,0.025270876804873
Q9ZVH0,1,0.0277976554996346,0.020793306700812,0.164556484548611,0.193480789294466,0.149051650417312,0.143513802429983,0.108688329267199,0.114186936370219,0.0779310454717623
Q9FZJ4,1,0.0231386562673658,0.0168985837492964,0.203658623144858,0.239403490407395,0.167492593070418,0.0853846496041366,0.0955496517217099,0.103970776664679,0.0645029753701414
Q9C752,1,0.0199377866237652,0.0147184683086179,0.179647941027249,0.256635927534279,0.147795725617046,0.123714863952013,0.0894557323986792,0.0961537136093183,0.0719398409290325
Q9LQL2,1,0.0180794518404355,0.0134721832661708,0.175983434192286,0.27730880156349,0.141602058920846,0.124424311594449,0.0826886562813484,0.0892401197596922,0.077200982581283
B7SY83,1,0.0199460530784856,0.0142444645245685,0.221004891658413,0.241501428122757,0.177446659192918,0.0788408973195948,0.0944853640178057,0.103481318901814,0.0490489231836445
Q9FVP7,1,0.0225008196553849,0.016862736707122,0.158212943089475,0.262539218569537,0.130309790535844,0.15454531890643,0.079791832009217,0.0857678213650146,0.0894695191619755
Q1G300,1,0.0325511292968341,0.0234847023487644,0.160404070100346,0.186435323630203,0.146995033207109,0.144735982095454,0.113011403215167,0.117670391858332,0.0747119642477915
Q9SSR7,1,0.0188931991233491,0.0132113660050294,0.215169416840402,0.239656832854593,0.17738241146599,0.0783889970411,0.100723364976975,0.10990127026294,0.0466731414296208
Q9SYG1,1,0.0401416300868232,0.0336858538941796,0.136742413265191,0.185897546627469,0.121728132839992,0.181778820346241,0.0857863623908833,0.0908818564666132,0.123357384082608
A0A1P8AVS4,1,0.0336360090443407,0.0232322729648215,0.175658114770955,0.182214694722352,0.162731444633827,0.103072699987799,0.125558017452823,0.131256324508841,0.0626404219142398
AT1G08043,1,0.0347599224308966,0.0256605123336212,0.156484959736413,0.173302899173219,0.146305492873654,0.143914242392594,0.118024027916606,0.12198826582189,0.0795596773211068
F4I9R6,1,0.0232474859517063,0.0168949293649421,0.18226164790711,0.225831420376981,0.156323468256329,0.115983429781355,0.101748586966117,0.108443161036277,0.0692658703591822
Q9ZWS9,1,0.026626478668915,0.0185513329475758,0.154388855783015,0.257738879200032,0.129129998468601,0.187567189729006,0.0809835881282761,0.0871201842002453,0.057893492874334
Q682B4,1,0.0231257517627627,0.0172259975531385,0.184917548728751,0.200884368014873,0.164281584239739,0.110255465705228,0.111482824615151,0.118254811751852,0.0695716476285049
A8MRV9,1,0.0337513993253519,0.0239916203788485,0.158450694950201,0.186662776858533,0.145710357898198,0.146352220946029,0.113602523613265,0.118154069651734,0.0733243363778393
Q9CAN3,1,0.0279645330211643,0.0226211752009605,0.146636722042723,0.219460537340812,0.123424066256619,0.155926938776195,0.0788662388844012,0.0841477494048437,0.140952039072281
Q9SH27,1,0.0228907513810433,0.0156857257180179,0.174233161354189,0.308052658828919,0.137830148503142,0.141840594310689,0.0744889632001044,0.0818362239648509,0.0431417727390456
Q9XIQ5,1,0.0291979421305308,0.0212873903528058,0.158165099176892,0.238872159730941,0.133626669535917,0.146960849778038,0.0873971198101052,0.0930495127219987,0.0914432567627708
Q9SRZ4,1,0.0260457328437927,0.0186348830690911,0.159436751806196,0.251582218481552,0.13502671929219,0.156523398724992,0.087128091138717,0.0934125564181344,0.0722096482253347
A0A178WCY9,1,0.0208859272504744,0.0146911922067342,0.222572276700691,0.238527185553957,0.18038167919581,0.0753243590163451,0.096301565093282,0.105970181648539,0.045345633334167
Q9C9X6,1,0.0262117687767057,0.0196555813630025,0.182240774736519,0.231559394453425,0.153487170655996,0.110915889864973,0.0942101824818375,0.101292287777621,0.0804269498899193
Q1G3X3,1,0.0197647546549528,0.0147858309061433,0.1868535297832,0.251319538944614,0.154880818695323,0.120848118804496,0.0900107926229715,0.0977026331397262,0.0638339824485731
F4I0J2,1,0.0251314751792467,0.0178099679352888,0.191136727553934,0.256931821949244,0.156233317384685,0.0981321479193789,0.0916274344668159,0.0992473878284672,0.06374971978294
Q0WP94,1,0.0277311301432039,0.0207835154177871,0.165128956552164,0.239449391801281,0.138448576676475,0.13771987251426,0.0875270873150713,0.0936886652941741,0.0895228042855845
Q9C9A3,1,0.0230388241210016,0.0159243479048341,0.198655362387361,0.201262613350245,0.176773580495099,0.0862413716218407,0.11977847575636,0.127696998521118,0.0506284258421403
Q9C7T4,1,0.0227767662851183,0.0169274100280033,0.189746175097735,0.253604717117185,0.154074984194019,0.107408177265716,0.0885317676713362,0.0958526894445,0.0710773128963879
Q8LE09,1,0.0228925441076375,0.0160310455374813,0.227157215867186,0.235044597492689,0.182657689551825,0.072482188038539,0.0945318869061854,0.104322709211718,0.0448801232867391
O64545,1,0.0253587496362021,0.0188224569627941,0.192225239308818,0.255612606270255,0.156237608151843,0.102580452099617,0.0872728387283107,0.0952528737014078,0.0666371751407522
Q9M040,1,0.0359103478192225,0.0272547804561851,0.160315630910554,0.203900876662364,0.140970013160191,0.133804505811581,0.0972891200410229,0.103069117565068,0.097485607573811
Q9LZ98,1,0.0294435975987957,0.0193974508375564,0.168752622611074,0.207082203767774,0.15242922296381,0.161384480371818,0.105971654650998,0.113120810495972,0.0424179567022015
Q9LYX1,1,0.0352339955223406,0.0223028616654105,0.164907889640515,0.205578408494223,0.14965783601859,0.160046997019343,0.105995689534447,0.112937754962423,0.0433385671427062
A0A178UNP8,1,0.0275699140902356,0.0184526820710683,0.174864064295496,0.21409015210541,0.156033241788276,0.132491537835895,0.109661111661834,0.116245633817957,0.0505916623338268
F4JW83,1,0.0182743679194927,0.0129547512643796,0.15686641080745,0.253107713317955,0.132926918531709,0.20414810524432,0.0835835138283675,0.0899860719828116,0.0481521471035148
Q5EAE9,1,0.0341536917320105,0.0233444918459164,0.161134437031472,0.197786215199396,0.147555715869543,0.165810120606123,0.106162363299668,0.112962395247168,0.0510905691687027
Q9FNM8,1,0.0267265947607323,0.0198996241386191,0.16027775560757,0.276066857381403,0.129351933634558,0.1617110026368,0.0743134034140842,0.0807418094986394,0.0709110189275948
Q9FIB4,1,0.0326576255824701,0.02610471137438,0.141837615332469,0.187044670684687,0.127451566824533,0.163686160799823,0.0937066913152213,0.0984471458849759,0.12906381220144
Q9LX20,1,0.0204236850521654,0.0146365096059184,0.201414104298076,0.235894556424081,0.168044447204309,0.100896966083189,0.0989755902769727,0.106987425567471,0.0527267154878174
Q9LX09,1,0.0183982684994774,0.0132493333448638,0.197437925615243,0.279449303534316,0.156586293212009,0.0990426516516633,0.0858871040283931,0.0936467117049053,0.0563024084091298
Q9LEU3,1,0.0353320952259969,0.0235639657517396,0.173724696394102,0.222176820265847,0.152296860761665,0.119422650838271,0.103068738212246,0.11002454760511,0.0603896249450218
AT5G01935,1,0.0399627619574655,0.0317882105846053,0.136589478330761,0.187807028658225,0.121659884922551,0.184785317612871,0.088248799036831,0.0928692958448919,0.116289223051799
Q9FMT1,1,0.0258199478201766,0.0181427241845151,0.182507862516247,0.206811700470264,0.162439382274091,0.129707121865342,0.108438875054126,0.115745172111334,0.0503872137039057
Q6NQJ8,1,0.0172569876456853,0.0123028093950383,0.212471148772235,0.262858890822285,0.16956083290031,0.0972034157700057,0.0888358096971442,0.0976840227810794,0.0418260822162175
A0A178UP49,1,0.0276717637573738,0.0196469760978229,0.160015820074401,0.194641752891649,0.146422822406289,0.155599274857113,0.112403328530903,0.117366013192992,0.0662322481914569
Q9FMY3,1,0.0248401571268738,0.0181302100666524,0.169003296424417,0.255399815150102,0.140055108225197,0.136354601290117,0.0862209400019738,0.0925389401026281,0.0774569316120384
Q9LDX1,1,0.0120338562839988,0.00808612515622362,0.249264861683638,0.27855547014906,0.184472112817339,0.0667131860334183,0.0829635586148715,0.0929177319017457,0.0249930973597044
Q6R3K9,1,0.0245747323685736,0.016890903389949,0.158560712586148,0.229635503341341,0.137993575716317,0.189446362868267,0.0929348585122552,0.099078292184507,0.0508850590326426
AT5G03805,1,0.0349592867675641,0.0258939094742763,0.151537005210493,0.205668647784852,0.134174047468855,0.192724458024207,0.0910685537335897,0.0972552696250032,0.0667188219111601
P58050,1,0.01818267866748,0.0131886056664227,0.157624881976439,0.256720996111907,0.132373969028046,0.187708356904607,0.0837963809031818,0.0897684029547218,0.0606357277871951
Q93YZ9,1,0.0179241064832549,0.0127770896055378,0.203215696802133,0.24208055964837,0.170872782832309,0.104905246899382,0.0978801968594103,0.106895836384127,0.0434484844854764
A0A178UHX4,1,0.0329305845743357,0.0229159597633782,0.171782985090005,0.21348689000322,0.151463683371615,0.120375152095222,0.105247762629096,0.1115337666393,0.0702632158338268
Q9LS16,1,0.0223089643115755,0.0162569593202102,0.195096265789762,0.275798513556278,0.154205438865225,0.0965775988198073,0.0836977963909598,0.091371063619694,0.0646873993264879
Q9FF28,1,0.031904827689886,0.0217332613002188,0.162314695201119,0.23985197665661,0.13912278520347,0.151859808882372,0.0918156821053947,0.0981313632786096,0.0632655996823193
Q39043,1,0.0126537877085052,0.00847636706894453,0.215916271408635,0.334716805817826,0.159872851992654,0.0884875303536876,0.0731152994484985,0.082010862317035,0.0247502238842135
AT5G06395,1,0.0264040941022297,0.0199536150475861,0.166074213105128,0.227089108193691,0.141753361085993,0.135330604559497,0.0927909357728081,0.0988954637565326,0.0917086043765342
A0A1P8BGN8,1,0.0210032418262923,0.0149495821372167,0.160214398511692,0.307669896638903,0.127302292726873,0.161458308698679,0.0723469048231888,0.0786826020030354,0.0563727726341202
Q9FL35,1,0.0154700873962665,0.0106586730739716,0.20443828933537,0.245110108572916,0.171948395418873,0.10087112443584,0.102540279227301,0.111108840676613,0.0378542018628491
Q8GX37,1,0.0290666487566522,0.0224222739148006,0.173696116057574,0.237167946659378,0.145600375446552,0.120340637047904,0.0879803003873081,0.0950918313579325,0.0886338703718985
Q9LUE8,1,0.0273432794166432,0.0217828051463024,0.153796788691523,0.244710408190921,0.12600951267788,0.142275576745435,0.0760116104768013,0.0817922195259716,0.126277799128523
Q9FHC2,1,0.0195668918879509,0.014111066863164,0.187429294533854,0.301299528358672,0.146020162674589,0.112582100026864,0.0782145151466082,0.0855745893466828,0.0552018511616155
Q9FI03,1,0.0505698764079548,0.0374463644581388,0.152893492422141,0.159357801031137,0.146945128783737,0.116072107072009,0.124462885150724,0.1286752461585,0.083577098515659
Q9SPG6,1,0.0291159607928046,0.0203789546566076,0.158375136514307,0.200227094133701,0.143668823133474,0.162437902695621,0.108200040379344,0.113372217130282,0.0642238705638589
Q6NQ88,1,0.0173722931231207,0.0124941074347499,0.165228655547469,0.343137259670166,0.126288976267441,0.14547014163596,0.0665469198048875,0.0729151760947513,0.0505464704214548
AT5G60022,1,0.0243523505452426,0.0185256870561676,0.136012488666011,0.223242298259513,0.116357104525947,0.222868307906172,0.0783158920396697,0.0832286466983052,0.0970972243029719
Q9FJH5,1,0.0196712521843264,0.012897776121905,0.238832734371314,0.240784073681704,0.19039249338031,0.069798315103306,0.0933521137428736,0.104344280584237,0.029926960830023
Q9FLK4,1,0.0318687163051176,0.0198339671065551,0.183429563315805,0.18546934276709,0.172537124784153,0.103041568062672,0.128363663317724,0.136271732901813,0.0391843214390702
Q94EI5,1,0.0183288329865339,0.0124189555270661,0.214418865873452,0.228812567913664,0.181700129972562,0.082310259386701,0.107094256438296,0.116437664332713,0.0384784675690131
Q9FM06,1,0.0163753149566348,0.01144134774323,0.170251581676406,0.328816991378083,0.132635539839166,0.150641983364208,0.0712055220647603,0.0780143161899313,0.0406174027875816
Q9LV76,1,0.03077209917464,0.0233411192460778,0.149548020461129,0.238814382147879,0.125139816781255,0.163074711871579,0.0794964588722259,0.0850366016483396,0.104776789796874
Q9FKQ3,1,0.0209249645224642,0.0156595173559268,0.19293559892144,0.260863722941619,0.155675034316128,0.0993935263581716,0.0872983555278872,0.0950192577331341,0.0722300223232303
AT5G09595,1,0.0449837992419813,0.0312889454884138,0.157971218266657,0.15901836367197,0.154037028038004,0.113980440164729,0.134528298100046,0.138731901778274,0.0654600052499257
F4J5Z7,1,0.0253797452674272,0.0176446457883757,0.191004886542731,0.205510432276396,0.168761501271047,0.101203446491229,0.114186420812047,0.121233591205713,0.0550753303450349
Q9M8X0,1,0.0409398876865347,0.0277923889799342,0.154878516287561,0.206506866065576,0.138233354182649,0.176681596517299,0.0957970678565432,0.102068017514288,0.0571023049096143
AT3G05932,1,0.0345523274437892,0.0242974413379839,0.164634639391806,0.183837999595826,0.153040696864766,0.127710999969323,0.120045454910582,0.125307038560863,0.0665734019250605
Q9SFG2,1,0.0220322681780365,0.0153037249205433,0.161012365605072,0.260412649438491,0.133945510140104,0.194187992255906,0.0805298064851102,0.0871653128075,0.0454103701692371
Q8RWU3,1,0.0314191418784034,0.0228123489276242,0.179968888124642,0.224038844114811,0.155356494951783,0.109357897809076,0.0990931324113191,0.106635676853725,0.0713175749286158
Q9LHA8,1,0.0375104016225539,0.0258009204770378,0.168018713389298,0.169371163670659,0.161943053696524,0.126743638245347,0.127201808970759,0.133983994262631,0.0494263056651907
Q9LDH9,1,0.023999851376324,0.0176689660082152,0.194205005276475,0.247475663820322,0.159265680985175,0.101563002819861,0.090952886913901,0.0987691930732113,0.0660997497265155
Q9LD39,1,0.0304650716875325,0.0232309254310684,0.179002804219738,0.210396394570424,0.156382320297529,0.107371133383675,0.101404035283051,0.10883234605951,0.0829149690674712
Q56YQ1,1,0.0250841929772,0.0168759132929697,0.180051839602932,0.203933277346767,0.163192975951232,0.136053384742956,0.112648142954594,0.120170378445612,0.0419898946857377
Q9ZNR6,1,0.0189862039685244,0.0135309969590698,0.161712987456127,0.293153575986372,0.129865833185321,0.186893992544838,0.0721827103174239,0.0789228381501066,0.0447508614322171
Q9LS58,1,0.0423330025827644,0.0336968528396454,0.141216715487744,0.207646630900391,0.121333718329976,0.151223392254971,0.0812858621182227,0.0864190993129789,0.134844726173307
Q8RXZ9,1,0.0416362461067838,0.0307793978526581,0.174034645046541,0.19869514696826,0.154556828072458,0.102559832642549,0.10449776596434,0.111579961400539,0.0816601759458714
Q9LV52,1,0.0234599462014579,0.0156659064230143,0.175948696042576,0.215617745748825,0.157330472128,0.145056576662382,0.108831136820466,0.115876340696165,0.0422131792771136
F4JBC7,1,0.0278457554805988,0.0192010329276906,0.209832894634418,0.214532156754064,0.179110383370458,0.0778731985858804,0.105780379590646,0.115094429448343,0.0507297692079017
A0A1I9LNC9,1,0.0233218282104282,0.017213963917819,0.18303673595477,0.231586728428865,0.15486097781563,0.125114024254529,0.0959016678375165,0.102895345639035,0.0660687279414073
Q5D892,1,0.0279575139331827,0.0215937399972505,0.15987295539493,0.221583260778555,0.135989108494263,0.14510920314604,0.0885423292404645,0.0941762721562728,0.105175616859042
Q9LVP9,1,0.0204562935239412,0.0144914932995423,0.205138709800925,0.253072854272685,0.165915757276602,0.0895334440483992,0.0942600062510496,0.102225914182648,0.0549055273442075
Q9SD62,1,0.0240858239118136,0.0157205382214848,0.188825323985117,0.202306343234948,0.172302515608717,0.102419528013585,0.122875610174219,0.130773013623799,0.0406913032263156
Q9SG11,1,0.0271186691626413,0.019586373861571,0.192961246310454,0.222016719239941,0.164599982392599,0.097738223944338,0.101790300269266,0.109648770572619,0.0645397142465704
Q9M2Y3,1,0.022483258835079,0.0159039108521617,0.149981447784038,0.236705154101194,0.127799500608123,0.228538914321166,0.0811976600839202,0.0872421724388444,0.0501479809754739
A0MF15,1,0.0258085278237375,0.0181833068188746,0.171878687990238,0.197918695818406,0.156760591644676,0.12930138728309,0.116708399671386,0.122467443847727,0.0609729591018643
A0A384KP76,1,0.0169228189226543,0.012130331194854,0.226959965678321,0.229452891584535,0.185401962330602,0.0765688677679721,0.0995767337600352,0.109122222785116,0.0438642059759106
A0A384KU05,1,0.0298321430591497,0.0194956251628008,0.174178642697084,0.190223291440082,0.161845175927501,0.130277073096011,0.121617971110247,0.128084985277846,0.0444450922292802
Q5M721,1,0.0186114638069376,0.0125119451885728,0.205104983444065,0.259774523116797,0.168263713738138,0.103136526511435,0.0940637715957296,0.102942912057889,0.0355901605404358
A0A1I9LSN5,1,0.0192988464555934,0.0150998344128101,0.134658866815943,0.255570958876289,0.109878039395979,0.208666938607718,0.0672939268834112,0.0722276381114979,0.117304950440758
Q9M1G8,1,0.0255809280183509,0.0176441297601807,0.188471892028129,0.217581592773357,0.165195454928104,0.125854634950896,0.10364033498125,0.111949312262574,0.0440817202971577
Q93YN8,1,0.0159343872677704,0.0114873684742162,0.190449273691026,0.25414840320799,0.158756199111649,0.124729432999634,0.0943240058950704,0.102000743815753,0.0481701855368915
A0A384KHD3,1,0.0222207430104328,0.015430385664306,0.22817872652962,0.233051711858975,0.18355693079821,0.070028458778989,0.0963423016666138,0.105967638228179,0.0452231034646745
P0C2G1,1,0.0324242595536532,0.0248611258378305,0.171343314017235,0.19207528638915,0.154090435428367,0.121972701683565,0.107319960931307,0.113718302181813,0.0821946139770786
Q9M1B9,1,0.020751749439123,0.0144679885994537,0.157724395266139,0.247090971473979,0.135014296147765,0.199338199207038,0.0860725672517059,0.0926829348445486,0.0468568977702477
A0A384L327,1,0.0271427890015676,0.0178108106268248,0.177277808566632,0.212086468631706,0.158919466220769,0.138741655802975,0.109217720670179,0.116585824066801,0.0422174564125462
Q9M205,1,0.0195694985970158,0.0132644813321248,0.177273059953407,0.252868723584533,0.151119434316202,0.144696010597678,0.0957010160297712,0.102959797457941,0.0425479781313264
Q9LZZ6,1,0.0446005333385833,0.0348701590561974,0.143659615957083,0.173253418967659,0.132932343417678,0.158600104330859,0.103313196609133,0.107886189540898,0.100884438781909
Q9C5W9,1,0.0168257313114415,0.0122821468685324,0.199978791507471,0.306147467893286,0.153152702658207,0.0924977470254263,0.0783081908881064,0.0861970470301463,0.0546101748173831
A0A384LDD2,1,0.0225752949376226,0.0155402144106779,0.165132015976707,0.245922327775275,0.140929786215735,0.171424155933823,0.0910519390079896,0.0975374800632346,0.0498867856789347
Q9LY72,1,0.0206801341422969,0.0160284425236529,0.131372926024461,0.277354375639943,0.104807940216674,0.24076116283024,0.0602880171075424,0.0653783668134037,0.0833286347017867
Q9ZU51,1,0.0174191416489318,0.0112242425452776,0.217562564595798,0.219008224814702,0.189867550432035,0.0897309212103433,0.108803228412444,0.120008551262359,0.0263755750781092
Q8S9N6,1,0.0200995040822624,0.0134699105892742,0.1884800108928,0.199505671372695,0.173744692767403,0.110780283198122,0.123906409509137,0.131976608354679,0.0380369092336273
A0A1P8B2G5,1,0.023579772254089,0.0173126683376724,0.185084242967756,0.27821768945646,0.146654650314706,0.104988380027176,0.0819680215002274,0.0891004850562224,0.0730940900856914
A0MEI7,1,0.0300816538056517,0.0222394039091444,0.167589999069936,0.187909576657862,0.153222741992606,0.134672555101301,0.112899851453279,0.11846898433796,0.07291523367226
Q9SJ39,1,0.0301276994349251,0.0211171896470529,0.15243388748573,0.210673701529821,0.135251957268925,0.182494433368627,0.0975979212799934,0.102823812366811,0.0674793976181151
B3H6X6,1,0.0239568303366256,0.0177289557831661,0.159609848328703,0.204264369223232,0.143013435318076,0.159469954059593,0.104591962438753,0.109857005034291,0.0775076394775603
O82333,1,0.025236986936175,0.0171010316202963,0.16535001267661,0.217712574687924,0.146814347997884,0.173908071765429,0.100635884681373,0.107271204152677,0.0459698854816323
O22752,1,0.0338847938156338,0.0257894078595247,0.158087571587802,0.20683754177788,0.138627194523294,0.133836643113821,0.0963304123859877,0.101991846797416,0.10461458813864
Q9SL41,1,0.0467404437901915,0.0332906158764134,0.142519320525894,0.193288281337552,0.1287853929725,0.175257173455287,0.0958285377458166,0.100896515950789,0.0833937183455557
AT2G07305,1,0.0420755380016871,0.0309722448670305,0.164771726498754,0.174734713759209,0.154643012010019,0.117552320214339,0.118655056314559,0.12472732469556,0.0718680636388429
Q9SIL4,1,0.0222979296875918,0.0160312685761614,0.18277879994152,0.269541008145045,0.150086720418799,0.127520880094802,0.0854118992145966,0.0933760914067318,0.0529554025147514
Q9SIK3,1,0.0194007217693039,0.0147506081829845,0.170332826289653,0.274887020844862,0.136662190188516,0.136161076116465,0.0788668699620362,0.0852573327187083,0.0836813539274719
AT2G24545,1,0.0344714696534734,0.0226968122662339,0.170399123055561,0.228163523630893,0.148442116267826,0.130643413874332,0.100265563996688,0.106924771707258,0.0579932055477341
O80982,1,0.034407774181717,0.0250312490359033,0.160444382744762,0.188348020944059,0.148563410986433,0.15273417280292,0.110166489240963,0.116613154731502,0.0636913453317413
Q9ZQH2,1,0.0305128394786649,0.0244896659333085,0.145265675165284,0.21985916387134,0.122061670778246,0.150856083080708,0.078418810730031,0.0835885679159896,0.144947523046428
Q9ZV35,1,0.0185654163847322,0.0134826501914183,0.196932233047709,0.242335032165544,0.163937158763671,0.101099087547727,0.0982494389416945,0.105890102587422,0.059508880370081
Q9ZV34,1,0.0231514644545376,0.0179106716743922,0.169108598198963,0.252896269778098,0.139159232487889,0.140809726054815,0.0820970514736529,0.0887907615948383,0.0860762242828138
Q6DBM8,1,0.0363795812120433,0.0241135214925363,0.166356179668672,0.190213735542978,0.154549536748808,0.130557171681573,0.118295969082112,0.124373855614703,0.055160448956575
O22951,1,0.0373518549434182,0.030525621675254,0.136932697422989,0.216410282237971,0.11525040793563,0.155745700720375,0.0740845547406385,0.0791501045479559,0.154548775775767
Q6IWB2,1,0.031550476885587,0.020976346509342,0.173764561429858,0.219553108886981,0.154003200193963,0.131640537420531,0.104891849742202,0.112165123527667,0.0514547954038699
A0A384KD48,1,0.0247493462863916,0.0176653180161355,0.213448045952109,0.222731006617082,0.178738619529515,0.0817717573362668,0.100325678560073,0.109703763974123,0.0508664637283045
P30302,1,0.0225833134469429,0.0152937299619162,0.172713602548443,0.223063012763339,0.153515599578778,0.152019372318479,0.104907562460398,0.112095675647525,0.0438081312741795
