ID,Cluster,#1,#2,#3,#4,#5,#6,#7,#8,#9
Q6R0H1,1,0.0170820891362508,0.0170115805915346,0.188489208915938,0.351504259938209,0.17869034739986,0.194447723291775,0.0170408526256218,0.0185828167958171,0.0171511213049939
Q9LNJ0,1,0.0195844237003847,0.0197256629307984,0.177623215377782,0.36999097501923,0.168190532606489,0.183424208822841,0.0196266084525392,0.021883249680937,0.0199511234089996
Q0WMJ8,1,0.0131896431721141,0.0132175557889774,0.152280273392864,0.4793172169646,0.142251183763446,0.158548174284449,0.0131904141612411,0.0146531331919836,0.0133524052803257
F4HVZ1,1,0.0188010608420678,0.0186624279674201,0.161651681569372,0.423029022366137,0.152011495795439,0.16753982335112,0.0187300823669665,0.020753534605429,0.0188208711360489
Q94KD8,1,0.0122393334251177,0.0122015881576922,0.164019698182809,0.449579354061242,0.153753500196126,0.170395854989163,0.0122159448600796,0.0132958152085389,0.0122989109192323
Q9SRZ0,1,0.0268550449646967,0.0269769664782423,0.195057906197549,0.281619217542334,0.18550391035355,0.200318305975364,0.0268848879553169,0.0295383479121988,0.0272454126207491
Q42523,1,0.0152379258947962,0.015168781926174,0.18086381516895,0.383526539361542,0.171268297190292,0.186884036593152,0.0151993450238202,0.0165595778214027,0.0152916810198711
A0A1P8AWD1,1,0.0193960906879612,0.0192972174664867,0.201426600126094,0.300772688346632,0.193342668096378,0.206190388397192,0.0193453109723269,0.0208013531780733,0.0194276827288557
Q9SCW7,1,0.022929387500248,0.0231355941847927,0.165643768136736,0.388204996775532,0.156060771931213,0.171405929326422,0.0229927228933768,0.0261970474133213,0.0234297818383589
F4I2R3,1,0.0167468001811862,0.0167559270498063,0.208210545748904,0.292392212132428,0.202252435390177,0.212074845670149,0.0167405923543932,0.0179421410342316,0.0168845004387241
AT1G11175,1,0.00926048611300659,0.00921515863105697,0.169193662977786,0.449715897525726,0.158102323321621,0.176081599116553,0.0092365505162854,0.00991698290514237,0.00927733889282235
P23586,1,0.0170917076304281,0.0170889298460304,0.204302328115426,0.303572691538266,0.195642073368225,0.209507706563198,0.0170790575551306,0.0184851900608468,0.0172303153224497
Q8LDI5,1,0.0234351225765716,0.0232688416599401,0.184095821396092,0.332178772028779,0.175170233759531,0.189385824744576,0.0233500210541079,0.0256607497240462,0.023454613056356
Q9LMX8,1,0.038391299792293,0.0379483417235486,0.171085864286481,0.293933815652215,0.16427662180794,0.175086919849602,0.0381783329941414,0.0428375269515257,0.0382612769422537
Q9M9R6,1,0.037154806175832,0.0366413830801657,0.179015479378206,0.278082659770093,0.171713023933599,0.183138566033291,0.0369155737255382,0.0404487622975702,0.0368897456057041
Q9LQV2,1,0.0255523652877225,0.0254966049661078,0.166988460047513,0.371592938380014,0.158098380717698,0.17231817611759,0.0255092901600305,0.0286910496694164,0.0257527346539066
Q9XI60,1,0.0249259689710032,0.0247305085004075,0.18982530523528,0.308731851796001,0.179429013593492,0.195681356318032,0.0248293253876525,0.0269299329349385,0.0249167372631936
Q9XI37,1,0.0228774340754867,0.0226400057421155,0.176078359249345,0.359686134532294,0.166553676381224,0.181669616738971,0.0227631798574924,0.0249284287565573,0.0228031646665139
Q9SA49,1,0.0143243917332337,0.0143996351815443,0.215572761711315,0.282788641008039,0.208847885937272,0.219767924420288,0.0143457792355126,0.0154305757465071,0.0145224050262883
A0A178WBQ2,1,0.0132468773162783,0.0133398163349476,0.16590810610458,0.438255811271603,0.155405382635993,0.172382225274102,0.0132747273866345,0.0147065521092465,0.0134805015666144
Q9FZ66,1,0.0239838563646362,0.0238558808988797,0.189497378159954,0.31444609166429,0.178705829967596,0.195562799959689,0.0239159928346931,0.0259876194052169,0.0240445507450442
Q9LN65,1,0.0123328680067821,0.0122721641145484,0.160676775200849,0.45966951750213,0.149476255723779,0.167490921410701,0.0123000583041662,0.0134145668244192,0.0123668729126264
Q9LM84,1,0.0266559580072084,0.0264225634265169,0.176715724443109,0.337708174574421,0.168532979998454,0.181587945397506,0.026539402610046,0.0292055076690404,0.0266317438736985
A0MDN4,1,0.0187920370253691,0.0189076701833393,0.166250960878899,0.408418010910965,0.15610459605168,0.172389222401205,0.0188229288272959,0.0211890769911136,0.0191254967301338
P61430,1,0.0262609169146423,0.026135189706288,0.178803373369104,0.333679081830224,0.169184472759821,0.18438869435744,0.0261864740143385,0.0289847238907076,0.0263770731574346
O49303,1,0.019869931209749,0.0200403282018443,0.203593417157318,0.290193497608923,0.19651881073354,0.20787642339942,0.0199242965819714,0.0217405712724549,0.0202427238347791
B9DGG8,1,0.00665419890665505,0.00661275855940536,0.201381749339261,0.367247839706876,0.188267386400889,0.209554134079397,0.00663411275706124,0.00699852199481726,0.00664929825563766
A0A178WN36,1,0.00928910814500348,0.00929692968019592,0.160145888606767,0.476687311988899,0.148235815473298,0.167573489781569,0.00928623259069169,0.0101073716572137,0.00937785207636246
Q9LQ31,1,0.0245014750383637,0.0242701410024683,0.200174210829016,0.280861965030334,0.189546949297334,0.205918721705661,0.0243938679097762,0.0259172227010536,0.0244154464859932
F4HZZ4,1,0.0128891817737706,0.0129711922181592,0.206992301419359,0.316629515419174,0.198362875461918,0.212255582590884,0.0129157233774933,0.0139021359001178,0.0130814918391239
AT1G07407,1,0.0122257131391811,0.0121990929102678,0.185975329083193,0.385415022532715,0.17289333490406,0.193682289623989,0.0122079085048823,0.0131112065542977,0.0122901027474137
A0A1P8AMQ8,1,0.0242907962244406,0.0243777869514836,0.16342707058906,0.387660207479914,0.154767550101805,0.168733049736349,0.0243027687257701,0.0277691530487781,0.0246716171423994
Q9C748,1,0.0146752191314082,0.0146674536713283,0.20239418759375,0.323477291234665,0.190512140208929,0.209054672416268,0.0146622755210332,0.0157792002072773,0.0147775600153408
Q8GX22,1,0.0193413336090094,0.0193272838058374,0.168181627444559,0.400112531374324,0.158647980347823,0.173976259429478,0.0193203854677834,0.0215766049464069,0.0195159935747789
F4I1N8,1,0.0270188591701754,0.0269249943896629,0.169483346524364,0.356611071075168,0.161054327683862,0.174517194282399,0.0269600053874707,0.0302496466616531,0.0271805548252432
F4I7X9,1,0.0120704480739924,0.0120365156160179,0.177909692703046,0.409307423567335,0.166847810446246,0.184641888483756,0.0120491760607358,0.013009334354509,0.0121277106943622
A0A384K9V1,1,0.00646110372873336,0.00645473492311529,0.150293896798917,0.520889326693547,0.137918074951699,0.158067404689243,0.00645450880352869,0.00695682214415368,0.00650412726706313
Q9MAG8,1,0.0278765061923846,0.0278932064624878,0.191415873394973,0.287871620087295,0.181360418638287,0.196975534828563,0.0278610358681491,0.0305846493338828,0.0281611551939776
Q9SYF0,1,0.0348937637694378,0.0353988261752548,0.18027200412403,0.280502276172568,0.173948735020431,0.1840541405382,0.0350658955981294,0.0399856209818714,0.0358787376200769
Q9SYB0,1,0.0177305866314228,0.017686328996823,0.169326925896291,0.404979230842249,0.160058605542039,0.175093247108063,0.0176999077266363,0.0195773518175676,0.0178478154389075
AT1G08507,1,0.0397651447168382,0.039720751161065,0.178493996188062,0.263762075814464,0.172628743870695,0.181883343208496,0.0397270197848656,0.0439538748135964,0.0400650504419174
Q8LDN8,1,0.0235912008974399,0.0234600619441989,0.170952966079,0.370469225789259,0.161948158593936,0.176325292568338,0.0235197982194837,0.0260712469568296,0.023662048951514
Q9CA37,1,0.0227605873065224,0.0228130052778869,0.163814267511413,0.39477831793114,0.154932216644316,0.169234597294077,0.0227611947055914,0.0258351837442374,0.0230706295848165
Q9CA34,1,0.0159458594067271,0.0159679132650364,0.170563119178908,0.411244560867539,0.159385457072958,0.177206034520503,0.0159432459524923,0.0176257930899713,0.0161180166458649
Q9CAS2,1,0.0110139696890387,0.0109672798992986,0.200778069521531,0.346732126152876,0.189605076711794,0.207199006793644,0.010989114731353,0.0116833995178998,0.0110319569825651
Q94BQ6,1,0.0209385010565853,0.0208031136903541,0.171262490809991,0.383109963891133,0.162051532410211,0.176843907853933,0.0208663313069779,0.0231421364580792,0.0209820225227354
Q9SSN7,1,0.0146694193427121,0.014591505627782,0.17600642347695,0.401202048254632,0.166002184747276,0.182245281297839,0.0146274763347032,0.0159479250786227,0.0147077358394823
Q9SSN6,1,0.00711110095551298,0.00710582129535173,0.185759882920705,0.411308805560979,0.173155721459974,0.193683963915661,0.00710454529958737,0.00761201619429568,0.00715814239793388
AT1G09533,1,0.0339490581737919,0.0337229916189627,0.18603241440645,0.272542703754542,0.178997404423221,0.190029038907556,0.0338379988388235,0.0369121384978068,0.0339762513788464
Q9FRL0,1,0.0190914627705078,0.0188619039580366,0.185041958325532,0.353073488880843,0.174235213516132,0.191303080706611,0.018986172127004,0.0204322803373562,0.0189744393779774
Q9SYQ8,1,0.0231115329762892,0.0231667204740023,0.163010058194523,0.395459168579861,0.15403911809216,0.1684795581448,0.023112946731121,0.0261893650895247,0.0234315317177193
Q9SGZ8,1,0.0195708584399927,0.0195217862653763,0.1746143608163,0.380017437206251,0.164687309116283,0.180651719327043,0.0195339691825616,0.021691065904372,0.0197114937418206
F4IBV1,1,0.0213112665663735,0.0212687702409858,0.17259121884058,0.377403685741435,0.162640548880939,0.17851891022862,0.0212793816096679,0.0235208608301005,0.0214653570612984
B6EXY6,1,0.0272398734756585,0.027367845094772,0.16853095907734,0.357292464907345,0.159391647852711,0.173988312117625,0.0272675952751989,0.0312162740743441,0.0277050281250057
A0JPZ8,1,0.0135394434464016,0.0134004301331586,0.194948012794222,0.351345480847546,0.183700927684734,0.201726323476259,0.013474965657189,0.0143841541854456,0.0134802617750444
Q9LZS0,1,0.0173853262272286,0.0173896483687662,0.173808484625549,0.394501979758338,0.162125051981321,0.180748399237112,0.0173745579443754,0.0191110366306723,0.017555515226637
Q9LXB5,1,0.0195737897739465,0.0195432561479343,0.16052939738292,0.422270471461043,0.150114310471178,0.166811792605756,0.0195444354249786,0.0218678443161371,0.0197447024161064
A0A178UJV5,1,0.0148977966095162,0.014837568083577,0.201265795937531,0.323966581454163,0.192797650632979,0.206469750714653,0.0148649570476497,0.0159607166243973,0.0149391828955343
Q94A21,1,0.021402472276918,0.0213421497405194,0.160849859235883,0.411567790413284,0.151343166471898,0.166598274511645,0.0213593981652137,0.0239812349772511,0.0215556542073882
AT5G15845,1,0.012962231437815,0.0128995399369122,0.218467116087968,0.283972370244,0.208224626931098,0.223999303273628,0.0129308374723212,0.013576943347821,0.0129670312684361
Q9FMD9,1,0.0189094756217697,0.0188954908866488,0.168795466133166,0.400456547400146,0.159395519198917,0.174544447619634,0.0188872766794073,0.0210341045354057,0.019081671924906
AT5G02575,1,0.022474900215865,0.0222855561396497,0.184142714726387,0.337202996093972,0.175184567151098,0.189490236395531,0.0223815772943521,0.0243820965278951,0.0224553554552505
Q9FKP2,1,0.0244450461554222,0.024382655530637,0.162024471013541,0.391850771734596,0.15326387621038,0.167366237046597,0.0243978282453592,0.027629903801686,0.0246392102617813
Q9FK47,1,0.0199801562053213,0.0197327639142197,0.187180697769893,0.341702613115118,0.177505388194863,0.192805306257678,0.0198668147588614,0.0213806461012776,0.0198456136827669
Q8LBH4,1,0.0217669597665418,0.0220216928529511,0.191188704779538,0.31799357734848,0.182268800687445,0.19647953448251,0.0218549291902542,0.024150946621767,0.0222748542705127
A0A178UKY2,1,0.0238862706922785,0.0236322064823331,0.180939063666664,0.339497030104855,0.172835873501854,0.185766248785854,0.0237672057046109,0.025889399785084,0.0237867012764668
A0A1P8BDT4,1,0.00910217808994127,0.00905497163324352,0.214478702890416,0.314622360814495,0.204501052658456,0.220503827040113,0.00907866587157028,0.00955379942439673,0.00910444157736867
Q39152,1,0.013887924567714,0.0138798935840759,0.152399502920713,0.476007201213402,0.141510385312481,0.159037017430191,0.0138738553295481,0.0153914788822324,0.0140127407596428
Q9FFB6,1,0.0203479021597726,0.0201356292664525,0.196888926957378,0.309626380476195,0.189708767675533,0.201168532290257,0.0202506594956713,0.0216316444815052,0.0202415571972345
A0A1P8BD57,1,0.0271635042860825,0.0271323800419615,0.162832138100979,0.37521920291199,0.154134740867183,0.168060156014891,0.0271264896437207,0.0309014776865864,0.027429910446605
Q6LA42,1,0.0164954403341881,0.0166552314159587,0.186183199512579,0.360070067297873,0.177196934157802,0.191721227498919,0.0165480488888804,0.0182943038363279,0.0168355470574723
Q3E965,1,0.0196796224651233,0.0195739091115956,0.209017260488616,0.276693028392337,0.202043046679197,0.212958677214878,0.0196279076334604,0.0207258831968306,0.0196806648179616
Q94AZ2,1,0.0254025908593632,0.0256681524109847,0.177732091355023,0.33875941122799,0.169421946380231,0.182754422371317,0.0254912360935764,0.0287882179882641,0.0259819313132516
B9DGI8,1,0.0133637169372225,0.0132849186075716,0.176852769374579,0.405861964364904,0.166302770525727,0.183206830658844,0.0133226564379421,0.0144264661109696,0.0133779069822408
Q9FIW4,1,0.0151165386001041,0.015016820178431,0.208915906035672,0.302348390377866,0.196779254014438,0.215603911105141,0.0150673202405873,0.0160451954042013,0.015106664043559
Q6NL09,1,0.0244565886777306,0.0243633413567911,0.16893470229945,0.371699091992523,0.159720757463539,0.174454953913605,0.0243974623383006,0.0273692389293802,0.0246038630286805
Q9FKR0,1,0.0116383107763205,0.0116873968737681,0.203580799896873,0.334808914707935,0.192265504635057,0.210065733692875,0.0116513699443517,0.0125218671653743,0.0117801023074448
F4KBM7,1,0.0228373493364913,0.0229879525802163,0.176994307157792,0.355464677231018,0.167100209075762,0.182791108273432,0.0228802869709093,0.025699225125224,0.0232448842491554
Q93ZL5,1,0.0155771555458132,0.0155261001945707,0.159677625219775,0.445070784842304,0.150191393322284,0.165573774690334,0.0155448418985725,0.0171746956035653,0.0156636286827818
Q9FM39,1,0.0315137128593145,0.0320457906401296,0.188546263400435,0.273234408793411,0.182966983604925,0.191940476984172,0.0317005786216258,0.0355861249879615,0.0324656601080258
Q9FLM1,1,0.00814210842141519,0.0081212021942023,0.226104185267699,0.284899145346736,0.216121096566518,0.231753348313137,0.00812958660504541,0.00856277612121352,0.00816655116403388
Q9FJV7,1,0.0122594730074763,0.0122207964411422,0.198751907587132,0.346109688678116,0.187964772610177,0.205033201358077,0.0122363978637689,0.0131215720654434,0.0123021903886689
Q9FKU8,1,0.00867313060596656,0.00864054901257324,0.191820241560596,0.38581968084797,0.178705001581301,0.199735681219061,0.00865459024540368,0.0092529444482936,0.00869818047883497
B3H7I1,1,0.0256219462674676,0.025755418109804,0.189276768452892,0.305160956586306,0.179487428828377,0.194792694723742,0.0256570527285508,0.0282279790678942,0.0260197552349665
F4KD45,1,0.0115526765212209,0.0115503642636689,0.156451227536263,0.476174661785697,0.144991355913817,0.163442239526037,0.0115432961438523,0.0126409949794751,0.0116531833299693
Q9FHI3,1,0.0158369807168794,0.0159158958768089,0.209447863539272,0.294994696526008,0.199814898689116,0.215060210985217,0.0158614368936056,0.0170173741130935,0.0160506426600003
Q9FNL7,1,0.0272635422170199,0.0275323611557971,0.190072293508104,0.293724581367325,0.180481482364927,0.195433215611933,0.027351264974977,0.0302954698911152,0.0278457889088021
Q9FL35,1,0.0182168646288979,0.0182599646289026,0.17932990599499,0.371856094843264,0.170931666838476,0.184608772198448,0.0182206427689435,0.0201362720840042,0.0184398160140741
Q8L7W2,1,0.0140139451710208,0.0138687974170493,0.186240203179352,0.374380538940565,0.17640336537195,0.192281403750377,0.0139470541069709,0.0149150955613083,0.0139495965014065
Q9FI31,1,0.0186699252997238,0.0187347493197193,0.192363490103368,0.332472692236182,0.180877844666893,0.198851841467397,0.0186836601473519,0.0204400171369794,0.0189057796223861
Q9LUA9,1,0.0114187882749448,0.0114144549690957,0.17449710513348,0.423069620089432,0.162379870543347,0.181889890115193,0.0114093243072232,0.0124090770337815,0.0115118695335022
Q9FJK8,1,0.0115133537174899,0.0114247344430231,0.168666113541453,0.439742362374935,0.157807621042663,0.17546528469551,0.0114694588501594,0.0124049128119816,0.0115061585227851
A0A1P8BC76,1,0.0250069899386729,0.024810446345658,0.188803579982822,0.311627091686931,0.177911419386292,0.194914926577664,0.0249092419968824,0.0270164773263875,0.0249998267586904
A0A1R7T3B9,1,0.0147611882996092,0.014694155241173,0.166829186452523,0.429234913126435,0.154979750789154,0.173865100699757,0.0147233513474448,0.0160991626281026,0.0148131914158021
Q2EF88,1,0.0126110212371734,0.0126674785293355,0.177816662665207,0.406553151307986,0.166518626701737,0.184603908602234,0.0126250648194388,0.0138184577799089,0.0127856283569797
Q9FKT7,1,0.0108298755003122,0.0107553459960996,0.213772043525065,0.308473275056294,0.203704914568989,0.219477833066189,0.010793930184061,0.0113835236385943,0.0108092584643964
Q9FJS9,1,0.0114799507535192,0.0114963322914022,0.186886748911347,0.385956400270041,0.174385567902015,0.19430053276361,0.0114795304026617,0.0124246826027552,0.011590254102649
Q9LTH4,1,0.0057766287534014,0.00577205703624416,0.167654951112019,0.472865706858466,0.153908470754819,0.1762594322682,0.00577136622102713,0.00617771658070049,0.00581367041512245
Q9LST3,1,0.027162446258828,0.0269657347609135,0.191236547227924,0.291294847668232,0.184331641240185,0.195339990272866,0.027062030215714,0.029442064674008,0.0271646976813301
Q9XFI1,1,0.0110309820753758,0.0109863762066199,0.165968552534013,0.450490372330288,0.154782856926497,0.172748307205239,0.0110059983535155,0.0119208468989847,0.0110657074694669
Q9FKG5,1,0.0174094498608026,0.0174430652822454,0.207812371735419,0.291470238518832,0.198925991453538,0.21310932863885,0.0174112791699727,0.0188215222475433,0.0175967530927969
Q9FIS1,1,0.009921434492279,0.00988918672098147,0.199228031101381,0.3566717466088,0.187322933030293,0.206555058260638,0.00990286158594605,0.0105512968082376,0.00995745139144315
Q9FFQ7,1,0.0251914197836333,0.0252850498311904,0.169790686865458,0.364656247388349,0.160474451717059,0.175290492297447,0.0252082116677341,0.0285360632884664,0.0255673771606624
Q9FLG3,1,0.00968549579591462,0.00968395501024319,0.179554663871277,0.416238203893989,0.168088219543327,0.186831416658483,0.0096783547723834,0.0104747105404785,0.00976497991390354
Q8GW83,1,0.011748356914438,0.0116612602665594,0.154970142900131,0.479569906831457,0.144128019957422,0.161701465220697,0.0117043935667185,0.0127661613329122,0.0117502930096646
Q9LVR0,1,0.0104529924494273,0.0103836726875518,0.212004013912426,0.316598532458067,0.199774559054211,0.218910026099835,0.0104192447316833,0.0110174684717289,0.0104394901350696
Q9FJX5,1,0.0171396848993229,0.0171719111012699,0.196183163421103,0.32800000662338,0.186193372739679,0.202122623615549,0.0171402420899053,0.018719744063909,0.0173292514458813
Q84JF0,1,0.0140879594955288,0.0140472312840748,0.164833283735065,0.438515804656226,0.152898402203712,0.17201596005871,0.0140622235613105,0.0153728616063787,0.014166273398994
Q9S7I4,1,0.0162614579223822,0.0162148721189452,0.195809049943821,0.334559882526166,0.185138219840011,0.202056874042805,0.0162331422691444,0.0173922324293672,0.0163342689073579
Q9S7Z2,1,0.0122386882656636,0.01226508942318,0.187698056457001,0.378449045909843,0.177392620780135,0.194043693943313,0.0122408402319949,0.0133004437359528,0.0123715212529174
Q9SCW5,1,0.00826318379077243,0.00824045523206531,0.193093879273678,0.384885087154199,0.178695113154217,0.201494189653832,0.00824922702737751,0.00878532752745085,0.00829353718640691
Q9SFC7,1,0.0153436938094494,0.0153557125831784,0.175879363098808,0.397728494118722,0.165724984936376,0.182215986829504,0.0153371262349855,0.0169098867838909,0.0155047516050858
Q8RWU3,1,0.0174757565360298,0.0174121273656217,0.165947653743767,0.41681584068768,0.156211115061814,0.171841569312932,0.0174357308439209,0.019295587069179,0.0175646193790561
O82133,1,0.0135401972445042,0.0135369392635758,0.208372881184426,0.309915830175282,0.199654225756066,0.213356358211486,0.0135314045549582,0.0144650119539411,0.0136271516557612
Q6R2K2,1,0.0135783677802377,0.0134570045065981,0.183519977651833,0.384753057736619,0.173206235745585,0.189906625912479,0.013520173687302,0.0145126673103932,0.0135458896689531
Q9LJR3,1,0.0249498457362144,0.0248795012473049,0.167232491003072,0.373681159512241,0.158532790520288,0.17253327526264,0.0248980219553414,0.0281515336123079,0.0251413811505909
O48652,1,0.012641709195742,0.0126317247396907,0.186845360475374,0.379304085504007,0.176424842195692,0.19310713411878,0.012629417889089,0.0136865350914642,0.012729190790161
O04311,1,0.0139359574732211,0.0139420648221647,0.160373697727363,0.451539595669421,0.149870965649102,0.16692840108296,0.0139280972890764,0.0154023325393796,0.0140788877473124
P42736,1,0.0166456211469092,0.0165207653507594,0.196019899465633,0.332444671931028,0.184739705947615,0.202544483937123,0.0165838818715959,0.0178684161679487,0.0166325541813885
Q9LJ64,1,0.0187893906562836,0.0189348701314327,0.204534243854243,0.293260404885382,0.19671786156723,0.209223960581146,0.0188343565594041,0.0205797608096161,0.0191251509552622
A0A384LCB2,1,0.0187112015339339,0.0187551241621473,0.158374764046067,0.432684151734416,0.148148123698188,0.164560650722665,0.0187127903505407,0.0210915890523219,0.018961604699721
Q9LJK8,1,0.0155453870495244,0.0154144400263026,0.212958978975658,0.288356047170385,0.201245835920381,0.219246582756853,0.0154845523947545,0.0162573320320632,0.015490843674079
F4IXJ9,1,0.0289134348419663,0.0289221444043839,0.167592456769067,0.351971651759379,0.158666061798078,0.172866025373049,0.028891876361569,0.0329319103732075,0.0292444383193003
Q9LHJ2,1,0.0361238674222565,0.0367678089031986,0.182373510801309,0.267433522009206,0.176141499389017,0.186033887108916,0.0363488832843795,0.0414838370469229,0.0372931840347936
Q9LUI6,1,0.0270121696479398,0.027126517835607,0.164303531958551,0.370756943068267,0.155825182388041,0.169438434235725,0.0270318056055472,0.031043818716707,0.0274615965436159
Q9LV52,1,0.00805701637965908,0.00807391160468394,0.167195995077608,0.461894988178671,0.155023196052033,0.174807082751387,0.00805843353522908,0.00874632519320575,0.00814305122752342
Q67Z56,1,0.0247202463499862,0.0249257730233257,0.201568637881794,0.272303282959439,0.193389230053754,0.206185266614699,0.024786009077234,0.0269393409590536,0.0251822130807147
Q9LSG4,1,0.0155729376561641,0.0156125340007172,0.191096170187426,0.351819135952403,0.180083165127908,0.197554031727747,0.0155793262036758,0.0169340482156291,0.0157486509283292
Q9LW35,1,0.0194721387026958,0.0194582803826157,0.158280017402091,0.428858854328652,0.148917229526135,0.164025646176535,0.0194507627386077,0.0218785394457781,0.0196585312968887
Q9LJA2,1,0.0227224845913706,0.0227441779876531,0.203970111447068,0.276403144140224,0.1946490510544,0.20920737957681,0.0227171130077622,0.0246445018172175,0.0229420363774945
Q9LRU5,1,0.0320686015414759,0.0317762116367391,0.177885099281527,0.30651955050267,0.170232440291953,0.182331967694028,0.0319282267270542,0.0352422019638395,0.0320157003607126
Q9M170,1,0.0105538725118833,0.0105160741489425,0.163713058556723,0.459160492506906,0.153305147527926,0.170192066325297,0.0105313524945179,0.0114320775816842,0.0105958583461199
Q6NMA7,1,0.0157574389444972,0.0158419812930156,0.181674256871363,0.37853934714584,0.170922626607037,0.188087305044126,0.0157791518013276,0.0173954684796839,0.0160024238131094
Q9STY7,1,0.0244189995965732,0.0243179906438655,0.163980125059763,0.386784321513649,0.154556293286463,0.169609377051,0.0243564541136532,0.0274163457694652,0.0245600929655672
Q9C5L3,1,0.022144171349098,0.0223529967900746,0.178769378925287,0.352686947764023,0.170074383481488,0.184103434294835,0.0222085057390506,0.0250306291927399,0.0226295524634039
Q8L5Z2,1,0.0237912160065286,0.0237749059812485,0.167329433746113,0.379576468694614,0.158368936430852,0.172711703765221,0.0237658177320479,0.0266675787058923,0.0240139389374827
Q9STT6,1,0.0301944632545459,0.0305960002417541,0.18377792645788,0.295558335416771,0.175914346029897,0.188347378339861,0.0303309032891996,0.0342904139596524,0.0309902330104393
Q8LPK0,1,0.0236681609478752,0.0235382504541185,0.178775781660643,0.347084498895451,0.169403003900671,0.184229622651683,0.0235999441073123,0.025976512122767,0.0237242252594788
Q9STL5,1,0.0149671454665587,0.0148532949121032,0.180899563921108,0.385465610379651,0.170521111737855,0.18724929253596,0.0149110221630422,0.0161732026443869,0.0149597562393347
Q9SN17,1,0.0213996767995335,0.0215139661254827,0.19365819460324,0.313870925205837,0.183431769136827,0.199466133678894,0.0214313798691313,0.0235039656008091,0.0217239889802454
Q9SN06,1,0.0164474707087674,0.0166163476293185,0.189669431697174,0.350633474585729,0.179256221558291,0.195884551059959,0.0165031056641939,0.0181898861079435,0.0167995109886233
F4J3C0,1,0.0294104187563886,0.029787742913046,0.185259073015501,0.294710837620679,0.178439101730377,0.189369544490897,0.0295365281880424,0.0333193046832987,0.0301674486017701
Q9M1I2,1,0.00968389314438957,0.00971462903842504,0.221588591631324,0.290492600624334,0.21130377556037,0.227425385552507,0.00969100479841422,0.0103155102962506,0.00978460935398537
F4JE23,1,0.0220420811965579,0.0218260965351103,0.197357584616189,0.301924440903476,0.1855884970935,0.203858996088758,0.0219415971266193,0.0234963906601989,0.0219643157795911
Q9SV37,1,0.00892189754090017,0.00889855881180377,0.162063347698146,0.472949815517829,0.150549384273725,0.169121273571304,0.00890682117426447,0.00962512215961614,0.00896377925241079
Q94AL3,1,0.0181724763131646,0.0183152136067242,0.181012046768598,0.367647427082111,0.170828703758181,0.187109509845061,0.0182155946215791,0.0201824095584696,0.0185166184461121
O82089,1,0.0160925499721472,0.0161077674727592,0.192344452917642,0.345295059759258,0.181399472327294,0.198908257234705,0.0160880707441643,0.0175109457810899,0.0162534237909403
F4J3D9,1,0.0226303088680365,0.0223835274214688,0.177128559227439,0.358287177908464,0.166741930416716,0.183182055942706,0.0225131769658332,0.024586779044471,0.0225464842048656
F4J3H8,1,0.0170372138916815,0.0169757308158987,0.163192879656596,0.427705773306463,0.152641715710103,0.169510761923752,0.0169988947661674,0.0188119056529211,0.0171251242764177
Q9M1B9,1,0.0205886820258752,0.0206614287683106,0.186838488559645,0.338563815721749,0.17635288103186,0.19295085917624,0.020603459470947,0.0225752356087472,0.0208651496366255
Q9LZZ4,1,0.0245498400619661,0.024652644159138,0.169774907035875,0.367813584494267,0.160490791923456,0.175332472489012,0.0245686655809542,0.027874704105187,0.0249423901501449
Q9M272,1,0.014066342365806,0.014155935333209,0.189038258345008,0.36463422464976,0.179428477262357,0.194864171034747,0.014092786186555,0.0154295510086472,0.0142902538139106
Q9LZJ1,1,0.0175128478118315,0.0174283620457319,0.187344872386414,0.353412885143502,0.176991056718631,0.193407430906459,0.0174677157207363,0.0188796965926712,0.0175551326740245
Q9ZVR0,1,0.0124859829952709,0.0125091996625658,0.187810827029896,0.376727608439436,0.178030979784759,0.19380860052744,0.0124881299677607,0.0135281778990515,0.0126104936938204
O64511,1,0.0290838738006482,0.0287437301052015,0.178663259627621,0.319398949540158,0.171461935565701,0.182999170000245,0.0289249895879228,0.0317782833354361,0.0289458084370672
F4ISD8,1,0.0212072029002644,0.0211478284099175,0.16550053949878,0.399198430273368,0.155228342614344,0.171594646592323,0.0211662469237539,0.0236072582175893,0.0213495045696608
A0A1P8B096,1,0.0276056033511119,0.0277057317412028,0.192369778248567,0.284755423592506,0.184925395592341,0.196732152396501,0.0276299983115588,0.0303015949700819,0.0279743217961305
O82199,1,0.0116641326729282,0.0115714165299329,0.190500038911547,0.373672367544608,0.180343121164208,0.196629926944937,0.0116200930290762,0.0123629338381423,0.01163596936462
Q6NLQ7,1,0.0229119620079288,0.0228874634396442,0.191324096903695,0.31423401038298,0.180143602509686,0.197605455884501,0.0228870186730223,0.024918822993735,0.0230875672048068
O64812,1,0.0340685397638718,0.0339227767286938,0.174987551163908,0.303335627071486,0.168140022517858,0.179102340190876,0.0339830005854019,0.0382132107677236,0.0342469312101811
Q9ZNV5,1,0.0179120546085151,0.0179771416203167,0.180945334564393,0.369906312192267,0.170197206534502,0.187261422573873,0.0179252538966217,0.019722872803763,0.0181524012057494
Q8L7D0,1,0.0220078112784213,0.0219057296500531,0.179193550376405,0.355184496714038,0.167819695607853,0.185728897683691,0.0219510457345516,0.0241173537123965,0.0220914192425901
Q8LEV3,1,0.00999873824125031,0.0099395851566153,0.16128306046356,0.469430604512373,0.150620743568317,0.167965874480638,0.00996820864000054,0.0107827160444724,0.0100104688927733
F4IVR7,1,0.0231467833230447,0.0228600097557047,0.192999167552439,0.308945703892923,0.182487244574589,0.198909721859484,0.0230156883541489,0.0246390422863594,0.0229966384013077
P93017,1,0.0116928250733525,0.0116142247432029,0.198676467213894,0.348720398340708,0.18901619122519,0.204578573159905,0.0116543774452086,0.0123647612295465,0.0116821815689933
A0A178VQ81,1,0.0153648705520516,0.0154702457086134,0.199322213461523,0.327687895964508,0.18928268417564,0.205176370500759,0.0153981867153473,0.0166868032270591,0.0156107296944987
Q9SJM6,1,0.016029512547515,0.0159899355996724,0.157244708857373,0.449999747858744,0.147589023347848,0.163239428239008,0.0160011639759346,0.017766450896812,0.016140028677093
Q9ZUT8,1,0.0251884164763829,0.0253179051444421,0.168128999526809,0.369222714867666,0.159154702027499,0.173476251534109,0.0252187398868361,0.0286795662426459,0.0256127042936093
O80912,1,0.0197990207625081,0.0199003176165859,0.202739529896547,0.295114921344814,0.192249961084242,0.208662200404847,0.0198267727218887,0.0216167363433462,0.0200905398252209
O80961,1,0.0181884787450988,0.0183562885656474,0.189759674018498,0.340663235130148,0.180938836051353,0.195182185277584,0.0182427477270225,0.020110828915215,0.0185577255694334
O80959,1,0.018085609932494,0.0180944161425076,0.16787079255841,0.408374959395346,0.156561031844217,0.174556145183026,0.0180743947297193,0.0201085581275583,0.018274092086721
O80644,1,0.0156365942497275,0.0155920384855433,0.177354121940963,0.392218754413292,0.167305841224786,0.183451579790645,0.01560677106526,0.0171118505218098,0.0157224483079737
F4IGZ2,1,0.0110759472401496,0.0110792553162521,0.168942616736823,0.44221917426825,0.155393715028177,0.176995492745059,0.011070127620553,0.0120509262879972,0.011172744756739
O22230,1,0.025864278295641,0.0258779548316705,0.167259423357247,0.368921543051012,0.157980433489308,0.172767765669115,0.0258477750669054,0.0293209825772262,0.0261598436618754
O64882,1,0.0118315838006936,0.0118548396340047,0.174460856440524,0.420446386190805,0.163626525033384,0.181123808619636,0.0118338040413742,0.0128652179837939,0.0119569782557848
O80506,1,0.0320659621571765,0.0321919608804773,0.165280039915813,0.341276014123402,0.157348151783423,0.170036062569049,0.0320843586598471,0.0371180126154334,0.0325994372953789
AT2G09745,1,0.0133332452623383,0.0132241321953775,0.194702153900948,0.35353004133244,0.182918389677552,0.201593659270059,0.0132807183234378,0.0141144235292529,0.0133032365085953
P92973,1,0.0289688576336555,0.0288063744295733,0.168959137936576,0.347899328993207,0.160998095546526,0.17377662130188,0.0288755557345862,0.0326239215388302,0.0290921068851651
O22901,1,0.019167844680818,0.0192431366630146,0.15744180772324,0.432711359491935,0.14770494215956,0.163410053876206,0.0191826191649981,0.0216738913594294,0.0194643448807991
Q9ZSJ2,1,0.0310551008198258,0.0310542344802382,0.188461805387436,0.280389574611136,0.179109509337053,0.193600432667306,0.0310336628483365,0.0339552539308138,0.0313404259178538
Q9M0Y3,1,0.0220316772080647,0.0220931413520246,0.167784315399715,0.387707967035706,0.157072045918589,0.174107764156581,0.0220379237402442,0.0248248937058603,0.022340271483214
O82500,1,0.0196450457075229,0.0197238324086242,0.20940420021213,0.275667852437872,0.200816975437926,0.214205035948174,0.0196685650652594,0.0209888692227632,0.0198796235597279
F4JP36,1,0.0363566324371443,0.0363229284069479,0.171339141108641,0.302097463925444,0.164061814293103,0.17560061208835,0.0363106364729192,0.0411972839597346,0.0367134873077167
Q38838,1,0.00934957786911545,0.00933899519341649,0.177630371441411,0.424297146667249,0.165686767668084,0.184904339540877,0.00933965046852019,0.010044805501475,0.00940834564985296
F4JS75,1,0.00959721616387497,0.00958234315117039,0.177893722495565,0.421463517289692,0.167353889482255,0.184555119387099,0.00958556279261876,0.010314720601064,0.00965390863665977
F4JT04,1,0.0258881035375764,0.0255028225702122,0.186878660799471,0.312359574018301,0.178318356302138,0.191859379073752,0.0257135243171775,0.0278260237483376,0.0256535556330339
O49519,1,0.0177943169841272,0.017808012922053,0.195273633434087,0.329034968436465,0.182755557206116,0.202350509088843,0.0177890259190035,0.0192349619772051,0.0179590140320996
Q949Y2,1,0.010958594584497,0.0108634209055685,0.201065933824697,0.345590420823288,0.190732116702303,0.207372435632648,0.010914245145505,0.0115805895141767,0.0109222428673166
Q38856,1,0.0157645327575989,0.0157219123023219,0.210943725720447,0.291077712911409,0.201860141887229,0.216227119088675,0.0157383978129592,0.016835316656808,0.0158311408625518
F4JJH5,1,0.015882294590105,0.0157958887830018,0.204496502056505,0.310402467411497,0.194682522935135,0.210152346612907,0.0158382247211528,0.0168536310893794,0.0158961218003166
O65405,1,0.0117629770418703,0.0117421547422895,0.155675040818779,0.477659411914259,0.143912872227744,0.162789043813895,0.0117460804338075,0.0128696049056455,0.0118428141017111
Q9SUW0,1,0.0113973755936367,0.0114582806665194,0.207591865007313,0.322723279017708,0.19814667470316,0.213427801709889,0.0114152675538538,0.0122829943464457,0.0115564614014738
Q9SUP6,1,0.0231473548067321,0.0234020548892149,0.184588080990572,0.330400783061345,0.175794825067965,0.189840578870006,0.0232316431635967,0.025911558318399,0.0236831208321699
Q9STX1,1,0.00800101108868269,0.0079443951987434,0.194979484099743,0.378950853714478,0.18349362797596,0.202212766917783,0.00797362695565172,0.00845427983381971,0.00798995421513963
Q9STV0,1,0.0237326403975049,0.0235053339397406,0.19069535095516,0.311523219308411,0.181913518346923,0.195839274720308,0.0236241370092516,0.0254976215557687,0.0236689037669321
O82794,1,0.0179797934031947,0.0177608317521558,0.211595417762768,0.278450358214555,0.203984016554934,0.215734269957167,0.0178804569170309,0.0187837019679822,0.0178311534702118
Q8H1R2,1,0.0290633587790256,0.0291938565349423,0.194576856795644,0.271758585869461,0.186025322085401,0.199235743473246,0.029100579212823,0.0315902063647785,0.0294554908846775
Q6R8G6,1,0.0099290250010288,0.00995023349979194,0.167453320733395,0.451675781910522,0.155237741595932,0.174975539250246,0.00993042332191616,0.010807969305563,0.0100399653816037
P92965,1,0.0139529037654782,0.0139143715861039,0.161807616875184,0.448186438784487,0.15001810524171,0.16887274036735,0.0139272443519184,0.0152864524938463,0.0140341265339219
Q9SUA6,1,0.0213459763575347,0.0213210415227395,0.206305658297885,0.274777726631927,0.201022734544665,0.20965912621239,0.0213266906598497,0.0227689910652171,0.0214720547077916
Q8LAH4,1,0.0143162845415913,0.0142260034165504,0.206693216227659,0.311364914029457,0.197803482034245,0.211922256468165,0.0142722162846097,0.0150948622742327,0.0143067647234896
Q9M0G2,1,0.00835643049908852,0.00829980175748913,0.216830893145054,0.312040510859024,0.205413926046791,0.223642574342842,0.00832923612188282,0.00874372555532711,0.00834290167250186
Q9M0B9,1,0.020301098671741,0.02047971755657,0.17199570938733,0.383042319959783,0.162213553455274,0.177954048278948,0.0203564250957212,0.022926168644238,0.0207309589503946
Q9M095,1,0.0200736599603619,0.0201748646701733,0.183489200856238,0.351133639944181,0.172640460735469,0.189741250326291,0.0200990931837708,0.0222668838822524,0.0203809464412627
Q94B52,1,0.0188440371704858,0.0186876216342336,0.172183477818686,0.391517458144857,0.162232766847112,0.178274207287037,0.0187659792021005,0.0206524159749264,0.0188420359205615
Q5Q0B3,1,0.0319833611941779,0.0317298764218121,0.186019504452551,0.28314775877373,0.178662940892968,0.190203517302863,0.0318623853684129,0.0344440994047578,0.0319465561887269
F4JLI5,1,0.0185955777482482,0.0183213228295852,0.206903447675279,0.288759692405179,0.20006698814403,0.211043261400494,0.0184750083376659,0.0194380866162949,0.018396614843224
A0A178V5W7,1,0.0179646700572037,0.0179140251027636,0.195224657803982,0.328614779552527,0.182583571046068,0.202308961280944,0.0179325542974149,0.0194039135532918,0.0180528673058047
Q84JK2,1,0.0224460419029256,0.0223827700494656,0.17120341957964,0.375775857627276,0.161196107351953,0.177081467692242,0.0224034814646036,0.0249232421110739,0.0225876122208208
O23203,1,0.0172179246977735,0.0172148895398736,0.163952887426587,0.424387851489897,0.153146024588765,0.170395726558488,0.0172033776262588,0.0191020342056045,0.0173792838667529
Q6EJ98,1,0.0178598445879447,0.0176637772126595,0.191040040387043,0.340366167632827,0.182283509118639,0.196214952988245,0.0177689484801479,0.0190421419846107,0.0177606176078838
Q38914,1,0.0239419569125936,0.0238226528827033,0.183270884221807,0.332553287460211,0.173437515836299,0.188974360430278,0.0238766193406424,0.0261015703333427,0.0240211525821223
F4JTP5,1,0.0112150255998727,0.0111734913245463,0.16511972294925,0.451465466622368,0.154907349001003,0.171512918478656,0.0111910170862963,0.0121561178648619,0.0112588910731457
Q0IGM7,1,0.0232946917030417,0.0235871347610074,0.197230422272786,0.29193203477595,0.188805378727569,0.202145637484969,0.0233960610831759,0.0257501426951385,0.0238584964963614
O65670,1,0.0180059411986692,0.0178101185473139,0.185362975125286,0.357658017308385,0.174379511867094,0.191712132704924,0.0179146508457009,0.0192393843532497,0.0179172680493769
Q9SMR1,1,0.0212874859867541,0.021158939614844,0.187787927795562,0.331328239578699,0.180418985296187,0.19240604928587,0.0212209117040024,0.0230706649750594,0.0213207957630221
A0A178W3E5,2,0.196193880636532,0.188831168357348,0.00982623494331761,0.0103270672711711,0.0097539122442619,0.00986568312976168,0.194380134450384,0.190110525985132,0.190711392982091
AT1G15002,2,0.19453727421031,0.168726842822871,0.0239101202942951,0.0256816588391417,0.023688529744206,0.0240317601878147,0.183169138570498,0.188468683200385,0.16778599213048
A0A1P8ARP7,2,0.19414736825505,0.191058529241473,0.00972045848121712,0.0101726077778861,0.00964957063210525,0.00975862845606046,0.194142478496454,0.188294165864131,0.193056192795624
A0A178WPD2,2,0.208227758338861,0.182986607820816,0.00835912678565689,0.00883891449866314,0.00829955645222129,0.00839188634362334,0.19813912477711,0.195010896137287,0.181746128845762
Q9SYD6,2,0.202698972760005,0.180802281400066,0.0108833885365413,0.0115439886320621,0.0108045909228016,0.0109272209798881,0.193854392205291,0.19829751631372,0.180187648249625
Q9LV72,2,0.196730179479302,0.181604256747413,0.0146322811275288,0.0155138308936799,0.0145340345784581,0.014687442693635,0.190741402124011,0.19073468247561,0.180821889880362
Q0WQJ1,2,0.191081245060036,0.173388248591812,0.0218007979982399,0.0232841458548695,0.0216376493664895,0.0218927619562327,0.183674413830703,0.190651609726168,0.172589127615449
Q9FGC8,2,0.209476684520143,0.179281342210799,0.00892387902532025,0.00946413836584454,0.00885811285061738,0.0089601446182818,0.196567060672331,0.200187755020202,0.178280882716461
B3H7G1,2,0.201592046096002,0.176737435599453,0.014516558838904,0.0154996280923403,0.0144038087195524,0.0145795663485968,0.191226223827552,0.195731067619471,0.175713664858129
A0A1P8AX35,2,0.152515957776565,0.190080244304246,0.0170746014206117,0.0177766235358708,0.0169706529701273,0.0171325731871557,0.165948105220304,0.219116300548351,0.203384941036767
Q9SRX4,2,0.153082345861914,0.191201749926311,0.00966952096793172,0.0101864851245349,0.00960185795015424,0.00970644049706955,0.16694439006742,0.24436640037157,0.205240809233095
